0.08175000 0.05048600 -0.03747900 -0.29396800 0.64542000 -0.70499200 -0.47308700 -0.73914900 -0.47942200 -0.83052400 0.19258900 0.52262600
0.08167300 0.05040300 -0.03752200 -0.29121300 0.64472900 -0.70676600 -0.47145800 -0.73956200 -0.48038900 -0.83241900 0.19331500 0.51933300
0.08163300 0.05036200 -0.03753700 -0.29487400 0.64298800 -0.70683400 -0.46726900 -0.74227600 -0.48029500 -0.83349100 0.18865500 0.51932700
0.08151700 0.05030600 -0.03758100 -0.29262400 0.64199500 -0.70866900 -0.46506900 -0.74310300 -0.48115200 -0.83551200 0.18878400 0.51602200
0.08136700 0.05024300 -0.03765200 -0.29183400 0.64255900 -0.70848400 -0.46352800 -0.74294500 -0.48288100 -0.83664500 0.18748100 0.51466100
0.08128300 0.05019400 -0.03770500 -0.29025000 0.64328000 -0.70848000 -0.46212500 -0.74252400 -0.48486800 -0.83797000 0.18667400 0.51279300
0.08109400 0.05005000 -0.03786600 -0.28975500 0.64033300 -0.71134700 -0.44842800 -0.74743400 -0.49015700 -0.84554900 0.17696300 0.50371600
0.08093800 0.04983500 -0.03816400 -0.28149300 0.64175400 -0.71338100 -0.43125900 -0.74874000 -0.50339200 -0.85719100 0.16595100 0.48752700
0.08077300 0.04959300 -0.03864500 -0.26519900 0.64209500 -0.71929200 -0.40608500 -0.75099400 -0.52067400 -0.87450700 0.15401100 0.45990800
0.08067100 0.04946600 -0.03894000 -0.25590700 0.64166800 -0.72303000 -0.39096400 -0.75273600 -0.52965500 -0.88411400 0.14713600 0.44350000
0.08047100 0.04917300 -0.03961800 -0.23957700 0.63813000 -0.73170500 -0.35242800 -0.75940700 -0.54689600 -0.90465300 0.12685000 0.40683200
0.08025200 0.04879100 -0.04039300 -0.22779000 0.62877800 -0.74347000 -0.31294700 -0.77031000 -0.55559400 -0.92204900 0.10610800 0.37224400
0.08010300 0.04857900 -0.04078800 -0.22575500 0.62057600 -0.75094600 -0.29181600 -0.77852800 -0.55564100 -0.92944900 0.09369900 0.35685100
0.07972600 0.04811900 -0.04160900 -0.21846900 0.60305300 -0.76720100 -0.25281100 -0.79432700 -0.55238600 -0.94252700 0.07327700 0.32599400
0.07926200 0.04761200 -0.04239900 -0.20937800 0.58880900 -0.78068200 -0.21702500 -0.80644800 -0.55003600 -0.95344600 0.05426200 0.29663900
0.07864300 0.04694400 -0.04312400 -0.18880700 0.58490200 -0.78882200 -0.18761800 -0.80995800 -0.55566700 -0.96392400 0.04308300 0.26266400
0.07826900 0.04656300 -0.04344000 -0.18109400 0.58439400 -0.79100400 -0.16961900 -0.81080900 -0.56019300 -0.96872700 0.03272200 0.24595700
0.07738800 0.04574400 -0.04395500 -0.16549900 0.58434100 -0.79445200 -0.15334200 -0.81101000 -0.56457700 -0.97421500 0.02838600 0.22382600
0.07628000 0.04495300 -0.04427600 -0.15878000 0.58320500 -0.79665600 -0.15204600 -0.81171000 -0.56392100 -0.97553600 0.03158900 0.21755700
0.07562700 0.04457400 -0.04439700 -0.15836000 0.58451200 -0.79578100 -0.15014600 -0.81083300 -0.56568900 -0.97589800 0.02990100 0.21616600
0.07418000 0.04391200 -0.04460200 -0.15591600 0.58834400 -0.79343500 -0.14379000 -0.80822200 -0.57105200 -0.97724700 0.02505200 0.21061300
0.07260600 0.04337500 -0.04481100 -0.14988800 0.59201400 -0.79186600 -0.13702500 -0.80562300 -0.57636200 -0.97916100 0.02211600 0.20187400
0.07113800 0.04288400 -0.04505100 -0.12971700 0.59902000 -0.79015600 -0.14462400 -0.79979700 -0.58258600 -0.98094600 0.03870400 0.19038000
0.07044000 0.04262000 -0.04520100 -0.11979800 0.60245600 -0.78911000 -0.13988000 -0.79714700 -0.58735700 -0.98289400 0.04001600 0.17976800
0.06930800 0.04197800 -0.04555400 -0.08563500 0.60397400 -0.79239000 -0.13047600 -0.79526000 -0.59206100 -0.98774600 0.05268700 0.14690600
0.06856200 0.04115100 -0.04598400 -0.07408000 0.59875000 -0.79750200 -0.07130600 -0.80083200 -0.59462700 -0.99469900 0.01281700 0.10202000
0.06831300 0.04070300 -0.04621200 -0.07230300 0.59203800 -0.80265900 -0.03443800 -0.80576800 -0.59122900 -0.99678700 -0.01510500 0.07864800
0.06789000 0.03985000 -0.04667400 -0.05904900 0.58206900 -0.81099200 0.02821400 -0.81111200 -0.58420900 -0.99785500 -0.05737900 0.03147300
0.06750700 0.03919300 -0.04706800 -0.05524700 0.56866700 -0.82070900 0.09261300 -0.81550300 -0.57129400 -0.99416700 -0.10757100 -0.00761200
0.06717200 0.03872000 -0.04740900 -0.06403100 0.53853500 -0.84016600 0.16199700 -0.82511800 -0.54123600 -0.98471100 -0.17076000 -0.03440800
0.06700100 0.03857000 -0.04751200 -0.07071100 0.52370600 -0.84895800 0.20561800 -0.82515800 -0.52615000 -0.97607300 -0.21176600 -0.04933500
0.06662900 0.03844300 -0.04755900 -0.06825500 0.49492600 -0.86624900 0.27905400 -0.82414700 -0.49285900 -0.95784600 -0.27537000 -0.08186000
0.06628600 0.03854200 -0.04753300 -0.05542800 0.47083900 -0.88047500 0.34286800 -0.81923200 -0.45967300 -0.93774600 -0.32736600 -0.11602800
0.06615100 0.03862900 -0.04749700 -0.04774100 0.45926600 -0.88701400 0.37016000 -0.81666400 -0.44276400 -0.92774000 -0.34947600 -0.13101300
0.06584200 0.03882700 -0.04736500 -0.02849200 0.42469800 -0.90488600 0.42000400 -0.81638000 -0.39638300 -0.90707400 -0.39135000 -0.15511500
0.06547800 0.03906600 -0.04721900 -0.01008500 0.38846100 -0.92140900 0.46115200 -0.81580900 -0.34898800 -0.88726200 -0.42843000 -0.17091300
0.06524300 0.03918800 -0.04715100 0.00146800 0.37394200 -0.92745000 0.47427800 -0.81676500 -0.32856400 -0.88037300 -0.43938800 -0.17855200
0.06482700 0.03929600 -0.04706700 0.02610400 0.35529000 -0.93439100 0.50094100 -0.81353000 -0.29534000 -0.86508700 -0.46036600 -0.19921600
0.06456300 0.03916100 -0.04705000 0.05168900 0.34911000 -0.93565400 0.52693400 -0.80540600 -0.27140300 -0.84833200 -0.47900000 -0.22558900
0.06446600 0.03896900 -0.04710900 0.07684400 0.34098300 -0.93692300 0.55170600 -0.79727000 -0.24490800 -0.83049000 -0.49808700 -0.24938800
0.06448900 0.03887500 -0.04718400 0.08619900 0.33932300 -0.93671100 0.56314100 -0.79219600 -0.23515000 -0.82185200 -0.50723100 -0.25937400
0.06461100 0.03862900 -0.04738000 0.09363700 0.34097100 -0.93539800 0.57899700 -0.78296200 -0.22744500 -0.80993400 -0.52029600 -0.27073600
0.06481200 0.03828400 -0.04760300 0.09702900 0.32724400 -0.93994400 0.57961800 -0.78630800 -0.21392200 -0.80909000 -0.52405200 -0.26597100
0.06490700 0.03808800 -0.04770600 0.09859000 0.31401200 -0.94428500 0.57971700 -0.78938700 -0.20197500 -0.80883000 -0.52750600 -0.25986400
0.06509100 0.03772100 -0.04793300 0.10154500 0.29155000 -0.95115000 0.57932300 -0.79458400 -0.18171000 -0.80874700 -0.53257200 -0.24958800
0.06516700 0.03746000 -0.04814700 0.10409300 0.27513100 -0.95575400 0.57795700 -0.79879600 -0.16700100 -0.80940000 -0.53500200 -0.24216300
0.06516400 0.03736900 -0.04834400 0.10788600 0.25972900 -0.95963500 0.57184000 -0.80581700 -0.15380900 -0.81323900 -0.53216400 -0.23546000
0.06514700 0.03737600 -0.04842200 0.10889900 0.25365900 -0.96114300 0.57136700 -0.80718600 -0.14829100 -0.81343700 -0.53301700 -0.23283400
0.06507000 0.03750200 -0.04854300 0.11489300 0.24284400 -0.96323700 0.56615400 -0.81277000 -0.13738000 -0.81625200 -0.52955700 -0.23086900
0.06492100 0.03775600 -0.04865400 0.12930700 0.22805500 -0.96502300 0.55180600 -0.82513800 -0.12105900 -0.82388600 -0.51685200 -0.23253900
0.06482700 0.03791200 -0.04872600 0.13843600 0.21842600 -0.96598400 0.54217100 -0.83295000 -0.11064500 -0.82878500 -0.50841100 -0.23373500
0.06463200 0.03825200 -0.04892300 0.15914900 0.20774000 -0.96515000 0.53779500 -0.83807200 -0.09170700 -0.82791700 -0.50445800 -0.24510000
0.06446100 0.03867000 -0.04920500 0.18928000 0.19841400 -0.96166700 0.53372000 -0.84285300 -0.06885000 -0.82420500 -0.50022900 -0.26543400
0.06440200 0.03916200 -0.04959200 0.22197200 0.19120200 -0.95612100 0.52967300 -0.84693000 -0.04639800 -0.81864000 -0.49613400 -0.28927000
0.06440200 0.03943400 -0.04982400 0.23799800 0.18707600 -0.95307800 0.52508700 -0.85029500 -0.03577800 -0.81709100 -0.49193500 -0.30060000
0.06441200 0.04002700 -0.05036600 0.26404100 0.17918200 -0.94772100 0.52059800 -0.85364400 -0.01635300 -0.81194700 -0.48906400 -0.31867900
0.06444200 0.04061000 -0.05095500 0.28857900 0.16891400 -0.94243700 0.51061100 -0.85980800 0.00224800 -0.80993600 -0.48186800 -0.33437200
0.06446900 0.04090500 -0.05127000 0.29925300 0.16369600 -0.94002600 0.50559000 -0.86270700 0.01072100 -0.80921200 -0.47847600 -0.34093100
0.06452100 0.04142400 -0.05185000 0.31410300 0.15364300 -0.93687300 0.49556300 -0.86824600 0.02375800 -0.80978600 -0.47174300 -0.34885900
0.06453800 0.04180000 -0.05232800 0.32151200 0.14546800 -0.93566400 0.49041000 -0.87086100 0.03312100 -0.81001600 -0.46950800 -0.35133200
0.06452000 0.04197100 -0.05268000 0.32768200 0.13984700 -0.93438000 0.48974100 -0.87088300 0.04140600 -0.80794600 -0.47117300 -0.35386200
0.06447800 0.04197100 -0.05277300 0.32824600 0.13489700 -0.93490900 0.48404900 -0.87394100 0.04385000 -0.81114100 -0.46693600 -0.35216400
0.06433500 0.04190300 -0.05282300 0.32894700 0.12757000 -0.93569100 0.47726200 -0.87744000 0.04815600 -0.81487000 -0.46241100 -0.34951600
0.06414200 0.04184500 -0.05279700 0.32899700 0.12318900 -0.93626000 0.47573200 -0.87807300 0.05163600 -0.81574400 -0.46239800 -0.34748900
0.06402700 0.04180900 -0.05275100 0.32896500 0.12113800 -0.93653900 0.47488200 -0.87844000 0.05318200 -0.81625100 -0.46224100 -0.34650300
0.06383300 0.04170200 -0.05262300 0.32642400 0.12210500 -0.93730200 0.46846700 -0.88216300 0.04822600 -0.82096500 -0.45483800 -0.34516200
0.06369900 0.04161000 -0.05252500 0.32629800 0.12379800 -0.93712400 0.46760500 -0.88272900 0.04620400 -0.82150700 -0.45328100 -0.34592200
0.06363100 0.04152600 -0.05244400 0.32665900 0.12343800 -0.93704600 0.46154500 -0.88601500 0.04418100 -0.82478400 -0.44692200 -0.34639700
0.06361800 0.04150400 -0.05242400 0.32661700 0.12262100 -0.93716800 0.46120400 -0.88616200 0.04478900 -0.82499100 -0.44685500 -0.34598900
0.06360600 0.04149200 -0.05241300 0.32663400 0.12424100 -0.93694900 0.46076600 -0.88647400 0.04308200 -0.82522900 -0.44578700 -0.34679900
0.06354200 0.04153000 -0.05240800 0.32381800 0.12226800 -0.93818400 0.46052600 -0.88658300 0.04340900 -0.82647200 -0.44611600 -0.34340000
0.06348600 0.04154900 -0.05240700 0.32392500 0.12092800 -0.93832200 0.46015500 -0.88671800 0.04457600 -0.82663700 -0.44621300 -0.34287600
0.06332400 0.04156500 -0.05239300 0.32397700 0.11830100 -0.93863800 0.45933300 -0.88703200 0.04674500 -0.82707300 -0.44629200 -0.34171800
0.06310100 0.04160800 -0.05239700 0.32408500 0.11492300 -0.93902100 0.45839500 -0.88736200 0.04960600 -0.82755100 -0.44652000 -0.34026100
0.06297500 0.04162600 -0.05241000 0.32415100 0.11342000 -0.93918100 0.45801000 -0.88748800 0.05090100 -0.82773900 -0.44665400 -0.33962800
0.06271200 0.04161300 -0.05242100 0.32427100 0.11588200 -0.93883800 0.45697100 -0.88817300 0.04820800 -0.82826500 -0.44465500 -0.34096400
0.06243600 0.04153700 -0.05246600 0.32439200 0.12127600 -0.93811500 0.45619900 -0.88884500 0.04284200 -0.82864400 -0.44186500 -0.34366100
0.06213400 0.04139400 -0.05256100 0.32757200 0.12535500 -0.93647300 0.45505700 -0.88955800 0.04010200 -0.82802000 -0.43928500 -0.34843900
0.06197900 0.04131900 -0.05262300 0.33039800 0.12415400 -0.93564000 0.45440700 -0.88978400 0.04239400 -0.82725400 -0.43916900 -0.35040000
0.06165400 0.04114700 -0.05275600 0.33337900 0.12454500 -0.93452900 0.45331100 -0.89031100 0.04306000 -0.82665900 -0.43798800 -0.35326900
0.06133700 0.04099900 -0.05288500 0.33617800 0.12772900 -0.93309600 0.45221600 -0.89096600 0.04096300 -0.82612500 -0.43573200 -0.35728500
0.06118200 0.04094300 -0.05294700 0.33606300 0.12650900 -0.93330400 0.45192200 -0.89107000 0.04194300 -0.82633300 -0.43587700 -0.35662800
0.06089400 0.04085500 -0.05302100 0.33612400 0.12687500 -0.93323200 0.45114300 -0.89149500 0.04128900 -0.82673400 -0.43490000 -0.35689200
0.06065400 0.04080000 -0.05306100 0.34205000 0.12747300 -0.93099500 0.44969600 -0.89214200 0.04306600 -0.82509000 -0.43339600 -0.36248100
0.06048200 0.04079400 -0.05307900 0.34694400 0.12882300 -0.92899500 0.44858800 -0.89266700 0.04374500 -0.82364800 -0.43191400 -0.36749500
0.06042600 0.04082300 -0.05309100 0.34770300 0.12860300 -0.92874200 0.44847600 -0.89269600 0.04428900 -0.82339000 -0.43191800 -0.36806900
0.06035200 0.04090900 -0.05311200 0.35331400 0.12779800 -0.92673400 0.44773200 -0.89290100 0.04756400 -0.82140300 -0.43173400 -0.37269400
0.06032800 0.04096200 -0.05313700 0.35323600 0.12718300 -0.92684800 0.44768400 -0.89289700 0.04809500 -0.82146300 -0.43192400 -0.37234200
0.06032900 0.04098100 -0.05316000 0.35327000 0.12667200 -0.92690500 0.44763500 -0.89289500 0.04858300 -0.82147500 -0.43207800 -0.37213700
0.06037300 0.04100400 -0.05321500 0.35336300 0.12540400 -0.92704200 0.44745800 -0.89291800 0.04977100 -0.82153200 -0.43239900 -0.37163800
0.06044000 0.04100900 -0.05328100 0.35345200 0.12377500 -0.92722700 0.44716300 -0.89298200 0.05125200 -0.82165400 -0.43273700 -0.37097400
0.06051700 0.04099400 -0.05336700 0.35360700 0.12853200 -0.92652000 0.44708400 -0.89327000 0.04671000 -0.82162900 -0.43075100 -0.37333200
0.06055000 0.04096200 -0.05341100 0.35369200 0.13408200 -0.92570100 0.44711800 -0.89351500 0.04141600 -0.82157500 -0.42854700 -0.37598000
0.06059300 0.04085900 -0.05352500 0.35386900 0.14554300 -0.92390000 0.44726900 -0.89387800 0.03049800 -0.82141700 -0.42402400 -0.38141400
0.06060000 0.04070600 -0.05365500 0.35402400 0.15696100 -0.92197000 0.44739100 -0.89412400 0.01957200 -0.82128400 -0.41941000 -0.38676500
0.06058600 0.04062400 -0.05372700 0.35407800 0.15985400 -0.92145200 0.44748100 -0.89413400 0.01683400 -0.82121100 -0.41829300 -0.38812600
0.06055500 0.04044800 -0.05388000 0.35415200 0.16220600 -0.92101300 0.44745100 -0.89418900 0.01457400 -0.82119600 -0.41727000 -0.38925800
0.06054000 0.04033200 -0.05402800 0.35424400 0.16101400 -0.92118600 0.44729100 -0.89424900 0.01570100 -0.82124300 -0.41760100 -0.38880300
0.06051800 0.04032400 -0.05415900 0.35442300 0.15965100 -0.92135400 0.44724000 -0.89425000 0.01708800 -0.82119400 -0.41812300 -0.38834600
0.06052600 0.04033900 -0.05422000 0.35452400 0.15916200 -0.92140000 0.44730600 -0.89420600 0.01764400 -0.82111400 -0.41840400 -0.38821100
0.06058100 0.04035800 -0.05434300 0.35541500 0.15633700 -0.92154100 0.44226600 -0.89669400 0.01845000 -0.82345600 -0.41412300 -0.38784100
0.06064500 0.04041000 -0.05448000 0.35634000 0.15277500 -0.92178100 0.43702700 -0.89922700 0.01990800 -0.82585000 -0.40993700 -0.38719800
0.06068500 0.04044700 -0.05454900 0.35713800 0.14991500 -0.92194100 0.43178300 -0.90174000 0.02063300 -0.82825900 -0.40544800 -0.38677700
0.06076900 0.04051700 -0.05469200 0.35861800 0.14450600 -0.92223100 0.42177600 -0.90643300 0.02198100 -0.83276400 -0.39685800 -0.38601200
0.06088300 0.04054900 -0.05483400 0.35899600 0.14667700 -0.92174100 0.42168400 -0.90652200 0.01998100 -0.83264800 -0.39585700 -0.38728900
0.06099900 0.04052400 -0.05497400 0.36017600 0.15273000 -0.92029600 0.41671200 -0.90895500 0.01224000 -0.83463900 -0.38790700 -0.39102800
0.06104700 0.04050200 -0.05504100 0.36094700 0.15091800 -0.92029300 0.41156800 -0.91129900 0.01197700 -0.83685600 -0.38308700 -0.39104400
0.06107300 0.04045500 -0.05514900 0.36170800 0.14852300 -0.92038400 0.40638200 -0.91362000 0.01227500 -0.83905900 -0.37846800 -0.39082100
0.06106400 0.04041100 -0.05525600 0.36175400 0.14742500 -0.92054200 0.40628300 -0.91364900 0.01334000 -0.83908600 -0.37882700 -0.39041300
0.06104500 0.04039900 -0.05530600 0.36177700 0.14669300 -0.92065000 0.40617900 -0.91368500 0.01402800 -0.83912700 -0.37902400 -0.39013400
0.06102100 0.04038000 -0.05542700 0.36205400 0.14870100 -0.92021900 0.40625100 -0.91367900 0.01219300 -0.83897300 -0.37825500 -0.39121100
0.06103700 0.04032800 -0.05560500 0.36257300 0.15418100 -0.91911200 0.40664000 -0.91356000 0.00716200 -0.83856000 -0.37634500 -0.39392800
0.06109800 0.04024800 -0.05586100 0.36317200 0.15978500 -0.91791800 0.40728100 -0.91330000 0.00215900 -0.83799000 -0.37463500 -0.39676300
0.06114000 0.04017800 -0.05601500 0.36363900 0.16535800 -0.91674500 0.40760000 -0.91315500 -0.00303000 -0.83763100 -0.37256400 -0.39945900
0.06121600 0.04003600 -0.05633700 0.36425900 0.17089500 -0.91548300 0.40834200 -0.91279400 -0.00791900 -0.83700100 -0.37094600 -0.40227700
0.06126600 0.03993700 -0.05667400 0.36576000 0.17402100 -0.91429500 0.40369800 -0.91480500 -0.01262100 -0.83859800 -0.36448300 -0.40485100
0.06127600 0.03992000 -0.05683600 0.36755800 0.16940200 -0.91444100 0.39329400 -0.91933100 -0.01222400 -0.84274500 -0.35515200 -0.40453300
0.06131500 0.03993900 -0.05715800 0.37007200 0.17048200 -0.91322500 0.38346000 -0.92340100 -0.01699000 -0.84617000 -0.34389800 -0.40709800
0.06142500 0.04001300 -0.05747200 0.37084700 0.17363800 -0.91231600 0.38482000 -0.92279100 -0.01920600 -0.84521300 -0.34395500 -0.40903400
0.06160000 0.04017600 -0.05776400 0.37336100 0.17279000 -0.91145100 0.37553400 -0.92655100 -0.02182100 -0.84827700 -0.33413500 -0.41082700
0.06170700 0.04030400 -0.05790800 0.37449000 0.17064800 -0.91139200 0.37087400 -0.92843500 -0.02144800 -0.84982800 -0.32998000 -0.41097900
0.06194600 0.04064400 -0.05820900 0.36739500 0.16415700 -0.91546200 0.35256600 -0.93541800 -0.02624300 -0.86064900 -0.31311900 -0.40154400
0.06223300 0.04103400 -0.05853400 0.35861700 0.15626100 -0.92031200 0.32454500 -0.94525700 -0.03403100 -0.87525000 -0.28647900 -0.38969900
0.06237500 0.04121400 -0.05868900 0.35438800 0.15277000 -0.92253400 0.31031900 -0.94986900 -0.03808900 -0.88210500 -0.27278100 -0.38403000
0.06270000 0.04155900 -0.05903100 0.35206600 0.14857900 -0.92410600 0.29201300 -0.95547500 -0.04237200 -0.88925600 -0.25493400 -0.37977800
0.06301300 0.04185700 -0.05938700 0.35229000 0.14359000 -0.92480900 0.27767500 -0.95970100 -0.04323100 -0.89374900 -0.24156700 -0.37796500
0.06314800 0.04204000 -0.05958100 0.35169900 0.13799700 -0.92588500 0.26264600 -0.96389300 -0.04389500 -0.89851200 -0.22774200 -0.37524500
0.06340900 0.04248300 -0.06000000 0.34540300 0.12927800 -0.92950700 0.23280300 -0.97130900 -0.04858300 -0.90911900 -0.19961100 -0.36559000
0.06366600 0.04293300 -0.06042600 0.33363100 0.12512600 -0.93436200 0.20529700 -0.97700600 -0.05753100 -0.92007700 -0.17262800 -0.35164800
0.06389900 0.04339000 -0.06085200 0.31897200 0.11997300 -0.94013900 0.16440500 -0.98392100 -0.06978000 -0.93339500 -0.13230600 -0.33356800
0.06400200 0.04357600 -0.06102600 0.31081900 0.12200600 -0.94260500 0.15536000 -0.98491000 -0.07625300 -0.93768500 -0.12274300 -0.32508400
0.06416300 0.04388600 -0.06131000 0.28643800 0.12029200 -0.95051600 0.12088800 -0.98869500 -0.08869400 -0.95044100 -0.08950100 -0.29774300
0.06426000 0.04416800 -0.06150600 0.26581400 0.12031200 -0.95648600 0.08548900 -0.99121400 -0.10092200 -0.96022500 -0.05494200 -0.27376500
0.06427900 0.04427600 -0.06155700 0.25459500 0.11611800 -0.96005000 0.07004900 -0.99237000 -0.10145000 -0.96450600 -0.04142200 -0.26078700
0.06430200 0.04440900 -0.06162600 0.22568600 0.10690800 -0.96831600 0.03273600 -0.99423100 -0.10214000 -0.97364900 -0.00864800 -0.22788400
0.06431800 0.04448800 -0.06161200 0.19989400 0.10990700 -0.97363300 0.00655300 -0.99381600 -0.11084000 -0.97979500 0.01577700 -0.19937900
0.06433100 0.04452400 -0.06154600 0.16658000 0.11362700 -0.97945800 -0.02092700 -0.99270600 -0.11872400 -0.98580500 0.04027400 -0.16298800
0.06433800 0.04457000 -0.06150200 0.15239500 0.11777800 -0.98127600 -0.03800900 -0.99144000 -0.12490100 -0.98758800 0.05633200 -0.14661400
0.06438200 0.04470300 -0.06138000 0.13342700 0.12253500 -0.98345300 -0.05527600 -0.98986100 -0.13083300 -0.98951500 0.07181800 -0.12530100
0.06442800 0.04477900 -0.06123200 0.10884100 0.11708600 -0.98713900 -0.06840700 -0.98980200 -0.12494500 -0.99170200 0.08112600 -0.09972200
0.06443900 0.04483000 -0.06117400 0.09705100 0.11697000 -0.98838100 -0.08108800 -0.98883900 -0.12498600 -0.99197000 0.09227600 -0.08648300
0.06447200 0.04491200 -0.06105200 0.07654700 0.12740700 -0.98889200 -0.09880900 -0.98595000 -0.13467600 -0.99215700 0.10802000 -0.06288300
0.06452000 0.04494100 -0.06094800 0.04752400 0.13572800 -0.98960500 -0.12689900 -0.98187600 -0.14076200 -0.99077500 0.13226900 -0.02943900
0.06453900 0.04495100 -0.06083500 0.01823600 0.14387600 -0.98942700 -0.15353200 -0.97745200 -0.14496400 -0.98797500 0.15455200 0.00426500
0.06454200 0.04494600 -0.06078400 0.00831500 0.14857600 -0.98886500 -0.16050400 -0.97587900 -0.14797500 -0.98699900 0.15994700 0.01573300
0.06456500 0.04494200 -0.06071000 0.00006900 0.14867700 -0.98888500 -0.17298300 -0.97397600 -0.14644800 -0.98492400 0.17107000 0.02565100
0.06458400 0.04496200 -0.06069600 -0.00249300 0.14524600 -0.98939200 -0.17291300 -0.97455400 -0.14263200 -0.98493300 0.17072200 0.02754500
0.06458500 0.04496900 -0.06070300 -0.00333700 0.14425500 -0.98953400 -0.17285100 -0.97472800 -0.14151400 -0.98494100 0.17057000 0.02818700
0.06457900 0.04495800 -0.06071600 -0.00041100 0.14337600 -0.98966800 -0.17241500 -0.97485700 -0.14115900 -0.98502400 0.17057500 0.02512100
0.06457400 0.04495800 -0.06071600 -0.00186600 0.13997500 -0.99015200 -0.18402000 -0.97329300 -0.13724500 -0.98292000 0.18195100 0.02757400
0.06457400 0.04495800 -0.06071600 -0.00078700 0.14119300 -0.98998100 -0.18385100 -0.97312600 -0.13864400 -0.98295300 0.18190000 0.02672400
0.06457500 0.04496700 -0.06072800 -0.00038400 0.14161900 -0.98992000 -0.18360800 -0.97310100 -0.13914100 -0.98299800 0.18170400 0.02637600
0.06456100 0.04495800 -0.06073400 0.00058600 0.14270800 -0.98976400 -0.18344100 -0.97295300 -0.14039300 -0.98302900 0.18164600 0.02560800
0.06455100 0.04495000 -0.06074000 0.00255200 0.14025400 -0.99011100 -0.18321900 -0.97328800 -0.13834300 -0.98306800 0.18176000 0.02321300
0.06453300 0.04490700 -0.06077000 0.00342900 0.14145600 -0.98993800 -0.18309200 -0.97312100 -0.13968700 -0.98308900 0.18172800 0.02256200
0.06451300 0.04486500 -0.06080400 0.00505300 0.14249000 -0.98978200 -0.18870400 -0.97187600 -0.14087600 -0.98202000 0.18748800 0.02197700
0.06450200 0.04485300 -0.06081900 0.00456600 0.14194000 -0.98986400 -0.18868300 -0.97197100 -0.14024500 -0.98202700 0.18741100 0.02234300
0.06448700 0.04483100 -0.06083400 0.00344800 0.14071000 -0.99004400 -0.18868600 -0.97217400 -0.13882700 -0.98203100 0.18728600 0.02319700
0.06447000 0.04482900 -0.06084200 0.00476300 0.14136500 -0.98994500 -0.19429600 -0.97095900 -0.13958900 -0.98093000 0.19300700 0.02284100
0.06446400 0.04483000 -0.06084700 0.00591300 0.14261100 -0.98976000 -0.19410500 -0.97078900 -0.14103700 -0.98096200 0.19295200 0.02194100
0.06446800 0.04481400 -0.06085200 0.00567700 0.14237400 -0.98979600 -0.19412800 -0.97082400 -0.14075900 -0.98095900 0.19294600 0.02212700
0.06445400 0.04478400 -0.06087900 0.00812100 0.14503900 -0.98939200 -0.19381600 -0.97043300 -0.14385100 -0.98100400 0.19292800 0.02023000
0.06443000 0.04475100 -0.06092500 0.01042700 0.14296800 -0.98967200 -0.19352000 -0.97072500 -0.14227000 -0.98104000 0.19300500 0.01754600
0.06441800 0.04473200 -0.06095600 0.01017300 0.14280600 -0.98969800 -0.19346000 -0.97076800 -0.14206300 -0.98105500 0.19291200 0.01775100
0.06439000 0.04469200 -0.06101400 0.01201800 0.14394200 -0.98951200 -0.19896000 -0.96945200 -0.14344100 -0.97993300 0.19859800 0.01698800
0.06436800 0.04464600 -0.06105700 0.01322000 0.14521800 -0.98931100 -0.19874200 -0.96927500 -0.14493300 -0.97996200 0.19853300 0.01604700
0.06435000 0.04460200 -0.06108200 0.01238400 0.14433400 -0.98945000 -0.19878000 -0.96942100 -0.14390100 -0.97996500 0.19846500 0.01668500
0.06434400 0.04459000 -0.06109000 0.01203600 0.14396100 -0.98950900 -0.19878400 -0.96948500 -0.14346600 -0.97996900 0.19842500 0.01694800
0.06434000 0.04458000 -0.06109700 0.01328400 0.14531200 -0.98929600 -0.19861600 -0.96928500 -0.14504000 -0.97998600 0.19841700 0.01598500
0.06434500 0.04458000 -0.06109700 0.01459300 0.14673100 -0.98906800 -0.19844500 -0.96907100 -0.14669300 -0.98000300 0.19841600 0.01497600
0.06434500 0.04458100 -0.06109600 0.01418300 0.14629100 -0.98913900 -0.19845300 -0.96914700 -0.14618000 -0.98000700 0.19837100 0.01528600
0.06434300 0.04457300 -0.06109600 0.01386600 0.14512000 -0.98931600 -0.20427600 -0.96813200 -0.14487600 -0.97881400 0.20410300 0.01622000
0.06434500 0.04455400 -0.06110900 0.01250200 0.14367700 -0.98954500 -0.20429200 -0.96838100 -0.14318600 -0.97882900 0.20394600 0.01724500
0.06436000 0.04452100 -0.06114200 0.01337700 0.14460800 -0.98939800 -0.20407600 -0.96826400 -0.14427900 -0.97886300 0.20384300 0.01655800
0.06436300 0.04449300 -0.06116100 0.01301300 0.14423000 -0.98945800 -0.20407900 -0.96832900 -0.14383500 -0.97886700 0.20379900 0.01683300
0.06434800 0.04442500 -0.06120900 0.01373700 0.14501800 -0.98933300 -0.20392500 -0.96822500 -0.14475500 -0.97888900 0.20373900 0.01627200
0.06432200 0.04436600 -0.06125500 0.01605100 0.14576500 -0.98918800 -0.21527600 -0.96560900 -0.14578400 -0.97642000 0.21528900 0.01588000
0.06430700 0.04433200 -0.06127900 0.01594700 0.14565600 -0.98920600 -0.21526400 -0.96563100 -0.14565500 -0.97642500 0.21526300 0.01595600
0.06426400 0.04424600 -0.06133900 0.01444200 0.14690900 -0.98904400 -0.22687600 -0.96286700 -0.14633300 -0.97381600 0.22650400 0.01942500
0.06422700 0.04416300 -0.06139700 0.01461900 0.14604100 -0.98917000 -0.23259900 -0.96164000 -0.14541400 -0.97246200 0.23220600 0.01991100
0.06417600 0.04407000 -0.06146300 0.01405400 0.14466800 -0.98937900 -0.23834100 -0.96047200 -0.14382700 -0.97107900 0.23783100 0.02098200
0.06415100 0.04402800 -0.06149800 0.01555300 0.14614600 -0.98914000 -0.23812400 -0.96025500 -0.14562300 -0.97110900 0.23780300 0.01986600
0.06410100 0.04396400 -0.06154900 0.01692100 0.14748400 -0.98891900 -0.23791600 -0.96005800 -0.14725100 -0.97113800 0.23777100 0.01884300
0.06404700 0.04392000 -0.06157500 0.01873800 0.14928300 -0.98861600 -0.23774700 -0.95976300 -0.14943200 -0.97114600 0.23784000 0.01750700
0.06401100 0.04391300 -0.06158700 0.01900100 0.14867200 -0.98870300 -0.24346000 -0.95842800 -0.14879800 -0.96972400 0.24353800 0.01798400
0.06395900 0.04389800 -0.06159300 0.01915900 0.14716200 -0.98892600 -0.25492000 -0.95569800 -0.14715600 -0.96677200 0.25491600 0.01920400
0.06392800 0.04387000 -0.06157700 0.01995200 0.14556000 -0.98914800 -0.27215800 -0.95119300 -0.14546500 -0.96204500 0.27210700 0.02063700
0.06394700 0.04382300 -0.06156100 0.01707300 0.14726900 -0.98894800 -0.27240100 -0.95099200 -0.14632000 -0.96203100 0.27188900 0.02388000
0.06397300 0.04380700 -0.06156000 0.01931600 0.14917900 -0.98862100 -0.27220800 -0.95066700 -0.14877100 -0.96204400 0.27198400 0.02224400
0.06405600 0.04374700 -0.06159900 0.02011500 0.15352000 -0.98793900 -0.27770000 -0.94840000 -0.15303000 -0.96045600 0.27742900 0.02355500
0.06413600 0.04364600 -0.06166700 0.01835000 0.15583100 -0.98761200 -0.27770100 -0.94811900 -0.15475900 -0.96049100 0.27710100 0.02587600
0.06415300 0.04358700 -0.06170100 0.01760500 0.16141100 -0.98672900 -0.28328600 -0.94563700 -0.15974400 -0.95887300 0.28233900 0.02907700
0.06416900 0.04345400 -0.06175800 0.01433000 0.17072000 -0.98521500 -0.28898900 -0.94255900 -0.16753200 -0.95722400 0.28711700 0.03582900
0.06423200 0.04332600 -0.06182100 0.01029600 0.18238200 -0.98317300 -0.29465000 -0.93901700 -0.17727700 -0.95554900 0.29151700 0.04407100
0.06435500 0.04318600 -0.06184900 0.00590800 0.19422700 -0.98093800 -0.29485800 -0.93700300 -0.18730400 -0.95552200 0.29034400 0.05173300
0.06447200 0.04309900 -0.06185300 0.00690900 0.20019300 -0.97973200 -0.30043700 -0.93407400 -0.19298200 -0.95377600 0.29568100 0.05369200
0.06488900 0.04285200 -0.06182200 0.00704500 0.20821700 -0.97805600 -0.30090100 -0.93230800 -0.20064500 -0.95362800 0.29571200 0.05608400
0.06559400 0.04251900 -0.06177800 0.00467500 0.21541000 -0.97651200 -0.30203000 -0.93061200 -0.20673100 -0.95328600 0.29590300 0.06071000
0.06606700 0.04233600 -0.06177400 0.00369700 0.22004700 -0.97548100 -0.30256900 -0.92951800 -0.21082500 -0.95311900 0.29593000 0.06314300
0.06728500 0.04195600 -0.06184100 0.00023000 0.23342200 -0.97237500 -0.30356700 -0.92647200 -0.22247400 -0.95280900 0.29523200 0.07064600
0.06874200 0.04162800 -0.06203100 -0.00425200 0.25048200 -0.96811100 -0.30418000 -0.92256800 -0.23736300 -0.95260400 0.29347100 0.08011400
0.07043900 0.04126300 -0.06227400 -0.00937300 0.27058300 -0.96265000 -0.30501500 -0.91758700 -0.25494600 -0.95230100 0.29123400 0.09113200
0.07139200 0.04104900 -0.06240500 -0.01229200 0.28208900 -0.95930900 -0.30570700 -0.91450400 -0.26499600 -0.95204500 0.29001100 0.09747800
0.07349600 0.04060300 -0.06266600 -0.01707300 0.30522600 -0.95212600 -0.30726700 -0.90778600 -0.28550200 -0.95147000 0.28768200 0.10928500
0.07562300 0.04022200 -0.06289300 -0.02410700 0.33113200 -0.94327600 -0.30960000 -0.89963500 -0.30790000 -0.95056000 0.28461600 0.12420600
0.07672000 0.04007200 -0.06298900 -0.02887700 0.34554400 -0.93795700 -0.31113000 -0.89484300 -0.32008200 -0.94992800 0.28258400 0.13334900
0.07889100 0.03984400 -0.06312200 -0.04239100 0.37523700 -0.92595800 -0.31588600 -0.88428300 -0.34388800 -0.94784900 0.27791900 0.15601700
0.08092800 0.03969400 -0.06313700 -0.05469500 0.40558900 -0.91241700 -0.32180400 -0.87218700 -0.36841500 -0.94522400 0.27346900 0.17822400
0.08186100 0.03966400 -0.06310500 -0.06625800 0.41690300 -0.90653200 -0.32717400 -0.86737700 -0.37498300 -0.94263700 0.27174900 0.19387000
0.08356200 0.03971900 -0.06296500 -0.08624800 0.43583800 -0.89588200 -0.33865700 -0.85851200 -0.38505500 -0.93694800 0.27018600 0.22164400
0.08508000 0.03990700 -0.06274100 -0.10662500 0.44587700 -0.88872000 -0.35092100 -0.85317200 -0.38594000 -0.93031400 0.27072000 0.24743700
0.08625100 0.04014300 -0.06241500 -0.12794700 0.44615400 -0.88576200 -0.36041200 -0.85296100 -0.37757100 -0.92397600 0.27093000 0.26993400
0.08677500 0.04027100 -0.06221400 -0.13878800 0.44828000 -0.88305200 -0.36431500 -0.85226400 -0.37539200 -0.92087500 0.26961000 0.28159900
0.08756400 0.04056100 -0.06181600 -0.16543300 0.45577300 -0.87458600 -0.36000600 -0.85351800 -0.37669700 -0.91816500 0.25253800 0.30528100
0.08797500 0.04084500 -0.06136600 -0.18914900 0.46559900 -0.86454600 -0.36551400 -0.85055400 -0.37809500 -0.91138400 0.24448800 0.33106400
0.08810000 0.04097300 -0.06111100 -0.20052300 0.47066700 -0.85922100 -0.36842000 -0.84888500 -0.37902400 -0.90777500 0.24055100 0.34362400
0.08822500 0.04113700 -0.06056700 -0.21802900 0.47805400 -0.85083900 -0.37338000 -0.84634500 -0.37985000 -0.90169300 0.23486800 0.36302300
0.08822600 0.04118700 -0.06002300 -0.22872200 0.48285800 -0.84530000 -0.37615800 -0.84471300 -0.38074200 -0.89788100 0.23088200 0.37483500
0.08813000 0.04117200 -0.05953800 -0.23557200 0.48048500 -0.84477200 -0.37750100 -0.84621900 -0.37603900 -0.89554300 0.23031800 0.38072900
0.08806600 0.04115000 -0.05932200 -0.23766700 0.47895300 -0.84505400 -0.37793400 -0.84702600 -0.37377900 -0.89480600 0.23053900 0.38232300
0.08794900 0.04107400 -0.05898400 -0.23642100 0.48067500 -0.84442600 -0.37747600 -0.84623800 -0.37602100 -0.89532900 0.22985100 0.38151200
0.08784700 0.04096300 -0.05874900 -0.23567600 0.48174600 -0.84402400 -0.37777900 -0.84559700 -0.37715700 -0.89539900 0.22996700 0.38128000
0.08780200 0.04090900 -0.05867400 -0.23607700 0.48153400 -0.84403200 -0.37814900 -0.84564200 -0.37668400 -0.89513600 0.23024400 0.38172800
0.08769200 0.04082400 -0.05857700 -0.23724200 0.48073900 -0.84415900 -0.37850200 -0.84604000 -0.37543600 -0.89467900 0.23044600 0.38267700
0.08758000 0.04081000 -0.05855000 -0.23645700 0.48154200 -0.84392200 -0.37764200 -0.84581300 -0.37681000 -0.89525000 0.22960100 0.38184900
0.08747000 0.04083200 -0.05853500 -0.23519900 0.48267900 -0.84362400 -0.37675300 -0.84538700 -0.37865000 -0.89595600 0.22878000 0.38068500
0.08741500 0.04084100 -0.05852300 -0.23566600 0.48229200 -0.84371500 -0.37666400 -0.84563700 -0.37818200 -0.89587100 0.22867200 0.38095000
0.08731700 0.04085400 -0.05850900 -0.23677600 0.48137900 -0.84392600 -0.37641500 -0.84623600 -0.37708800 -0.89568300 0.22838100 0.38156700
0.08725200 0.04085600 -0.05849500 -0.23561000 0.48247100 -0.84362800 -0.37554700 -0.84583400 -0.37884900 -0.89635400 0.22756100 0.38047800
0.08723900 0.04086100 -0.05848600 -0.23599800 0.48216300 -0.84369600 -0.37547900 -0.84603400 -0.37847100 -0.89628100 0.22747200 0.38070400
0.08722400 0.04085900 -0.05845300 -0.23689600 0.48147800 -0.84383500 -0.37540500 -0.84646200 -0.37758700 -0.89607500 0.22733200 0.38127200
0.08722000 0.04083500 -0.05840500 -0.23793800 0.48071400 -0.84397800 -0.37541700 -0.84691800 -0.37655000 -0.89579400 0.22724800 0.38198200
0.08721700 0.04081300 -0.05836100 -0.23906100 0.47987800 -0.84413600 -0.37538300 -0.84742600 -0.37544000 -0.89550900 0.22712100 0.38272500
0.08721000 0.04081600 -0.05834200 -0.23944400 0.47958800 -0.84419200 -0.37536100 -0.84760400 -0.37506000 -0.89541600 0.22707100 0.38297200
0.08721600 0.04083300 -0.05832600 -0.23790300 0.48099700 -0.84382600 -0.37456300 -0.84700500 -0.37720600 -0.89616100 0.22632800 0.38166800
0.08720500 0.04086300 -0.05830600 -0.23855600 0.48046500 -0.84394500 -0.37440400 -0.84735600 -0.37657400 -0.89605300 0.22614300 0.38203000
0.08719500 0.04087900 -0.05829600 -0.23900500 0.48009900 -0.84402600 -0.37429200 -0.84759700 -0.37614100 -0.89598000 0.22601300 0.38227700
0.08717300 0.04090400 -0.05828000 -0.23983700 0.47942000 -0.84417600 -0.37408400 -0.84804600 -0.37533800 -0.89584500 0.22577300 0.38273600
0.08715200 0.04091700 -0.05827300 -0.24047000 0.47890200 -0.84429000 -0.37392500 -0.84838700 -0.37472500 -0.89574200 0.22559100 0.38308500
0.08713800 0.04091900 -0.05827100 -0.24075500 0.47866800 -0.84434100 -0.37385300 -0.84854100 -0.37444800 -0.89569500 0.22551000 0.38324200
0.08713100 0.04091400 -0.05827400 -0.24115100 0.47834700 -0.84441100 -0.37375400 -0.84875200 -0.37406700 -0.89563000 0.22539500 0.38346100
0.08714000 0.04091400 -0.05828000 -0.24155900 0.47801500 -0.84448200 -0.37362600 -0.84897700 -0.37368500 -0.89557300 0.22525400 0.38367700
0.08714200 0.04091800 -0.05827700 -0.24211800 0.47756400 -0.84457700 -0.37348400 -0.84927400 -0.37315100 -0.89548100 0.22509000 0.38398700
0.08714200 0.04092200 -0.05828100 -0.24233100 0.47738500 -0.84461700 -0.37340600 -0.84939600 -0.37295200 -0.89545700 0.22500700 0.38409300
0.08713600 0.04091900 -0.05828200 -0.24068100 0.47887200 -0.84424700 -0.37261700 -0.84875200 -0.37520000 -0.89623000 0.22427700 0.38271400
0.08714100 0.04092200 -0.05828600 -0.24076300 0.47880000 -0.84426400 -0.37257300 -0.84880400 -0.37512600 -0.89622600 0.22423400 0.38274900
0.08714600 0.04092100 -0.05828700 -0.24097500 0.47863100 -0.84430000 -0.37252000 -0.84891600 -0.37492500 -0.89619100 0.22417100 0.38286700
0.08715000 0.04092000 -0.05828800 -0.24153200 0.47818300 -0.84439500 -0.37237900 -0.84921200 -0.37439500 -0.89610000 0.22400700 0.38317700
0.08714600 0.04092100 -0.05828700 -0.24212500 0.47770100 -0.84449700 -0.37222800 -0.84952900 -0.37382600 -0.89600300 0.22383300 0.38350600
0.08714100 0.04092200 -0.05828600 -0.24034300 0.47929300 -0.84410400 -0.37147100 -0.84881300 -0.37619800 -0.89679600 0.22314300 0.38205000
0.08713300 0.04092800 -0.05828300 -0.24036400 0.47927300 -0.84411000 -0.37146600 -0.84882600 -0.37617400 -0.89679200 0.22314000 0.38206100
0.08710400 0.04092900 -0.05828100 -0.24071900 0.47897500 -0.84417700 -0.37137700 -0.84902000 -0.37582400 -0.89673400 0.22304000 0.38225600
0.08706700 0.04093300 -0.05827300 -0.24134100 0.47846500 -0.84428900 -0.37124300 -0.84934900 -0.37521200 -0.89662200 0.22288200 0.38260900
0.08705700 0.04093100 -0.05827400 -0.24150900 0.47832600 -0.84432000 -0.37120000 -0.84944000 -0.37504800 -0.89659500 0.22283400 0.38270200
0.08704600 0.04092600 -0.05827700 -0.23988900 0.47978600 -0.84395300 -0.37039600 -0.84880900 -0.37726400 -0.89736200 0.22209500 0.38133000
0.08705000 0.04092400 -0.05827800 -0.23987700 0.47979700 -0.84395100 -0.37040400 -0.84880100 -0.37727400 -0.89736200 0.22210300 0.38132600
0.08705100 0.04092400 -0.05827800 -0.24033700 0.47942400 -0.84403100 -0.37028800 -0.84904700 -0.37683400 -0.89728700 0.22196800 0.38158200
0.08705100 0.04092400 -0.05827800 -0.24056600 0.47923800 -0.84407200 -0.37023000 -0.84917000 -0.37661500 -0.89724900 0.22190000 0.38171000
0.08705000 0.04092400 -0.05827800 -0.23887600 0.48075800 -0.84368800 -0.36944000 -0.84849800 -0.37889800 -0.89802600 0.22118200 0.38029700
0.08705000 0.04092400 -0.05827800 -0.23899700 0.48065800 -0.84371000 -0.36941500 -0.84856200 -0.37877900 -0.89800400 0.22115200 0.38036700
0.08705400 0.04092000 -0.05828100 -0.23911100 0.48056800 -0.84372900 -0.36938700 -0.84862200 -0.37867100 -0.89798600 0.22111800 0.38043000
0.08705600 0.04091100 -0.05828600 -0.23947000 0.48027800 -0.84379200 -0.36929600 -0.84881400 -0.37832900 -0.89792700 0.22101100 0.38063100
0.08705900 0.04090300 -0.05829100 -0.23790800 0.48169600 -0.84342600 -0.36846900 -0.84820700 -0.38049100 -0.89868200 0.22025500 0.37928500
0.08706300 0.04089800 -0.05829500 -0.23791600 0.48169000 -0.84342700 -0.36847400 -0.84821000 -0.38048100 -0.89867800 0.22025900 0.37929300
0.08706300 0.04090300 -0.05829800 -0.23801400 0.48160300 -0.84344900 -0.36842500 -0.84827200 -0.38039100 -0.89867200 0.22020900 0.37933500
0.08705900 0.04090600 -0.05829600 -0.23847500 0.48122800 -0.84353300 -0.36830900 -0.84852000 -0.37994800 -0.89859700 0.22007300 0.37959100
0.08705900 0.04090500 -0.05829600 -0.23895000 0.48084100 -0.84361900 -0.36819000 -0.84877500 -0.37949300 -0.89852000 0.21993200 0.37985600
0.08705900 0.04090400 -0.05829700 -0.23917900 0.48065500 -0.84366000 -0.36813300 -0.84889800 -0.37927400 -0.89848200 0.21986500 0.37998400
0.08706100 0.04089400 -0.05830300 -0.23761700 0.48207300 -0.84329300 -0.36729200 -0.84829300 -0.38143800 -0.89924000 0.21909900 0.37863000
0.08706100 0.04087900 -0.05831300 -0.23780500 0.48191900 -0.84332700 -0.36726400 -0.84839000 -0.38125000 -0.89920200 0.21906000 0.37874300
0.08705400 0.04086900 -0.05831800 -0.23808600 0.48168900 -0.84338000 -0.36719300 -0.84854200 -0.38097900 -0.89915700 0.21897800 0.37889900
0.08705400 0.04087000 -0.05831800 -0.23831600 0.48150200 -0.84342100 -0.36713500 -0.84866500 -0.38075900 -0.89911900 0.21890900 0.37902700
0.08705000 0.04087100 -0.05831700 -0.23890700 0.48101900 -0.84353000 -0.36698600 -0.84898500 -0.38019100 -0.89902400 0.21873300 0.37935500
0.08704800 0.04086700 -0.05832000 -0.23926700 0.48072600 -0.84359500 -0.36689600 -0.84917800 -0.37984600 -0.89896500 0.21862700 0.37955600
0.08705200 0.04086300 -0.05832200 -0.23960900 0.48044900 -0.84365600 -0.36681000 -0.84936100 -0.37951900 -0.89890900 0.21852500 0.37974800
0.08705000 0.04085500 -0.05832700 -0.23803900 0.48187200 -0.84328900 -0.36596400 -0.84875200 -0.38169100 -0.89967000 0.21775600 0.37838400
0.08704800 0.04084800 -0.05833200 -0.23822100 0.48172000 -0.84332400 -0.36594300 -0.84884600 -0.38150400 -0.89963100 0.21772700 0.37849400
0.08704500 0.04083700 -0.05833900 -0.23838500 0.48158600 -0.84335400 -0.36590300 -0.84893500 -0.38134500 -0.89960300 0.21767900 0.37858700
0.08704300 0.04083000 -0.05834300 -0.23864700 0.48137200 -0.84340200 -0.36583700 -0.84907600 -0.38109400 -0.89956100 0.21760100 0.37873300
0.08704100 0.04082300 -0.05834700 -0.23707800 0.48279400 -0.84303200 -0.36498700 -0.84846500 -0.38326300 -0.90032100 0.21683300 0.37736600
0.08704600 0.04082500 -0.05834600 -0.23719100 0.48270000 -0.84305400 -0.36498400 -0.84852100 -0.38314300 -0.90029200 0.21682300 0.37743900
0.08704200 0.04082700 -0.05834500 -0.23732400 0.48258900 -0.84308000 -0.36495100 -0.84859300 -0.38301300 -0.90027000 0.21678500 0.37751300
0.08704100 0.04082300 -0.05834700 -0.23768300 0.48229600 -0.84314700 -0.36486200 -0.84878800 -0.38266800 -0.90021200 0.21667800 0.37771400
0.08704200 0.04082700 -0.05834500 -0.23812400 0.48193500 -0.84322800 -0.36475100 -0.84902600 -0.38224400 -0.90014000 0.21654700 0.37796000
0.08704200 0.04082700 -0.05834500 -0.23858100 0.48156100 -0.84331300 -0.36463700 -0.84927200 -0.38180500 -0.90006500 0.21641100 0.37821500
0.08704200 0.04082700 -0.05834500 -0.23881000 0.48137400 -0.84335500 -0.36457900 -0.84939600 -0.38158600 -0.90002800 0.21634300 0.37834300
