0.06866300 0.03450100 -0.05752500 -0.54097200 0.03629700 -0.84025600 -0.40969400 -0.88388900 0.22558700 -0.73450600 0.46628400 0.49303000
0.06902800 0.03566100 -0.05945700 -0.56350900 -0.01527700 -0.82596700 -0.39942300 -0.87015600 0.28859700 -0.72313000 0.49253800 0.48423900
0.06921200 0.03667600 -0.06150600 -0.57830600 -0.05185500 -0.81416900 -0.40705400 -0.84653700 0.34304800 -0.70701400 0.52979700 0.46845000
0.06922300 0.03706500 -0.06254200 -0.58986700 -0.05112500 -0.80588000 -0.43045500 -0.82446400 0.36737700 -0.68320200 0.56359900 0.46431700
0.06910200 0.03752400 -0.06467300 -0.61358800 -0.03424600 -0.78888200 -0.47676700 -0.78032600 0.40470100 -0.62944500 0.62443400 0.46247200
0.06886600 0.03753600 -0.06694200 -0.62486800 0.00002900 -0.78073000 -0.52391600 -0.74141900 0.41929500 -0.57883700 0.67104100 0.46330400
0.06847100 0.03723300 -0.06909100 -0.62719800 0.04327800 -0.77765500 -0.57099000 -0.70460800 0.42130400 -0.52970900 0.70827500 0.46664000
0.06817800 0.03701400 -0.07018000 -0.63154200 0.06388700 -0.77270400 -0.58937200 -0.68709900 0.42489300 -0.50377900 0.72374800 0.47158600
0.06748500 0.03662900 -0.07204000 -0.63614500 0.09008800 -0.76629100 -0.61130700 -0.66481800 0.42932500 -0.47076800 0.74155200 0.47799200
0.06688500 0.03620600 -0.07349100 -0.63478400 0.11809900 -0.76361000 -0.63848900 -0.63675300 0.43229200 -0.43517900 0.76196900 0.47960500
0.06671800 0.03594900 -0.07404300 -0.62458500 0.13603900 -0.76901600 -0.66298000 -0.61278300 0.43006200 -0.41273500 0.77845300 0.47292600
0.06667100 0.03545900 -0.07488100 -0.59024000 0.14148700 -0.79473000 -0.70535700 -0.56915100 0.42253600 -0.39253900 0.80996700 0.43573500
0.06713300 0.03499900 -0.07542300 -0.55326900 0.13959000 -0.82122200 -0.75191400 -0.50796600 0.42023100 -0.35849300 0.84999000 0.38600200
0.06802100 0.03458400 -0.07573400 -0.52123800 0.13757200 -0.84224900 -0.79223100 -0.44494100 0.41760700 -0.31730000 0.88492900 0.34090900
0.06855300 0.03445800 -0.07580400 -0.50518700 0.14333500 -0.85102200 -0.81271500 -0.41073300 0.41326800 -0.29030800 0.90041700 0.32398800
0.06976400 0.03439800 -0.07576700 -0.47426600 0.15322000 -0.86694500 -0.84098900 -0.37011400 0.39465400 -0.26040000 0.91626300 0.30438900
0.07127500 0.03454900 -0.07554600 -0.44456400 0.17272700 -0.87893500 -0.86863200 -0.32272800 0.37593000 -0.21872400 0.93059700 0.29351000
0.07204500 0.03470900 -0.07538300 -0.43722900 0.17760100 -0.88163800 -0.87508100 -0.31020600 0.37148800 -0.20751400 0.93393100 0.29104700
0.07359300 0.03522100 -0.07496100 -0.43177400 0.19559900 -0.88051700 -0.88378200 -0.28685300 0.36965400 -0.18027500 0.93779300 0.29672300
0.07476700 0.03579400 -0.07440700 -0.42760100 0.22101500 -0.87653200 -0.89306600 -0.25341400 0.37176900 -0.13995900 0.94177100 0.30574100
0.07523000 0.03614200 -0.07406400 -0.42289900 0.22933100 -0.87667700 -0.89782300 -0.23709700 0.37107700 -0.12275800 0.94402900 0.30616700
0.07586100 0.03693600 -0.07326700 -0.40167800 0.24712100 -0.88180700 -0.91276000 -0.18616900 0.36360400 -0.07431100 0.95093100 0.30034200
0.07607800 0.03785900 -0.07238200 -0.36858300 0.24880800 -0.89567800 -0.92875600 -0.13946200 0.34345400 -0.03945900 0.95845900 0.28248600
0.07606000 0.03879500 -0.07162100 -0.32760200 0.23353700 -0.91549800 -0.94481500 -0.08144900 0.31731600 -0.00046100 0.96893000 0.24733200
0.07595400 0.03926500 -0.07131300 -0.31500800 0.22550700 -0.92190800 -0.94871500 -0.04757400 0.31253000 0.02661900 0.97307800 0.22892800
0.07558400 0.04021600 -0.07074200 -0.29079900 0.21291300 -0.93279200 -0.95102800 0.04245200 0.30617400 0.10478800 0.97614800 0.19014100
0.07506800 0.04116000 -0.07020800 -0.25961300 0.18861100 -0.94711400 -0.94843700 0.13487500 0.28683500 0.18184200 0.97274500 0.14387100
0.07478600 0.04155500 -0.06992700 -0.24402900 0.17402400 -0.95402500 -0.94475500 0.17932900 0.27437000 0.21883100 0.96827500 0.12064900
0.07426300 0.04224500 -0.06933700 -0.21289900 0.15074300 -0.96537500 -0.93279000 0.26272200 0.24673700 0.29081900 0.95302200 0.08467900
0.07382600 0.04269700 -0.06881000 -0.18970600 0.13427800 -0.97261500 -0.92760000 0.30018200 0.22236900 0.32182100 0.94438300 0.06761000
0.07361400 0.04279800 -0.06854700 -0.18025300 0.13085900 -0.97487600 -0.92408800 0.31703600 0.21341800 0.33699900 0.93934200 0.06377800
0.07318100 0.04281400 -0.06801300 -0.14471100 0.14478500 -0.97882300 -0.91492000 0.35713100 0.18808900 0.37680100 0.92276400 0.08078600
0.07274500 0.04253500 -0.06754400 -0.08123100 0.18211300 -0.97991500 -0.90515800 0.39809700 0.14901800 0.41724000 0.89908400 0.13250300
0.07231800 0.04203700 -0.06702900 -0.02394700 0.23860500 -0.97082000 -0.89468000 0.42818200 0.12730700 0.44606400 0.87162200 0.20322200
0.07211900 0.04172300 -0.06673400 -0.00108600 0.26031700 -0.96552200 -0.89003000 0.43992900 0.11961200 0.45589800 0.85947400 0.23121200
0.07176300 0.04107600 -0.06616500 0.02526700 0.27531500 -0.96102100 -0.88696600 0.44962400 0.10548900 0.46114100 0.84972900 0.25555600
0.07134800 0.04052000 -0.06574800 0.03997200 0.26606600 -0.96312500 -0.87787400 0.46970900 0.09332400 0.47721800 0.84177300 0.25234800
0.07084100 0.04001800 -0.06546000 0.05402100 0.25003500 -0.96672700 -0.87409600 0.47988300 0.07527300 0.48273800 0.84094800 0.24447900
0.07057500 0.03974600 -0.06536500 0.06230700 0.24453000 -0.96763700 -0.87071200 0.48719900 0.06705300 0.48782800 0.83835600 0.24327200
0.06989500 0.03912000 -0.06517200 0.08368900 0.24687900 -0.96542500 -0.85790800 0.51071600 0.05623200 0.50694100 0.82354100 0.25454100
0.06913400 0.03839800 -0.06491300 0.10867400 0.25771700 -0.96008900 -0.84761600 0.52861500 0.04595400 0.51936100 0.80879300 0.27589200
0.06871600 0.03797000 -0.06473100 0.12171900 0.26250400 -0.95722200 -0.84069100 0.53994600 0.04117200 0.52765700 0.79971700 0.28640700
0.06805100 0.03713400 -0.06424700 0.14559300 0.27043400 -0.95166500 -0.83157300 0.55458300 0.03037600 0.53599300 0.78695700 0.30562900
0.06745400 0.03647500 -0.06362100 0.16920300 0.27719900 -0.94579600 -0.82221700 0.56883500 0.01962300 0.54344100 0.77433000 0.32416600
0.06701000 0.03598900 -0.06299400 0.18869100 0.28221000 -0.94061200 -0.81287800 0.58231700 0.01164500 0.55102100 0.76240600 0.33928000
0.06679200 0.03581500 -0.06267500 0.19824500 0.28589700 -0.93752900 -0.80841600 0.58854800 0.00853300 0.55422100 0.75622300 0.34780000
0.06649700 0.03558200 -0.06220600 0.21138400 0.28973100 -0.93347300 -0.79992500 0.60007800 0.00511000 0.56163700 0.74562800 0.35861000
0.06616300 0.03543300 -0.06184600 0.21882000 0.29117800 -0.93130600 -0.78851100 0.61498000 0.00700900 0.57477600 0.73281200 0.36416700
0.06597300 0.03535800 -0.06167700 0.22315300 0.29282900 -0.92975900 -0.78453500 0.62004400 0.00698600 0.57853800 0.72787100 0.36809900
0.06564300 0.03521300 -0.06136500 0.23779000 0.29645000 -0.92497100 -0.76883500 0.63940400 0.00727600 0.59358800 0.70942100 0.37996600
0.06541600 0.03507300 -0.06105000 0.24520500 0.29948200 -0.92205400 -0.76530300 0.64364500 0.00553500 0.59513300 0.70429400 0.38702000
0.06528900 0.03490900 -0.06083200 0.24617700 0.30079100 -0.92136800 -0.76357400 0.64568300 0.00677400 0.59695100 0.70186600 0.38862900
0.06523500 0.03484500 -0.06078900 0.24723300 0.30050300 -0.92118000 -0.75974800 0.65016600 0.00818700 0.60138000 0.69784100 0.38904900
0.06509900 0.03478700 -0.06079500 0.25067300 0.29534600 -0.92191700 -0.75253000 0.65852600 0.00635000 0.60898300 0.69217900 0.38733200
0.06493200 0.03476700 -0.06085600 0.25148800 0.29527800 -0.92171800 -0.74892800 0.66260200 0.00792600 0.61307300 0.68830800 0.38777800
0.06486400 0.03472700 -0.06087100 0.25354000 0.29171400 -0.92229000 -0.74500200 0.66703300 0.00617500 0.61699900 0.68554300 0.38644700
0.06474800 0.03465500 -0.06086100 0.25534800 0.28886700 -0.92268700 -0.74107700 0.67139900 0.00510600 0.62096700 0.68247900 0.38551300
0.06472900 0.03461600 -0.06084100 0.25701300 0.28370700 -0.92382500 -0.74084900 0.67167000 0.00016200 0.62055200 0.68437400 0.38281200
0.06475200 0.03460300 -0.06084400 0.25452700 0.28342000 -0.92460100 -0.74097500 0.67152900 0.00186700 0.62142600 0.68463200 0.38092900
0.06475400 0.03457600 -0.06087800 0.25485900 0.28071800 -0.92533400 -0.74098600 0.67152000 -0.00036600 0.62127700 0.68575300 0.37915100
0.06472400 0.03449000 -0.06097100 0.25294000 0.27765600 -0.92678300 -0.74112100 0.67136900 -0.00113300 0.62190000 0.68714600 0.37559300
0.06464600 0.03441300 -0.06107200 0.25480500 0.27432500 -0.92726400 -0.73733200 0.67552400 -0.00276400 0.62563100 0.68440700 0.37439500
0.06461300 0.03435800 -0.06114200 0.25549800 0.27191400 -0.92778300 -0.73739000 0.67544700 -0.00510700 0.62528000 0.68544300 0.37308200
0.06462700 0.03427400 -0.06135500 0.25238900 0.27166200 -0.92870800 -0.73796200 0.67483500 -0.00315100 0.62586800 0.68614700 0.37079700
0.06481200 0.03415200 -0.06155000 0.24597700 0.27251900 -0.93017500 -0.73836900 0.67439200 0.00232600 0.62793700 0.68624100 0.36710500
0.06496600 0.03408500 -0.06161400 0.24195100 0.27633900 -0.93010500 -0.73842100 0.67428900 0.00824700 0.62943800 0.68481400 0.36719900
0.06530600 0.03402100 -0.06170000 0.23506400 0.28030500 -0.93068400 -0.73831200 0.67425400 0.01659600 0.63217000 0.68323400 0.36544600
0.06558800 0.03404100 -0.06169700 0.23150700 0.28380300 -0.93051500 -0.73823800 0.67418200 0.02195300 0.63356800 0.68186000 0.36559200
0.06576900 0.03409800 -0.06152300 0.22897100 0.29334300 -0.92818100 -0.73787000 0.67422600 0.03105900 0.63491600 0.67776600 0.37082800
0.06580700 0.03415700 -0.06136700 0.22768900 0.29807800 -0.92698700 -0.73754300 0.67435600 0.03568600 0.63575700 0.67556800 0.37338900
0.06593500 0.03437500 -0.06104500 0.22671000 0.30209700 -0.92592500 -0.73696300 0.67476400 0.03970900 0.63677800 0.67337100 0.37561100
0.06616000 0.03467100 -0.06084500 0.22012900 0.31317800 -0.92382900 -0.73695000 0.67387700 0.05284500 0.63909800 0.66918400 0.37913700
0.06629600 0.03478900 -0.06077500 0.21716300 0.31685600 -0.92327700 -0.73683500 0.67359100 0.05785700 0.64024400 0.66773900 0.37975000
0.06659500 0.03494800 -0.06079300 0.20821200 0.31508400 -0.92594200 -0.73689200 0.67303700 0.06332300 0.64314500 0.66913500 0.37231800
0.06677800 0.03505700 -0.06099300 0.19654900 0.31164700 -0.92964600 -0.73761300 0.67166600 0.06921500 0.64598300 0.67211600 0.36189000
0.06687700 0.03510500 -0.06133900 0.18521600 0.31092000 -0.93221300 -0.73850400 0.66987200 0.07669200 0.64830900 0.67424000 0.35368700
0.06691900 0.03508100 -0.06152100 0.18099900 0.31245300 -0.93252900 -0.73889400 0.66896700 0.08072800 0.64905600 0.67442900 0.35195200
0.06701100 0.03497300 -0.06184100 0.17562000 0.31099600 -0.93404400 -0.73950300 0.66797000 0.08336300 0.64983900 0.67608900 0.34729100
0.06704900 0.03489400 -0.06221300 0.16957700 0.30969400 -0.93559100 -0.74026900 0.66671900 0.08651900 0.65057200 0.67791800 0.34231700
0.06695700 0.03484500 -0.06254900 0.16351700 0.30904200 -0.93688500 -0.74105600 0.66536400 0.09014000 0.65122700 0.67954500 0.33781600
0.06685600 0.03484200 -0.06269600 0.16478400 0.30882400 -0.93673500 -0.73756800 0.66913200 0.09085200 0.65485700 0.67593500 0.33804100
0.06662300 0.03484200 -0.06298800 0.16104700 0.30678200 -0.93805500 -0.73039300 0.67627800 0.09577500 0.66376800 0.66972500 0.33298400
0.06634900 0.03483000 -0.06334400 0.15773100 0.29710500 -0.94172600 -0.72712000 0.68020600 0.09281200 0.66814300 0.67011000 0.32332000
0.06622000 0.03480700 -0.06352200 0.15349600 0.29305700 -0.94369200 -0.72735200 0.67995300 0.09284700 0.66887600 0.67214500 0.31752600
0.06597900 0.03475600 -0.06387000 0.15105400 0.28593900 -0.94626600 -0.72398000 0.68378400 0.09105200 0.67307800 0.67132500 0.31030200
0.06581300 0.03469200 -0.06413500 0.15148300 0.28605000 -0.94616400 -0.72060500 0.68716300 0.09237700 0.67659400 0.66781800 0.31022300
0.06576200 0.03466700 -0.06423500 0.15120000 0.28673700 -0.94600100 -0.72091300 0.68676500 0.09293700 0.67632900 0.66793300 0.31055200
0.06571600 0.03461000 -0.06428300 0.15343000 0.28652600 -0.94570600 -0.71284400 0.69487300 0.09487900 0.68433200 0.65958500 0.31086300
0.06568300 0.03461600 -0.06411100 0.16182500 0.28963000 -0.94335900 -0.71289900 0.69531300 0.09118400 0.68233900 0.65776400 0.31899500
0.06572100 0.03468400 -0.06387500 0.17007100 0.29097500 -0.94149200 -0.71256400 0.69625800 0.08646600 0.68068100 0.65616900 0.32575100
0.06574800 0.03471700 -0.06377000 0.17068300 0.29079300 -0.94143800 -0.71228600 0.69659600 0.08602800 0.68081800 0.65589000 0.32602500
0.06576700 0.03478900 -0.06359000 0.17047800 0.29120600 -0.94134700 -0.71200600 0.69681000 0.08661500 0.68116300 0.65547900 0.32613100
0.06569200 0.03481000 -0.06346700 0.17431800 0.29288900 -0.94012100 -0.71196000 0.69703800 0.08514600 0.68023800 0.65448700 0.33003200
0.06561800 0.03478300 -0.06341500 0.17895500 0.29433400 -0.93879700 -0.71194800 0.69731900 0.08291200 0.67904600 0.65353800 0.33433900
0.06542300 0.03472600 -0.06335400 0.18802700 0.29415800 -0.93707800 -0.71188700 0.69813500 0.07631000 0.67665500 0.65274500 0.34067600
0.06524900 0.03465600 -0.06334100 0.19025100 0.28339800 -0.93994100 -0.71160700 0.69939000 0.06683700 0.67632700 0.65615300 0.33472800
0.06515700 0.03462500 -0.06335100 0.19216000 0.27982900 -0.94062100 -0.70738500 0.70384400 0.06487700 0.68020600 0.65291500 0.33319800
0.06501500 0.03455800 -0.06340400 0.19249900 0.27818600 -0.94103900 -0.70753600 0.70383300 0.06333100 0.67995300 0.65362900 0.33231300
0.06494100 0.03448500 -0.06349200 0.19417500 0.27515600 -0.94158600 -0.70350900 0.70799200 0.06181500 0.68364500 0.65041100 0.33104900
0.06492200 0.03436800 -0.06353400 0.19716500 0.27364100 -0.94140600 -0.70353400 0.70824700 0.05852300 0.68276300 0.65077300 0.33215700
0.06492200 0.03431500 -0.06351200 0.19766600 0.27394000 -0.94121300 -0.70338200 0.70840300 0.05846200 0.68277400 0.65047800 0.33271200
0.06493400 0.03428700 -0.06348900 0.20006700 0.26747100 -0.94256600 -0.69899300 0.71308700 0.05398500 0.68657200 0.64804700 0.32962500
0.06490700 0.03428800 -0.06346300 0.20353700 0.26570800 -0.94232200 -0.69901800 0.71334100 0.05015800 0.68552500 0.64849200 0.33092600
0.06489100 0.03427200 -0.06343200 0.20524400 0.26623500 -0.94180200 -0.69894700 0.71346600 0.04936900 0.68508800 0.64813800 0.33251900
0.06482700 0.03423700 -0.06336700 0.21216100 0.26809700 -0.93973900 -0.69884800 0.71379700 0.04586200 0.68307900 0.64700600 0.33880000
0.06479500 0.03419000 -0.06328900 0.21761600 0.26960000 -0.93806000 -0.69864000 0.71416900 0.04317900 0.68157500 0.64597000 0.34376800
0.06480200 0.03416300 -0.06323900 0.22234300 0.27067900 -0.93664000 -0.69850100 0.71445200 0.04065600 0.68019000 0.64520500 0.34792300
0.06481900 0.03415700 -0.06325600 0.22294300 0.27073500 -0.93648100 -0.69851700 0.71445900 0.04025700 0.67997700 0.64517400 0.34839700
0.06487200 0.03416600 -0.06333700 0.22559700 0.27126300 -0.93569300 -0.69878200 0.71429200 0.03860000 0.67882900 0.64513700 0.35069600
0.06495100 0.03418300 -0.06344200 0.22815700 0.27145200 -0.93501700 -0.69906300 0.71411400 0.03673900 0.67768300 0.64525400 0.35269200
0.06500300 0.03417600 -0.06350300 0.23099700 0.27181500 -0.93421400 -0.69920300 0.71407100 0.03487500 0.67657500 0.64515000 0.35500200
0.06510100 0.03413800 -0.06356700 0.23085700 0.27175100 -0.93426700 -0.69929200 0.71398300 0.03488200 0.67653100 0.64527300 0.35486100
0.06515600 0.03411100 -0.06358000 0.23084700 0.27181100 -0.93425200 -0.69929000 0.71398300 0.03493700 0.67653600 0.64524900 0.35489600
0.06520100 0.03409900 -0.06355500 0.23439400 0.26964300 -0.93399700 -0.69914900 0.71431300 0.03076300 0.67546100 0.64579300 0.35595200
0.06519700 0.03412200 -0.06354900 0.24053500 0.26786600 -0.93294600 -0.69909900 0.71458900 0.02492700 0.67335000 0.64622700 0.35915000
0.06514300 0.03416000 -0.06351500 0.24641300 0.26508200 -0.93220700 -0.70316500 0.71083900 0.01626400 0.66696100 0.65148900 0.36155700
0.06506100 0.03419000 -0.06350900 0.25235900 0.26312200 -0.93117100 -0.70297100 0.71114100 0.01043400 0.66494000 0.65195400 0.36443000
0.06498600 0.03422400 -0.06355600 0.25343800 0.26541100 -0.93022800 -0.70740200 0.70675400 0.00892100 0.65981100 0.65578500 0.36687100
0.06496300 0.03425200 -0.06358000 0.25275100 0.26426000 -0.93074300 -0.71168000 0.70247500 0.00618700 0.65546000 0.66082800 0.36561900
0.06491100 0.03430900 -0.06359500 0.25271100 0.26070400 -0.93175500 -0.71596500 0.69813400 0.00115200 0.65079100 0.66681400 0.36308100
0.06484800 0.03441100 -0.06362700 0.25399100 0.24960400 -0.93444300 -0.72401400 0.68967000 -0.01257300 0.64132000 0.67974400 0.35588700
0.06482300 0.03441900 -0.06362800 0.25661900 0.25034300 -0.93352700 -0.72397300 0.68968400 -0.01406200 0.64031900 0.67945800 0.35822800
0.06477000 0.03441000 -0.06360600 0.25834000 0.25318400 -0.93228600 -0.72801800 0.68537900 -0.01560600 0.63501900 0.68275300 0.36138400
0.06475400 0.03445400 -0.06361000 0.26356700 0.25485100 -0.93036700 -0.72804500 0.68527800 -0.01853500 0.63283700 0.68223400 0.36615900
0.06476200 0.03448100 -0.06363900 0.26327200 0.25479900 -0.93046400 -0.72818700 0.68513000 -0.01842200 0.63279600 0.68240200 0.36591600
0.06476100 0.03452900 -0.06372400 0.26345200 0.25856500 -0.92937400 -0.73651400 0.67610500 -0.02068000 0.62300800 0.68994500 0.36855800
0.06474400 0.03455200 -0.06373300 0.26192100 0.26054100 -0.92925400 -0.74069200 0.67153100 -0.02049200 0.61868500 0.69365900 0.36886900
0.06468900 0.03456600 -0.06373100 0.26020600 0.26118200 -0.92955600 -0.74859200 0.66261800 -0.02337100 0.60983700 0.70194100 0.36793600
0.06466600 0.03457600 -0.06372400 0.25987500 0.25835600 -0.93043800 -0.75502900 0.65504900 -0.02899500 0.60199200 0.71004400 0.36529700
0.06462900 0.03457600 -0.06371900 0.26346500 0.25253300 -0.93102700 -0.76327600 0.64476300 -0.04110800 0.58991100 0.72146200 0.36262500
0.06462400 0.03458100 -0.06372800 0.26700600 0.25602300 -0.92906300 -0.77048600 0.63577700 -0.04623000 0.57884100 0.72817500 0.36701800
0.06462300 0.03458500 -0.06373800 0.26945600 0.26054800 -0.92709600 -0.77743000 0.62699700 -0.04974700 0.56832600 0.73415700 0.37150600
0.06464100 0.03458700 -0.06376100 0.27306900 0.26284900 -0.92538700 -0.78476000 0.61724100 -0.05624900 0.55640300 0.74156700 0.37482300
0.06464100 0.03462100 -0.06378600 0.27066400 0.26609400 -0.92516600 -0.79211500 0.60770700 -0.05695200 0.54707700 0.74825400 0.37526200
0.06463800 0.03463900 -0.06379800 0.27164400 0.26343100 -0.92564100 -0.79201900 0.60758700 -0.05951600 0.54672900 0.74929400 0.37369000
0.06463900 0.03467800 -0.06385700 0.27123900 0.26261000 -0.92599300 -0.79570700 0.60247600 -0.06221500 0.54155100 0.75369600 0.37237600
0.06464600 0.03469000 -0.06396300 0.27106900 0.26266500 -0.92602700 -0.79598100 0.60211500 -0.06221300 0.54123400 0.75396500 0.37229100
0.06464500 0.03468400 -0.06408400 0.27066500 0.26182600 -0.92638300 -0.79970600 0.59686700 -0.06495900 0.53592000 0.75841700 0.37093500
0.06463800 0.03469200 -0.06416200 0.27053500 0.26186900 -0.92640900 -0.79989800 0.59661000 -0.06494600 0.53569800 0.75860400 0.37087300
0.06462400 0.03469900 -0.06428700 0.27307800 0.26286700 -0.92538000 -0.80003500 0.59623000 -0.06672200 0.53420100 0.75855700 0.37312000
0.06463800 0.03468400 -0.06443400 0.27514700 0.26058900 -0.92541100 -0.80010200 0.59574900 -0.07013000 0.53303800 0.75972000 0.37241700
0.06464200 0.03467800 -0.06452300 0.27637400 0.26015100 -0.92516900 -0.80355900 0.59061000 -0.07397000 0.52717100 0.76387200 0.37227600
0.06463900 0.03468900 -0.06471500 0.27469200 0.26171700 -0.92522800 -0.80751200 0.58516200 -0.07422000 0.52198400 0.76752100 0.37207900
0.06460900 0.03470800 -0.06491600 0.26950100 0.26799100 -0.92495900 -0.82153100 0.56512400 -0.07563100 0.50244800 0.78026600 0.37246500
0.06457700 0.03478000 -0.06509300 0.26511800 0.27311900 -0.92472500 -0.83203600 0.54945200 -0.07626300 0.48726400 0.78962400 0.37291500
0.06456800 0.03482400 -0.06515500 0.26238900 0.27619400 -0.92459000 -0.83866100 0.53919100 -0.07693600 0.47728200 0.79560600 0.37311100
0.06458600 0.03491100 -0.06525300 0.25840800 0.28038400 -0.92445000 -0.84830900 0.52368000 -0.07829300 0.46216400 0.80445100 0.37317600
0.06459100 0.03498100 -0.06530600 0.25413200 0.28500100 -0.92422400 -0.85767700 0.50805700 -0.07916500 0.44699700 0.81280500 0.37355200
0.06460600 0.03500200 -0.06532000 0.24638900 0.28907800 -0.92505400 -0.86951700 0.48750100 -0.07925300 0.42805500 0.82387800 0.37147300
0.06460600 0.03499000 -0.06533100 0.24238100 0.29301500 -0.92487400 -0.87768800 0.47244900 -0.08033500 0.41341700 0.83122300 0.37168800
0.06459100 0.03498600 -0.06538000 0.22850600 0.29922300 -0.92641700 -0.89610900 0.43655800 -0.08002600 0.38049000 0.84845800 0.36789300
0.06458100 0.03500100 -0.06542700 0.21422800 0.30315300 -0.92854900 -0.91194500 0.40264400 -0.07894200 0.34994300 0.86369800 0.36271700
0.06457700 0.03503200 -0.06547300 0.20180600 0.30686800 -0.93011000 -0.92572000 0.36990500 -0.07881200 0.31986800 0.87692700 0.35872400
0.06464400 0.03509600 -0.06559900 0.16383700 0.31052000 -0.93634000 -0.95811800 0.27607700 -0.07609100 0.23487400 0.90959200 0.34274700
0.06487700 0.03505400 -0.06575100 0.12995000 0.29333900 -0.94713500 -0.97475900 0.21269200 -0.06786800 0.18154000 0.93204800 0.31357400
0.06500600 0.03500700 -0.06583400 0.11935400 0.28367800 -0.95146200 -0.97945900 0.19050800 -0.06606600 0.16251900 0.93980400 0.30058900
0.06529600 0.03489600 -0.06595400 0.10141100 0.26670800 -0.95842600 -0.98786800 0.14088700 -0.06532100 0.11760800 0.95342300 0.27776000
0.06555600 0.03471400 -0.06597800 0.09232000 0.25861300 -0.96155900 -0.99030700 0.12448600 -0.06160000 0.10377000 0.95792600 0.26759900
0.06578100 0.03465300 -0.06602200 0.08721900 0.25813300 -0.96216300 -0.99287000 0.10128700 -0.06282900 0.08123600 0.96078400 0.26512700
0.06590400 0.03465400 -0.06603400 0.07978200 0.25925200 -0.96250800 -0.99470500 0.08344000 -0.05997600 0.06476200 0.96219800 0.26453600
0.06614100 0.03467100 -0.06600800 0.06156500 0.25046800 -0.96616400 -0.99766500 0.04408800 -0.05214300 0.02953600 0.96712000 0.25259700
0.06634200 0.03478700 -0.06590900 0.04592600 0.23343500 -0.97128600 -0.99894100 0.00825900 -0.04524900 -0.00254100 0.97233600 0.23356700
0.06643000 0.03488600 -0.06583800 0.03814300 0.22237900 -0.97421300 -0.99919500 -0.00361000 -0.03994600 -0.01240000 0.97495200 0.22206300
0.06659900 0.03508900 -0.06565100 0.01905200 0.19598200 -0.98042100 -0.99802300 -0.05499200 -0.03038700 -0.05987100 0.97906300 0.19454700
0.06676600 0.03530100 -0.06539400 0.00566300 0.16717300 -0.98591100 -0.99534600 -0.09390100 -0.02163900 -0.09619500 0.98144500 0.16586300
0.06689600 0.03549700 -0.06513400 -0.00679100 0.13896600 -0.99027300 -0.99189900 -0.12655400 -0.01095700 -0.12684600 0.98217700 0.13870000
0.06696300 0.03555000 -0.06501800 -0.01557000 0.12455900 -0.99208900 -0.98974700 -0.14280700 -0.00239600 -0.14197600 0.98188100 0.12550600
0.06713200 0.03553400 -0.06484800 -0.03351600 0.09769400 -0.99465100 -0.98341600 -0.18070700 0.01538900 -0.17823800 0.97867200 0.10213000
0.06738100 0.03526000 -0.06474700 -0.08064100 0.07379300 -0.99400700 -0.98133000 -0.18057100 0.06620700 -0.17460300 0.98078900 0.08697700
0.06756100 0.03501500 -0.06468900 -0.11879700 0.05559100 -0.99136000 -0.97662700 -0.18665800 0.10656400 -0.17912200 0.98085000 0.07646600
0.06788900 0.03453200 -0.06448500 -0.18612600 -0.00244400 -0.98252200 -0.96583700 -0.18306700 0.18342000 -0.18031600 0.98309600 0.03171300
0.06793100 0.03427300 -0.06427100 -0.21858000 -0.05868200 -0.97405200 -0.95877400 -0.17283500 0.22556400 -0.18158700 0.98320100 -0.01848400
0.06788800 0.03416700 -0.06419600 -0.23470000 -0.07610900 -0.96908300 -0.95161200 -0.18545200 0.24503300 -0.19836800 0.97970100 -0.02890100
0.06786000 0.03411000 -0.06414000 -0.24111700 -0.07592900 -0.96752000 -0.95023200 -0.18418500 0.25126300 -0.19728100 0.97995300 -0.02774000
0.06783900 0.03395000 -0.06394600 -0.25053800 -0.08648000 -0.96423500 -0.94320200 -0.20265500 0.26324800 -0.21817300 0.97542300 -0.03079600
0.06783300 0.03379100 -0.06366100 -0.26020500 -0.11048200 -0.95921100 -0.93384500 -0.22370000 0.27908900 -0.24541000 0.96837600 -0.04496600
0.06784700 0.03375400 -0.06354800 -0.26741100 -0.11898400 -0.95620700 -0.93028000 -0.22675400 0.28837600 -0.25113600 0.96665600 -0.05005200
0.06788500 0.03372600 -0.06344000 -0.27674800 -0.13720600 -0.95109600 -0.92268800 -0.23853800 0.30289400 -0.26843200 0.96139100 -0.06058300
0.06795300 0.03367000 -0.06342300 -0.28399500 -0.15261600 -0.94660100 -0.91760900 -0.24308200 0.31448800 -0.27809800 0.95792400 -0.07100800
0.06803300 0.03361700 -0.06344300 -0.29144400 -0.16608500 -0.94205800 -0.91299800 -0.24559900 0.32575200 -0.28547200 0.95503700 -0.08005700
0.06807800 0.03361200 -0.06345100 -0.29671000 -0.17438300 -0.93891000 -0.91120400 -0.24252500 0.33299800 -0.28577900 0.95434300 -0.08693800
0.06814500 0.03358700 -0.06346100 -0.30472900 -0.19432800 -0.93240300 -0.90646500 -0.24130300 0.34654300 -0.29233500 0.95079300 -0.10262000
0.06821500 0.03354600 -0.06342600 -0.30599800 -0.20901200 -0.92880400 -0.90420700 -0.24152200 0.35224400 -0.29795000 0.94761800 -0.11508500
0.06826000 0.03351900 -0.06340700 -0.30584700 -0.21459700 -0.92758000 -0.90439000 -0.23899700 0.35349300 -0.29754800 0.94701000 -0.12098300
0.06836200 0.03345900 -0.06334700 -0.30370400 -0.22572000 -0.92564200 -0.90534600 -0.23431300 0.35418200 -0.29683700 0.94559300 -0.13319200
0.06848600 0.03345100 -0.06323200 -0.30078900 -0.22925100 -0.92572600 -0.90651200 -0.23279500 0.35219600 -0.29624600 0.94511800 -0.13779700
0.06854300 0.03342400 -0.06313600 -0.30176300 -0.23446400 -0.92410200 -0.90618600 -0.23065700 0.35443400 -0.29625300 0.94436400 -0.14286400
0.06856900 0.03328800 -0.06283100 -0.29885400 -0.24537700 -0.92221200 -0.90776000 -0.22500300 0.35403800 -0.29437300 0.94295400 -0.15550000
0.06850100 0.03315800 -0.06248000 -0.29498400 -0.25222000 -0.92161100 -0.90986300 -0.22038500 0.35153700 -0.29177400 0.94223900 -0.16447600
0.06837400 0.03300400 -0.06212500 -0.28954500 -0.25240400 -0.92328400 -0.91263800 -0.21797800 0.34579700 -0.28853700 0.94274900 -0.16723900
0.06828600 0.03291400 -0.06195600 -0.28670400 -0.25273300 -0.92408100 -0.91403700 -0.21674300 0.34286600 -0.28694200 0.94294600 -0.16886700
0.06808600 0.03279500 -0.06173700 -0.27947800 -0.25109600 -0.92673700 -0.91708800 -0.21600800 0.33509500 -0.28432400 0.94355200 -0.16990700
0.06793800 0.03276600 -0.06167000 -0.27377300 -0.25238900 -0.92808700 -0.91932500 -0.21490400 0.32963000 -0.28264500 0.94345900 -0.17319300
0.06791400 0.03276400 -0.06168500 -0.27090800 -0.25304600 -0.92874900 -0.92035600 -0.21461000 0.32693200 -0.28204900 0.94334900 -0.17475300
0.06796700 0.03278500 -0.06182000 -0.26825000 -0.25683900 -0.92847900 -0.92107300 -0.21400300 0.32530800 -0.28225000 0.94246200 -0.17916100
0.06812000 0.03286900 -0.06206900 -0.26253000 -0.25829700 -0.92970900 -0.92272800 -0.21460400 0.32018100 -0.28222200 0.94192700 -0.18199800
0.06821500 0.03301400 -0.06228400 -0.25240300 -0.25604400 -0.93313000 -0.92585900 -0.21635100 0.30980100 -0.28120700 0.94214200 -0.18245300
0.06823400 0.03308100 -0.06234000 -0.24562700 -0.25304700 -0.93575200 -0.92975100 -0.21163700 0.30128200 -0.27427800 0.94402100 -0.18328700
0.06824300 0.03317600 -0.06234200 -0.23185800 -0.24744400 -0.94075000 -0.93389700 -0.21396700 0.28644800 -0.27217000 0.94498100 -0.18147700
0.06820800 0.03324200 -0.06227200 -0.21882600 -0.24493100 -0.94452200 -0.93757700 -0.21536900 0.27306600 -0.27030300 0.94531700 -0.18251300
0.06815800 0.03327200 -0.06223100 -0.21117900 -0.24391000 -0.94652500 -0.93972000 -0.21577800 0.26526500 -0.26894000 0.94548700 -0.18364000
0.06810600 0.03334000 -0.06220000 -0.20319000 -0.24633700 -0.94764400 -0.94177100 -0.21565600 0.25798900 -0.26791800 0.94488600 -0.18817300
0.06802000 0.03336600 -0.06220900 -0.20455900 -0.24813600 -0.94688000 -0.94146200 -0.21493500 0.25971300 -0.26796200 0.94457900 -0.18964400
0.06796400 0.03337400 -0.06220500 -0.20559900 -0.24864200 -0.94652300 -0.94126600 -0.21447800 0.26079800 -0.26785400 0.94455000 -0.18994200
0.06794900 0.03337800 -0.06220200 -0.20580600 -0.24855800 -0.94649900 -0.94122800 -0.21443300 0.26097200 -0.26782800 0.94458200 -0.18981800
0.06794800 0.03334800 -0.06216200 -0.20598500 -0.24517300 -0.94734300 -0.94130600 -0.21491500 0.26029200 -0.26741500 0.94535700 -0.18651400
0.06800900 0.03328900 -0.06212200 -0.20446400 -0.23915600 -0.94920900 -0.94174700 -0.21646700 0.25739600 -0.26703000 0.94654400 -0.18096500
0.06805200 0.03326900 -0.06212300 -0.20289000 -0.23421800 -0.95077600 -0.94210800 -0.21802400 0.25474900 -0.26695900 0.94742100 -0.17642400
0.06815700 0.03324700 -0.06216800 -0.20175500 -0.23193000 -0.95157900 -0.94229600 -0.21904300 0.25317500 -0.26715600 0.94774900 -0.17435400
0.06822400 0.03322600 -0.06221400 -0.19869600 -0.23180300 -0.95225300 -0.94310500 -0.21907700 0.25011600 -0.26659500 0.94777200 -0.17508500
0.06824500 0.03322900 -0.06222300 -0.19807300 -0.22983500 -0.95286000 -0.94322000 -0.21976200 0.24907700 -0.26664900 0.94809300 -0.17325600
0.06826100 0.03322200 -0.06221500 -0.19267200 -0.23127300 -0.95361900 -0.94474000 -0.21895300 0.24397900 -0.26522400 0.94793000 -0.17630700
0.06826100 0.03319000 -0.06222800 -0.19009500 -0.23183400 -0.95400000 -0.94547800 -0.21851300 0.24149800 -0.26444900 0.94789400 -0.17765500
0.06829800 0.03316100 -0.06228100 -0.18732800 -0.23249200 -0.95438700 -0.94618900 -0.21829800 0.23889700 -0.26388200 0.94778300 -0.17908800
0.06832500 0.03314600 -0.06231700 -0.18725000 -0.23253700 -0.95439100 -0.94617300 -0.21841400 0.23885400 -0.26399500 0.94774500 -0.17912200
0.06840400 0.03311500 -0.06244100 -0.18740000 -0.23259100 -0.95434900 -0.94603400 -0.21876400 0.23908400 -0.26438600 0.94765100 -0.17904300
0.06849600 0.03307100 -0.06256200 -0.18793100 -0.23549800 -0.95353100 -0.94582700 -0.21829600 0.24032600 -0.26474800 0.94704100 -0.18171600
0.06852800 0.03302600 -0.06258900 -0.18788300 -0.23543500 -0.95355600 -0.94584300 -0.21829900 0.24026200 -0.26472700 0.94705600 -0.18167000
0.06854200 0.03293400 -0.06255200 -0.18759600 -0.23276200 -0.95426800 -0.94603300 -0.21854700 0.23928400 -0.26424900 0.94765900 -0.17920200
0.06853200 0.03291200 -0.06248000 -0.18761700 -0.23231000 -0.95437400 -0.94612200 -0.21832200 0.23913700 -0.26391500 0.94782200 -0.17883300
0.06850200 0.03291700 -0.06247100 -0.18792300 -0.23224600 -0.95433000 -0.94607800 -0.21822100 0.23940400 -0.26385600 0.94786100 -0.17871400
0.06849100 0.03291600 -0.06247200 -0.18875400 -0.23523300 -0.95343400 -0.94591600 -0.21730300 0.24087800 -0.26384700 0.94733500 -0.18149400
0.06847900 0.03293500 -0.06247700 -0.18869400 -0.23497700 -0.95350900 -0.94591100 -0.21743800 0.24077500 -0.26390600 0.94736700 -0.18123800
0.06849200 0.03292900 -0.06248800 -0.18893100 -0.23490300 -0.95348000 -0.94586300 -0.21741100 0.24098400 -0.26390600 0.94739200 -0.18111000
0.06850300 0.03293300 -0.06249600 -0.18899700 -0.23489700 -0.95346800 -0.94583800 -0.21744400 0.24105400 -0.26395000 0.94738600 -0.18107800
0.06852000 0.03294500 -0.06250500 -0.18928700 -0.23483000 -0.95342700 -0.94576800 -0.21745100 0.24132500 -0.26399400 0.94740100 -0.18093500
0.06852300 0.03295200 -0.06250000 -0.18938800 -0.23480000 -0.95341400 -0.94575100 -0.21742800 0.24141200 -0.26398300 0.94741300 -0.18088500
0.06850600 0.03296000 -0.06248800 -0.18974100 -0.23469400 -0.95337000 -0.94569800 -0.21732300 0.24171200 -0.26391800 0.94746400 -0.18071500
0.06850300 0.03295200 -0.06248800 -0.18965400 -0.23471200 -0.95338300 -0.94571900 -0.21731900 0.24163100 -0.26390300 0.94746000 -0.18075600
0.06851700 0.03293100 -0.06250400 -0.18964100 -0.23471000 -0.95338600 -0.94572200 -0.21732400 0.24161800 -0.26390500 0.94746000 -0.18075700
0.06857000 0.03291100 -0.06254300 -0.18956200 -0.23474800 -0.95339300 -0.94570600 -0.21744100 0.24157300 -0.26401600 0.94742400 -0.18078400
0.06858200 0.03290800 -0.06256400 -0.18952900 -0.23477700 -0.95339200 -0.94569100 -0.21752000 0.24156300 -0.26409600 0.94739800 -0.18080000
0.06858200 0.03288000 -0.06258000 -0.18976200 -0.23469800 -0.95336600 -0.94565900 -0.21744500 0.24175700 -0.26404500 0.94743500 -0.18068100
0.06857300 0.03285200 -0.06259000 -0.18991400 -0.23463700 -0.95335000 -0.94564600 -0.21736400 0.24187700 -0.26397800 0.94746900 -0.18060300
0.06856900 0.03285200 -0.06258300 -0.18802400 -0.23588400 -0.95341700 -0.94447700 -0.22289800 0.24140800 -0.26945900 0.94587200 -0.18087700
0.06856300 0.03284600 -0.06257600 -0.18537800 -0.23644500 -0.95379600 -0.94520900 -0.22252500 0.23887300 -0.26872400 0.94582000 -0.18223900
0.06858400 0.03281500 -0.06256000 -0.18002700 -0.23540800 -0.95507700 -0.94490200 -0.22847900 0.23442500 -0.27340100 0.94465800 -0.18130500
0.06869000 0.03279600 -0.06257700 -0.17433300 -0.23567300 -0.95606700 -0.94452500 -0.23444100 0.23001800 -0.27835100 0.94313000 -0.18172800
0.06874900 0.03278200 -0.06258500 -0.17054400 -0.23380200 -0.95720900 -0.94540200 -0.23497600 0.22583300 -0.27772200 0.94346300 -0.18096300
0.06887300 0.03277600 -0.06257800 -0.16327600 -0.22856100 -0.95973900 -0.94520500 -0.24252500 0.21856000 -0.28271500 0.94283600 -0.17643800
0.06902500 0.03275400 -0.06259600 -0.15596800 -0.21851400 -0.96328800 -0.94648400 -0.24591300 0.20903000 -0.28256100 0.94433900 -0.16846600
0.06918600 0.03273100 -0.06259500 -0.15205200 -0.20837800 -0.96615600 -0.94698800 -0.24918600 0.20277900 -0.28300700 0.94577200 -0.15944200
0.06927800 0.03271600 -0.06260300 -0.14891600 -0.20642100 -0.96706400 -0.94757100 -0.24982200 0.19923900 -0.28272200 0.94603300 -0.15839600
0.06946000 0.03266900 -0.06263200 -0.14362000 -0.20408600 -0.96836000 -0.94857100 -0.25054800 0.19348900 -0.28210900 0.94634800 -0.15760600
0.06960500 0.03261700 -0.06264800 -0.13892800 -0.19923100 -0.97005400 -0.94940500 -0.25179900 0.18768500 -0.28165100 0.94705000 -0.15416900
0.06968500 0.03259500 -0.06264900 -0.13798200 -0.19631300 -0.97078300 -0.94950900 -0.25262300 0.18604400 -0.28176500 0.94743900 -0.15154300
0.06982600 0.03257200 -0.06260400 -0.13603700 -0.19097200 -0.97212200 -0.94975700 -0.25404400 0.18281400 -0.28187500 0.94815100 -0.14681800
0.06987900 0.03263000 -0.06253700 -0.13533900 -0.18846200 -0.97270900 -0.94983700 -0.25468500 0.18150200 -0.28194100 0.94848100 -0.14454000
0.06987900 0.03265200 -0.06250600 -0.13569400 -0.18841100 -0.97267000 -0.94981100 -0.25456000 0.18181500 -0.28185900 0.94852500 -0.14441300
0.06980200 0.03264300 -0.06240100 -0.13531800 -0.18891700 -0.97262400 -0.94836500 -0.25952000 0.18235100 -0.28686500 0.94707900 -0.14404400
0.06968100 0.03258100 -0.06225600 -0.13434600 -0.18800400 -0.97293600 -0.94705700 -0.26456800 0.18189500 -0.29160500 0.94586300 -0.14250700
0.06952400 0.03250500 -0.06211100 -0.13301100 -0.18397300 -0.97388900 -0.94574800 -0.27032400 0.18023300 -0.29642400 0.94502800 -0.13803600
0.06945600 0.03247800 -0.06205100 -0.13138600 -0.18431200 -0.97404600 -0.94620700 -0.26975200 0.17867300 -0.29568300 0.94512500 -0.13895600
0.06938600 0.03249100 -0.06201200 -0.13092900 -0.18447800 -0.97407600 -0.94637900 -0.26944100 0.17823400 -0.29533600 0.94518100 -0.13930900
0.06934000 0.03252900 -0.06202200 -0.13120900 -0.18447300 -0.97403900 -0.94630400 -0.26951600 0.17851600 -0.29545100 0.94516100 -0.13920500
0.06932100 0.03253100 -0.06200900 -0.12997500 -0.18528200 -0.97405100 -0.94475500 -0.27498800 0.17837300 -0.30090200 0.94342500 -0.13930500
0.06931400 0.03251500 -0.06199500 -0.12857300 -0.18609600 -0.97408200 -0.94320000 -0.28046400 0.17807800 -0.30633500 0.94165100 -0.13946600
0.06931100 0.03249500 -0.06197900 -0.12939300 -0.18886000 -0.97344100 -0.94318900 -0.27952700 0.17960300 -0.30602400 0.94137900 -0.14196200
0.06932700 0.03249900 -0.06198800 -0.12927800 -0.18882100 -0.97346400 -0.94318900 -0.27959900 0.17949100 -0.30607200 0.94136500 -0.14194800
0.06933600 0.03249300 -0.06199200 -0.12939600 -0.18879000 -0.97345400 -0.94317700 -0.27957600 0.17959200 -0.30606000 0.94137800 -0.14188700
0.06936400 0.03250200 -0.06199700 -0.12934800 -0.18880900 -0.97345700 -0.94316700 -0.27962900 0.17955900 -0.30611000 0.94135900 -0.14191000
0.06936600 0.03251300 -0.06200100 -0.12929800 -0.18883600 -0.97345800 -0.94315800 -0.27968200 0.17952700 -0.30616100 0.94133800 -0.14194000
0.06935200 0.03251600 -0.06199300 -0.12965400 -0.18875100 -0.97342700 -0.94312600 -0.27959100 0.17983200 -0.30610500 0.94138200 -0.14176600
0.06933700 0.03251600 -0.06198700 -0.12974300 -0.18872700 -0.97342000 -0.94312500 -0.27954900 0.17990400 -0.30607200 0.94139900 -0.14172400
0.06933400 0.03252100 -0.06198300 -0.12987000 -0.18869900 -0.97340800 -0.94311100 -0.27952400 0.18001500 -0.30606000 0.94141200 -0.14166300
0.06936200 0.03255700 -0.06196700 -0.13017000 -0.19165900 -0.97279000 -0.94309700 -0.27884700 0.18113500 -0.30597700 0.94101500 -0.14445600
0.06937600 0.03257800 -0.06195000 -0.12998400 -0.19161900 -0.97282300 -0.94311900 -0.27889400 0.18095000 -0.30598900 0.94100900 -0.14446800
0.06941900 0.03260100 -0.06191800 -0.12992500 -0.19159500 -0.97283600 -0.94314100 -0.27886500 0.18088000 -0.30594600 0.94102300 -0.14446900
0.06942900 0.03263200 -0.06190500 -0.13003700 -0.19158400 -0.97282200 -0.94311200 -0.27889200 0.18099000 -0.30598800 0.94101700 -0.14441900
0.06943800 0.03264300 -0.06190300 -0.13054300 -0.19387800 -0.97230000 -0.94306200 -0.27832800 0.18211600 -0.30592700 0.94071400 -0.14650500
0.06942800 0.03264700 -0.06190000 -0.13056400 -0.19442200 -0.97218900 -0.94308000 -0.27815800 0.18228100 -0.30586200 0.94065200 -0.14703800
0.06940800 0.03265100 -0.06189800 -0.13065500 -0.19437800 -0.97218500 -0.94307000 -0.27814600 0.18235400 -0.30585500 0.94066500 -0.14697100
0.06940200 0.03264500 -0.06189600 -0.13071500 -0.19435800 -0.97218100 -0.94307100 -0.27811200 0.18240100 -0.30582700 0.94067900 -0.14694000
0.06940100 0.03264100 -0.06189300 -0.13136600 -0.19746800 -0.97146700 -0.94303200 -0.27726700 0.18388000 -0.30566700 0.94028100 -0.14979600
0.06939300 0.03262800 -0.06189100 -0.13140400 -0.19710800 -0.97153500 -0.94305100 -0.27725400 0.18380100 -0.30559100 0.94036000 -0.14945000
0.06937900 0.03261500 -0.06188900 -0.13152200 -0.19705700 -0.97152900 -0.94305300 -0.27718800 0.18388900 -0.30553300 0.94039000 -0.14937900
0.06935700 0.03261800 -0.06189400 -0.13164600 -0.19704100 -0.97151600 -0.94303100 -0.27718700 0.18400400 -0.30554900 0.94039400 -0.14932600
0.06935100 0.03261800 -0.06190100 -0.13169700 -0.19703900 -0.97150900 -0.94301700 -0.27720100 0.18405500 -0.30557000 0.94039000 -0.14930500
0.06934600 0.03260700 -0.06191500 -0.13239900 -0.20014200 -0.97077900 -0.94295400 -0.27639300 0.18558700 -0.30546100 0.93997200 -0.15213100
0.06932500 0.03259400 -0.06192000 -0.13237000 -0.19981800 -0.97085000 -0.94297500 -0.27640900 0.18545900 -0.30541000 0.94003700 -0.15183500
0.06931100 0.03260200 -0.06192100 -0.13257000 -0.19977200 -0.97083200 -0.94294400 -0.27639500 0.18563700 -0.30541900 0.94005100 -0.15173200
0.06928300 0.03261300 -0.06191300 -0.13269400 -0.19975000 -0.97081900 -0.94292900 -0.27637100 0.18574700 -0.30541000 0.94006200 -0.15167700
0.06925900 0.03262000 -0.06190900 -0.13281500 -0.19972900 -0.97080700 -0.94291600 -0.27634500 0.18585300 -0.30539900 0.94007500 -0.15162500
0.06925600 0.03261400 -0.06191400 -0.13285700 -0.19971900 -0.97080300 -0.94291000 -0.27633800 0.18589000 -0.30539600 0.94007900 -0.15160400
0.06926400 0.03259400 -0.06193500 -0.13289500 -0.19971400 -0.97079900 -0.94289800 -0.27635600 0.18592800 -0.30541900 0.94007400 -0.15158400
0.06927900 0.03256100 -0.06198600 -0.13337700 -0.20177200 -0.97030800 -0.94282200 -0.27590900 0.18697200 -0.30544300 0.93976600 -0.15343500
0.06926500 0.03254300 -0.06204000 -0.13370400 -0.20254100 -0.97010200 -0.94275800 -0.27576400 0.18751000 -0.30549800 0.93964400 -0.15407600
0.06925200 0.03254500 -0.06205800 -0.13378700 -0.20252300 -0.97009500 -0.94272400 -0.27582200 0.18759400 -0.30556600 0.93963000 -0.15402200
