0.08157600 0.04441400 -0.05182400 0.21398100 0.42136800 -0.88128300 -0.97521600 0.04019600 -0.21756900 -0.05625200 0.90599800 0.41952600
0.08116600 0.04407200 -0.05228200 0.20950700 0.42324800 -0.88145700 -0.97578400 0.03254100 -0.21630100 -0.06286500 0.90542900 0.41981600
0.08024300 0.04334100 -0.05313000 0.20416900 0.42409400 -0.88230200 -0.97531300 0.01066700 -0.22056500 -0.08412800 0.90555400 0.41580200
0.07924000 0.04251900 -0.05385600 0.20406100 0.42245100 -0.88311500 -0.97386400 -0.00429800 -0.22708600 -0.09972800 0.90637500 0.41053300
0.07814400 0.04163700 -0.05458400 0.20524200 0.42332200 -0.88242500 -0.97190100 -0.01801700 -0.23469700 -0.11525100 0.90580000 0.40772900
0.07762500 0.04121900 -0.05492800 0.20086200 0.42474600 -0.88274800 -0.97123500 -0.03130000 -0.23605700 -0.12789400 0.90477100 0.40624100
0.07648000 0.04031800 -0.05563700 0.19887500 0.42383000 -0.88363700 -0.96767400 -0.05776600 -0.24549600 -0.15509300 0.90389700 0.39864100
0.07540400 0.03938000 -0.05632900 0.20928200 0.41735400 -0.88431600 -0.96243500 -0.07205000 -0.26177400 -0.17296700 0.90588300 0.38659800
0.07489600 0.03889400 -0.05670500 0.21260800 0.41524600 -0.88451500 -0.95791900 -0.09007200 -0.27253700 -0.19284100 0.90523900 0.37862200
0.07401600 0.03794300 -0.05752200 0.22274000 0.41041100 -0.88427900 -0.95115800 -0.10738400 -0.28942500 -0.21374100 0.90555500 0.36644700
0.07329800 0.03708500 -0.05839300 0.22585300 0.40924100 -0.88403100 -0.94767000 -0.11789000 -0.29668700 -0.22563500 0.90477700 0.36120000
0.07264600 0.03635500 -0.05925400 0.22562500 0.40885500 -0.88426700 -0.94746000 -0.11916300 -0.29684700 -0.22674000 0.90478500 0.36048700
0.07235200 0.03604600 -0.05969600 0.22522000 0.40855100 -0.88451200 -0.94717300 -0.12094900 -0.29704100 -0.22833700 0.90468600 0.35972800
0.07181900 0.03554200 -0.06046500 0.21636800 0.41187100 -0.88518100 -0.94605200 -0.13552700 -0.29430700 -0.24118300 0.90110700 0.36032800
0.07124900 0.03504400 -0.06103500 0.20650900 0.41564800 -0.88577100 -0.94518100 -0.14929600 -0.29041800 -0.25295400 0.89718800 0.36203200
0.07094600 0.03476200 -0.06123200 0.20408100 0.41644900 -0.88595700 -0.94568000 -0.15007700 -0.28838300 -0.25305900 0.89668600 0.36320000
0.07039100 0.03426400 -0.06148300 0.19553200 0.41988900 -0.88626100 -0.94299800 -0.16765400 -0.28748000 -0.26929500 0.89195500 0.36317300
0.06980400 0.03389000 -0.06165800 0.18282900 0.42774900 -0.88521300 -0.93093800 -0.21418300 -0.29576900 -0.31611300 0.87815400 0.35904900
0.06950800 0.03368200 -0.06170900 0.18262200 0.42826600 -0.88500600 -0.92232200 -0.23715700 -0.30508600 -0.34054300 0.87197700 0.35168900
0.06902600 0.03321600 -0.06179000 0.18120400 0.43058900 -0.88417000 -0.90701700 -0.27432000 -0.31948000 -0.38011000 0.85985000 0.34084300
0.06860300 0.03272100 -0.06184100 0.17116800 0.43521100 -0.88390700 -0.89862000 -0.29887600 -0.32117600 -0.40395800 0.84927200 0.33993200
0.06820400 0.03224000 -0.06186300 0.16198100 0.43858400 -0.88397100 -0.89185900 -0.31830500 -0.32135400 -0.42231300 0.84043100 0.33959600
0.06804300 0.03205500 -0.06188800 0.15953400 0.43944300 -0.88399000 -0.88890200 -0.32557100 -0.32226600 -0.42941900 0.83719300 0.33868200
0.06776100 0.03175600 -0.06193600 0.15873300 0.44035400 -0.88368000 -0.88021100 -0.34232500 -0.32869600 -0.44724800 0.83000100 0.33326600
0.06748100 0.03152200 -0.06191600 0.15535700 0.44169600 -0.88361000 -0.87546600 -0.35280400 -0.33028400 -0.45762600 0.82488300 0.33188000
0.06734300 0.03142900 -0.06187900 0.15421300 0.44191500 -0.88370100 -0.87585000 -0.35280000 -0.32926900 -0.45727900 0.82476700 0.33264500
0.06708200 0.03128800 -0.06170000 0.14652100 0.44404300 -0.88394300 -0.87247900 -0.36309400 -0.32701900 -0.46616600 0.81913800 0.33421700
0.06688100 0.03108700 -0.06144300 0.13942800 0.44615000 -0.88402900 -0.86911000 -0.37270600 -0.32517200 -0.47455900 0.81365700 0.33578800
0.06675500 0.03098400 -0.06128600 0.13566800 0.45006200 -0.88263000 -0.86699200 -0.37722400 -0.32561500 -0.47949700 0.80941000 0.33902300
0.06651200 0.03071900 -0.06092000 0.12807400 0.45194300 -0.88280400 -0.86377200 -0.38656400 -0.32321100 -0.48733300 0.80393700 0.34086700
0.06630500 0.03044400 -0.06054700 0.12324700 0.45594200 -0.88143400 -0.86232300 -0.39037100 -0.32250300 -0.49113000 0.79982900 0.34505800
0.06611000 0.03025000 -0.06023200 0.11599000 0.45795400 -0.88137600 -0.85538800 -0.40496000 -0.32298300 -0.50483300 0.79138100 0.34475700
0.06602900 0.03013500 -0.06010700 0.11543400 0.45844800 -0.88119100 -0.85249800 -0.40959700 -0.32477200 -0.50982500 0.78870400 0.34354500
0.06594400 0.02993900 -0.05996900 0.12314200 0.45838700 -0.88017900 -0.84336500 -0.41911800 -0.33626400 -0.52303900 0.78372100 0.33497700
0.06594000 0.02989100 -0.05991700 0.11959400 0.45988400 -0.87988800 -0.83556600 -0.43203200 -0.33937700 -0.53621400 0.77579200 0.33259500
0.06594000 0.02988500 -0.05990800 0.11586900 0.46069900 -0.87996000 -0.83225300 -0.43853200 -0.33917900 -0.54215100 0.77165000 0.33260600
0.06595800 0.02989900 -0.05991600 0.11244800 0.46126400 -0.88010700 -0.82968800 -0.44380600 -0.33860500 -0.54678300 0.76829100 0.33280000
0.06592000 0.02995800 -0.05985200 0.10326300 0.46257600 -0.88054400 -0.82551100 -0.45398600 -0.33530200 -0.55485800 0.76152400 0.33498200
0.06579100 0.02999800 -0.05969100 0.09677800 0.46647600 -0.87922300 -0.81990200 -0.46344100 -0.33613000 -0.56426400 0.75340600 0.33761400
0.06571600 0.03000000 -0.05959000 0.09649500 0.46637000 -0.87931000 -0.82016000 -0.46328000 -0.33572000 -0.56393700 0.75357100 0.33779400
0.06556500 0.02993800 -0.05935600 0.09252400 0.46703600 -0.87938400 -0.81817000 -0.46768400 -0.33446800 -0.56748200 0.75043200 0.33884200
0.06540300 0.02974000 -0.05909300 0.08559100 0.46830100 -0.87941300 -0.81359400 -0.47662900 -0.33299800 -0.57509800 0.74398700 0.34021200
0.06531100 0.02962000 -0.05896000 0.08184200 0.46890000 -0.87945100 -0.81133800 -0.48113000 -0.33203000 -0.57881900 0.74070600 0.34105900
0.06510800 0.02939900 -0.05867300 0.07985000 0.46926900 -0.87943600 -0.81255200 -0.48039600 -0.33011800 -0.57739200 0.74094900 0.34294600
0.06490500 0.02917300 -0.05838300 0.07785600 0.46992200 -0.87926700 -0.80990100 -0.48448900 -0.33064800 -0.58137500 0.73786300 0.34287000
0.06475000 0.02899900 -0.05808100 0.07350100 0.47065200 -0.87925100 -0.80814300 -0.48850100 -0.32904500 -0.58438100 0.73474600 0.34444900
0.06468200 0.02894800 -0.05791900 0.07291000 0.47082700 -0.87920700 -0.80865300 -0.48807100 -0.32842800 -0.58374900 0.73491900 0.34515100
0.06456200 0.02886200 -0.05762400 0.06912200 0.47147400 -0.87916500 -0.80663700 -0.49212500 -0.32733400 -0.58699000 0.73179400 0.34629200
0.06449400 0.02882800 -0.05735800 0.06570100 0.47205800 -0.87911500 -0.80441700 -0.49624100 -0.32658500 -0.59042000 0.72863200 0.34712800
0.06447800 0.02883500 -0.05724400 0.06270000 0.47245300 -0.87912100 -0.80171600 -0.50077500 -0.32630400 -0.59440600 0.72526600 0.34737500
0.06445700 0.02886900 -0.05704500 0.05979200 0.47290500 -0.87908100 -0.79914400 -0.50503900 -0.32604200 -0.59815800 0.72200800 0.34772200
0.06447400 0.02891600 -0.05689800 0.05700600 0.47329300 -0.87905700 -0.79637800 -0.50945400 -0.32594000 -0.60210500 0.71864300 0.34787900
0.06450400 0.02896900 -0.05681100 0.04594300 0.47424000 -0.87919500 -0.78413900 -0.52814800 -0.32586100 -0.61888200 0.70438300 0.34760500
0.06452600 0.02898800 -0.05677600 0.04110900 0.47454800 -0.87926800 -0.77882000 -0.53604600 -0.32572000 -0.62589800 0.69818200 0.34755100
0.06456400 0.02904200 -0.05671300 0.02577800 0.47752600 -0.87823800 -0.76123500 -0.56006800 -0.32687000 -0.64796300 0.67697300 0.34907200
0.06455700 0.02910700 -0.05657400 0.00170100 0.48218500 -0.87606700 -0.73758100 -0.59096600 -0.32669800 -0.67525500 0.64672700 0.35464500
0.06451200 0.02911000 -0.05643300 -0.00782600 0.48731200 -0.87319200 -0.73533100 -0.59457000 -0.32522800 -0.67766200 0.63954100 0.36298800
0.06445300 0.02909000 -0.05605400 -0.02867200 0.50314200 -0.86372700 -0.73108000 -0.59983300 -0.32514800 -0.68168800 0.62213200 0.38503500
0.06453200 0.02909300 -0.05569700 -0.04995900 0.51571800 -0.85530000 -0.72011400 -0.61199500 -0.32695100 -0.69205400 0.59958000 0.40195000
0.06469900 0.02907400 -0.05539300 -0.06114300 0.52406700 -0.84947800 -0.70678600 -0.62367400 -0.33389000 -0.70478000 0.57998500 0.40853600
0.06479700 0.02906200 -0.05525100 -0.06344000 0.52692600 -0.84753900 -0.70346300 -0.62600300 -0.33653900 -0.70789300 0.57486300 0.41038700
0.06497300 0.02914900 -0.05506400 -0.06564300 0.52643400 -0.84767700 -0.70009100 -0.62962900 -0.33680500 -0.71102800 0.57134300 0.40988300
0.06526200 0.02933300 -0.05503500 -0.08085000 0.52380200 -0.84799400 -0.68078600 -0.65042800 -0.33685800 -0.72800600 0.55006700 0.40918400
0.06545700 0.02941100 -0.05507000 -0.09352400 0.52350400 -0.84687300 -0.66468300 -0.66611300 -0.33836200 -0.74124800 0.53125700 0.41026200
0.06577600 0.02958600 -0.05516100 -0.11526500 0.52541700 -0.84300000 -0.63895800 -0.68900000 -0.34206800 -0.76055600 0.49921300 0.41513700
0.06603000 0.02978300 -0.05531900 -0.14970400 0.53588400 -0.83091200 -0.61538200 -0.70826900 -0.34591500 -0.77388100 0.45954400 0.43580400
0.06630100 0.02987000 -0.05548400 -0.18043500 0.55570000 -0.81156600 -0.61195600 -0.70938800 -0.34968100 -0.77003400 0.43354800 0.46806300
0.06643900 0.02989900 -0.05554000 -0.19317800 0.56762900 -0.80029900 -0.61118200 -0.70770000 -0.35442300 -0.76755300 0.42066200 0.48363600
0.06676200 0.02983400 -0.05562800 -0.21629400 0.58343600 -0.78282700 -0.60379400 -0.71002400 -0.36235000 -0.76723500 0.39429200 0.50584900
0.06710000 0.02968000 -0.05573200 -0.23877000 0.58431800 -0.77560300 -0.58890600 -0.72219900 -0.36279000 -0.77212500 0.37013400 0.51654800
0.06723900 0.02962500 -0.05577500 -0.24962500 0.58256100 -0.77350300 -0.58049200 -0.72937600 -0.36199100 -0.77505800 0.35865100 0.52024300
0.06741300 0.02952400 -0.05582600 -0.26159500 0.58222200 -0.76979500 -0.56713100 -0.73808100 -0.36551000 -0.78097900 0.34095900 0.52327400
0.06757600 0.02940200 -0.05590600 -0.27677800 0.58063000 -0.76567700 -0.54996400 -0.74911800 -0.36927100 -0.78799200 0.31888800 0.52666500
0.06766400 0.02930000 -0.05598700 -0.29400500 0.58270200 -0.75764000 -0.53660500 -0.75659100 -0.37366300 -0.79095800 0.29669500 0.53512200
0.06763900 0.02927500 -0.05600000 -0.30146700 0.58549200 -0.75253800 -0.53226000 -0.75817400 -0.37665400 -0.79108400 0.28699800 0.54019900
0.06757600 0.02920700 -0.05601000 -0.32733300 0.58318800 -0.74346800 -0.51780100 -0.76886600 -0.37513400 -0.79040100 0.26217500 0.55365100
0.06756500 0.02903600 -0.05608900 -0.35075000 0.57725900 -0.73739000 -0.49897800 -0.78153200 -0.37446900 -0.79246100 0.23659700 0.56216200
0.06756400 0.02895300 -0.05615800 -0.36033000 0.57438600 -0.73501200 -0.48842400 -0.78747100 -0.37593800 -0.79473500 0.22353600 0.56429300
0.06761300 0.02880100 -0.05636100 -0.38566600 0.56123100 -0.73231200 -0.45649300 -0.80582900 -0.37716500 -0.80179500 0.18883600 0.56697900
0.06766400 0.02864600 -0.05651700 -0.40927800 0.54626900 -0.73080800 -0.42815600 -0.82228700 -0.37486600 -0.80571300 0.15947600 0.57043300
0.06768700 0.02853000 -0.05657900 -0.41645400 0.54571000 -0.72716200 -0.42232500 -0.82440800 -0.37681800 -0.80511200 0.15017100 0.57379500
0.06773900 0.02823800 -0.05676900 -0.43743600 0.54258300 -0.71711300 -0.40393700 -0.83103500 -0.38237900 -0.80341900 0.12240300 0.58269400
0.06778800 0.02793800 -0.05703800 -0.45737800 0.54427800 -0.70325400 -0.39100500 -0.83336000 -0.39067300 -0.79869900 0.09629000 0.59397500
0.06776000 0.02760500 -0.05725900 -0.46744200 0.55556600 -0.68763600 -0.39403200 -0.82724400 -0.40050500 -0.79135000 0.08373800 0.60560000
0.06771600 0.02746300 -0.05736400 -0.47130400 0.56041900 -0.68103000 -0.39542300 -0.82447900 -0.40481200 -0.78836000 0.07850500 0.61018300
0.06760000 0.02721000 -0.05752200 -0.47978200 0.56385900 -0.67221300 -0.39252000 -0.82314800 -0.41031000 -0.78468900 0.06699800 0.61625800
0.06751000 0.02691700 -0.05766600 -0.48300900 0.56257600 -0.67097600 -0.38684300 -0.82455400 -0.41286900 -0.78552700 0.06014200 0.61589600
0.06749400 0.02674700 -0.05774900 -0.48395800 0.56148300 -0.67120800 -0.38059600 -0.82572500 -0.41632200 -0.78799100 0.05397700 0.61331400
0.06740800 0.02645600 -0.05793200 -0.49031500 0.55838900 -0.66917300 -0.37460100 -0.82828200 -0.41668000 -0.78693400 0.04636800 0.61529200
0.06731800 0.02629100 -0.05808000 -0.49603200 0.55563800 -0.66724600 -0.36941700 -0.83047600 -0.41694000 -0.78580000 0.03967700 0.61720500
0.06731100 0.02614900 -0.05822500 -0.49501200 0.55629400 -0.66745700 -0.36802300 -0.83010300 -0.41891100 -0.78709600 0.03827400 0.61564000
0.06734000 0.02608300 -0.05830900 -0.49695200 0.55739500 -0.66509200 -0.36819600 -0.82945900 -0.42003400 -0.78579200 0.03614700 0.61743200
0.06740700 0.02596100 -0.05843600 -0.49565900 0.55808600 -0.66547800 -0.36679300 -0.82904900 -0.42206700 -0.78726400 0.03489200 0.61562800
0.06753700 0.02582600 -0.05852500 -0.49559900 0.56076100 -0.66327000 -0.36631900 -0.82736000 -0.42577500 -0.78752200 0.03195500 0.61545600
0.06760000 0.02577800 -0.05856800 -0.49708700 0.56223300 -0.66090600 -0.36681900 -0.82643000 -0.42714900 -0.78635000 0.03010300 0.61704600
0.06768400 0.02572500 -0.05863900 -0.49888300 0.56297900 -0.65891500 -0.36677100 -0.82599100 -0.42803700 -0.78523400 0.02813000 0.61855800
0.06773300 0.02576100 -0.05866700 -0.50057100 0.56388000 -0.65686100 -0.36676900 -0.82544300 -0.42909600 -0.78416100 0.02612400 0.62000600
0.06773600 0.02579700 -0.05870300 -0.50217200 0.56492200 -0.65474000 -0.36683600 -0.82479100 -0.43029000 -0.78310500 0.02410300 0.62142100
0.06772000 0.02581500 -0.05872900 -0.50401200 0.56601600 -0.65237800 -0.36702200 -0.82410000 -0.43145300 -0.78183500 0.02197900 0.62309700
0.06766700 0.02586000 -0.05875400 -0.50593500 0.56624100 -0.65069100 -0.36670400 -0.82399400 -0.43192700 -0.78074100 0.02008400 0.62453100
0.06758700 0.02590100 -0.05874400 -0.50671500 0.56556500 -0.65067300 -0.36616900 -0.82447000 -0.43147300 -0.78048600 0.01962300 0.62486400
0.06756100 0.02590900 -0.05874600 -0.50687100 0.56536900 -0.65072100 -0.36603900 -0.82460500 -0.43132500 -0.78044600 0.01956300 0.62491600
0.06750000 0.02594000 -0.05873600 -0.50439100 0.56750900 -0.65078600 -0.37035200 -0.82302200 -0.43066500 -0.78001800 0.02379600 0.62530300
0.06743700 0.02597700 -0.05874200 -0.50525200 0.56657200 -0.65093400 -0.36970000 -0.82367800 -0.42997000 -0.77977000 0.02340800 0.62562700
0.06741700 0.02601500 -0.05875800 -0.50572700 0.56602700 -0.65103900 -0.36923900 -0.82406200 -0.42963200 -0.77968100 0.02311200 0.62575000
0.06742100 0.02601600 -0.05877000 -0.50234900 0.56909100 -0.65098400 -0.37410000 -0.82180900 -0.42974200 -0.77954700 0.02765300 0.62573200
0.06747500 0.02597700 -0.05881200 -0.49886500 0.57223200 -0.65090900 -0.37899300 -0.81945800 -0.42994300 -0.77942000 0.03220700 0.62567100
0.06752000 0.02593700 -0.05884300 -0.49693700 0.57655600 -0.64856400 -0.38421900 -0.81631200 -0.43128700 -0.77809300 0.03486800 0.62718000
0.06753500 0.02593300 -0.05884400 -0.49845300 0.57797600 -0.64613300 -0.38469800 -0.81538800 -0.43260600 -0.77688500 0.03293200 0.62877900
0.06757300 0.02590900 -0.05884300 -0.49712300 0.58305500 -0.64258400 -0.39023300 -0.81169000 -0.43459900 -0.77497500 0.03470800 0.63103700
0.06761800 0.02590500 -0.05886300 -0.49415500 0.58648800 -0.64174900 -0.39505600 -0.80904200 -0.43517800 -0.77442900 0.03848200 0.63148800
0.06763800 0.02588400 -0.05887300 -0.49412700 0.58649300 -0.64176600 -0.39508600 -0.80903700 -0.43516100 -0.77443100 0.03852800 0.63148200
0.06765300 0.02586300 -0.05888200 -0.49412000 0.58650800 -0.64175700 -0.39511400 -0.80902500 -0.43515800 -0.77442200 0.03854600 0.63149300
0.06764000 0.02585000 -0.05890700 -0.49105500 0.58908300 -0.64175100 -0.39963200 -0.80693200 -0.43491700 -0.77405300 0.04289600 0.63166400
0.06760700 0.02584600 -0.05889900 -0.49121100 0.58894000 -0.64176300 -0.39958400 -0.80703800 -0.43476600 -0.77397800 0.04287600 0.63175700
0.06759500 0.02583700 -0.05889300 -0.48628400 0.59298000 -0.64179500 -0.40331700 -0.80388600 -0.43715200 -0.77515300 0.04626700 0.63007600
0.06758900 0.02582600 -0.05887600 -0.48636700 0.59293000 -0.64177800 -0.40337200 -0.80392000 -0.43703800 -0.77507200 0.04631500 0.63017200
0.06759000 0.02582300 -0.05886600 -0.48287100 0.59586400 -0.64170100 -0.40817900 -0.80147100 -0.43707300 -0.77474100 0.05087900 0.63022600
0.06759000 0.02582300 -0.05886600 -0.48287400 0.59586100 -0.64170100 -0.40817500 -0.80147300 -0.43707300 -0.77474200 0.05087500 0.63022600
0.06760200 0.02582600 -0.05886300 -0.47949500 0.59863700 -0.64165100 -0.41284500 -0.79910400 -0.43702400 -0.77436600 0.05535200 0.63031100
0.06760700 0.02583900 -0.05885800 -0.47599400 0.60148600 -0.64159400 -0.41753600 -0.79663800 -0.43707000 -0.77401000 0.05984600 0.63033700
0.06760400 0.02585900 -0.05883600 -0.47250100 0.60429900 -0.64153300 -0.42224300 -0.79415300 -0.43707100 -0.77359700 0.06436600 0.63039900
0.06760400 0.02585500 -0.05883200 -0.47252300 0.60428600 -0.64152900 -0.42225000 -0.79416200 -0.43704700 -0.77358000 0.06437100 0.63041900
0.06760100 0.02584800 -0.05883900 -0.46908600 0.60701300 -0.64147600 -0.42688200 -0.79170400 -0.43700700 -0.77312900 0.06884000 0.63050100
0.06760300 0.02584100 -0.05881700 -0.46562100 0.60975600 -0.64139900 -0.43160000 -0.78918300 -0.43693200 -0.77260400 0.07338300 0.63063100
0.06760200 0.02582900 -0.05880100 -0.46578700 0.60963400 -0.64139500 -0.43160000 -0.78927700 -0.43676200 -0.77250400 0.07338800 0.63075300
0.06759300 0.02580000 -0.05877900 -0.45869500 0.61515700 -0.64123200 -0.44103200 -0.78407600 -0.43670700 -0.77141900 0.08248900 0.63095600
0.06759300 0.02575900 -0.05874700 -0.45885400 0.61508600 -0.64118600 -0.44117000 -0.78412200 -0.43648700 -0.77124600 0.08258800 0.63115500
0.06760000 0.02572200 -0.05871100 -0.45895900 0.61506400 -0.64113200 -0.44133900 -0.78412600 -0.43630800 -0.77108700 0.08270900 0.63133400
0.06760200 0.02571800 -0.05869400 -0.45897900 0.61506700 -0.64111500 -0.44139400 -0.78412000 -0.43626300 -0.77104300 0.08274900 0.63138200
0.06760300 0.02571800 -0.05865500 -0.45898700 0.61510000 -0.64107800 -0.44152400 -0.78408400 -0.43619600 -0.77096400 0.08284300 0.63146600
0.06761300 0.02571300 -0.05861900 -0.45751300 0.61612400 -0.64114900 -0.44051100 -0.78338600 -0.43846800 -0.77241900 0.08182900 0.62981800
0.06761300 0.02570200 -0.05860200 -0.45380800 0.61896300 -0.64104700 -0.44529700 -0.78064700 -0.43852000 -0.77186000 0.08645200 0.62988700
0.06759200 0.02569800 -0.05858700 -0.45403500 0.61878700 -0.64105700 -0.44524800 -0.78079100 -0.43831400 -0.77175400 0.08642000 0.63002000
0.06755900 0.02572500 -0.05856700 -0.43604000 0.63191900 -0.64073900 -0.46777000 -0.76740000 -0.43850600 -0.76880300 0.10851300 0.63021000
0.06769200 0.02572600 -0.05862500 -0.40904600 0.64469900 -0.64578900 -0.49474800 -0.75134300 -0.43669900 -0.76674900 0.14087300 0.62629700
0.06785500 0.02574200 -0.05869000 -0.39106700 0.65288300 -0.64869800 -0.51212400 -0.73999800 -0.43603800 -0.76471800 0.16169400 0.62374700
0.06824000 0.02594300 -0.05883100 -0.38041100 0.65511000 -0.65277600 -0.52154400 -0.73486100 -0.43355400 -0.76372600 0.17552300 0.62121900
0.06887900 0.02644600 -0.05902400 -0.38398600 0.65151300 -0.65428100 -0.53461300 -0.73462000 -0.41775700 -0.75282300 0.18937500 0.63039100
0.06944400 0.02677400 -0.05921900 -0.38162800 0.64996400 -0.65719500 -0.55048700 -0.73098100 -0.40327400 -0.74251100 0.20787700 0.63676000
0.07115000 0.02758500 -0.05989300 -0.35196700 0.64920200 -0.67428000 -0.59277600 -0.71210400 -0.37619600 -0.72438500 0.26728900 0.63546900
0.07363700 0.02864600 -0.06087900 -0.31874400 0.63136600 -0.70694900 -0.60483700 -0.70974400 -0.36115800 -0.72977600 0.31247200 0.60810000
0.07500100 0.02923400 -0.06139800 -0.30126900 0.62176900 -0.72293800 -0.60690000 -0.70980400 -0.35756000 -0.73546400 0.33103000 0.59119400
0.07757500 0.03051400 -0.06238100 -0.27207700 0.60645300 -0.74711900 -0.60886000 -0.70972500 -0.35437200 -0.74516000 0.35847400 0.56234400
0.07978800 0.03176800 -0.06318200 -0.26654000 0.59445500 -0.75866800 -0.61230600 -0.71232900 -0.34302700 -0.74433600 0.37310700 0.55385300
0.08168700 0.03277600 -0.06371100 -0.27443400 0.58294400 -0.76476200 -0.61460400 -0.71798500 -0.32673800 -0.73955800 0.38035800 0.55531900
0.08245200 0.03312900 -0.06383600 -0.28402600 0.57625000 -0.76633200 -0.61590600 -0.72219600 -0.31478800 -0.73483900 0.38258100 0.56003800
0.08358400 0.03346000 -0.06378400 -0.29970700 0.56698200 -0.76727100 -0.61932500 -0.72737000 -0.29557900 -0.72567900 0.38660400 0.56914400
0.08428100 0.03319100 -0.06341500 -0.31416100 0.55776900 -0.76824200 -0.62561000 -0.73029100 -0.27438200 -0.71408300 0.39442000 0.57837500
0.08470400 0.03237600 -0.06287900 -0.33434000 0.54876300 -0.76620800 -0.62898400 -0.73536800 -0.25221400 -0.70185100 0.39760700 0.59102600
0.08477000 0.03184300 -0.06257900 -0.34036700 0.54698500 -0.76482400 -0.63261800 -0.73498400 -0.24411200 -0.69566000 0.40075400 0.59619700
0.08466600 0.03049700 -0.06188000 -0.34888200 0.54598800 -0.76169400 -0.64508700 -0.72947900 -0.22742400 -0.67981100 0.41201500 0.60671200
0.08434900 0.02909800 -0.06122100 -0.35512000 0.55153300 -0.75478400 -0.65903900 -0.72033600 -0.21628900 -0.66299000 0.42062400 0.61928800
0.08410000 0.02839500 -0.06088900 -0.35963500 0.55534200 -0.74983800 -0.66421000 -0.71677000 -0.21228500 -0.65535200 0.42170500 0.62663900
0.08352200 0.02715500 -0.06035200 -0.36505500 0.56058400 -0.74328900 -0.67397800 -0.70991200 -0.20439700 -0.64225200 0.42634400 0.63697800
0.08285500 0.02622300 -0.06003800 -0.37603000 0.56096700 -0.73750600 -0.67405000 -0.71173900 -0.19769300 -0.63581200 0.42277700 0.64575500
0.08198800 0.02585400 -0.05992700 -0.37937500 0.56882900 -0.72973000 -0.68356700 -0.70383400 -0.19326800 -0.62354600 0.42549900 0.65585000
0.08149800 0.02586300 -0.05991800 -0.37095900 0.57819300 -0.72669100 -0.69941300 -0.68873400 -0.19095900 -0.61090900 0.43741900 0.65988800
0.08061800 0.02600600 -0.05989700 -0.35725200 0.58814900 -0.72556800 -0.72120700 -0.66732600 -0.18583300 -0.59348900 0.45689600 0.66258200
0.08003900 0.02611400 -0.05982600 -0.34523400 0.59078800 -0.72923400 -0.73525300 -0.65315700 -0.18107100 -0.58328000 0.47366000 0.65987100
0.07986900 0.02614600 -0.05979900 -0.33783500 0.59063300 -0.73281600 -0.74273900 -0.64552300 -0.17786800 -0.57810400 0.48420100 0.65676700
0.07975900 0.02616900 -0.05982100 -0.33127400 0.59004100 -0.73627900 -0.74953200 -0.63855500 -0.17449000 -0.57311200 0.49406200 0.65379200
0.07987900 0.02606400 -0.05991300 -0.33569400 0.58444100 -0.73874000 -0.74986200 -0.64044700 -0.16593000 -0.57010200 0.49825200 0.65324400
0.07999800 0.02597600 -0.05999200 -0.33812700 0.58175000 -0.73975400 -0.74994300 -0.64144500 -0.16165500 -0.56855500 0.50011400 0.65316900
0.08022300 0.02576900 -0.06013600 -0.34722800 0.57457000 -0.74114800 -0.74985800 -0.64471600 -0.14850300 -0.56315600 0.50419200 0.65470900
0.08036600 0.02561100 -0.06025700 -0.35308900 0.57048800 -0.74153200 -0.74769100 -0.64849100 -0.14288700 -0.56239300 0.50398500 0.65552400
0.08037800 0.02555100 -0.06031000 -0.35823500 0.56869700 -0.74043900 -0.74600400 -0.65122000 -0.13924400 -0.56137700 0.50248900 0.65754000
0.08032900 0.02556100 -0.06029700 -0.35942500 0.56826700 -0.74019300 -0.74562700 -0.65183800 -0.13837000 -0.56111700 0.50217400 0.65800200
0.08011900 0.02565600 -0.06022100 -0.36215900 0.56753000 -0.73942400 -0.74576200 -0.65230700 -0.13540100 -0.55917600 0.50239800 0.65948200
0.07976800 0.02588100 -0.06017500 -0.35888200 0.57089900 -0.73842800 -0.75320400 -0.64438000 -0.13212500 -0.55125900 0.50877000 0.66126000
0.07954200 0.02602500 -0.06017800 -0.35833800 0.56975000 -0.73957900 -0.75661000 -0.64132100 -0.12746500 -0.54693100 0.51389800 0.66088900
0.07909200 0.02629500 -0.06022200 -0.35870000 0.56444900 -0.74345800 -0.75891600 -0.64007300 -0.11980000 -0.54348900 0.52125000 0.65796400
0.07867200 0.02640500 -0.06023700 -0.34746000 0.56261800 -0.75015400 -0.77198500 -0.62574200 -0.11173800 -0.53226900 0.54028300 0.65175300
0.07836300 0.02639700 -0.06018700 -0.33683700 0.56282700 -0.75482800 -0.78523600 -0.61028900 -0.10464700 -0.51956200 0.55747000 0.64752000
0.07825100 0.02638100 -0.06015800 -0.33816200 0.56042900 -0.75601900 -0.78473700 -0.61134800 -0.10217800 -0.51945500 0.55872300 0.64652400
0.07810800 0.02632300 -0.06013600 -0.33616600 0.56218000 -0.75560900 -0.78808400 -0.60720000 -0.10114700 -0.51566900 0.56148100 0.64716500
0.07806600 0.02622800 -0.06010200 -0.33273000 0.56437100 -0.75549600 -0.79194200 -0.60217400 -0.10105500 -0.51197300 0.56468600 0.64731100
0.07804600 0.02615800 -0.06006100 -0.32948400 0.56646100 -0.75535500 -0.79568500 -0.59725900 -0.10082400 -0.50825600 0.56780500 0.64751200
0.07803800 0.02594800 -0.05995000 -0.32920900 0.56675900 -0.75525100 -0.79636300 -0.59642000 -0.10043800 -0.50737200 0.56838900 0.64769300
0.07806900 0.02566700 -0.05982900 -0.32976300 0.56918700 -0.75318000 -0.79711200 -0.59533900 -0.10090800 -0.50583400 0.56709400 0.65002700
0.07806800 0.02550100 -0.05977200 -0.33040700 0.56931400 -0.75280200 -0.79734700 -0.59515500 -0.10013300 -0.50504100 0.56716100 0.65058400
0.07800700 0.02513200 -0.05967100 -0.33214500 0.56904300 -0.75224200 -0.79767300 -0.59508100 -0.09795200 -0.50338500 0.56750900 0.65156400
0.07787400 0.02463300 -0.05954600 -0.33620400 0.56867500 -0.75071600 -0.79853700 -0.59473300 -0.09289600 -0.49930400 0.56824300 0.65406000
0.07759100 0.02405300 -0.05929500 -0.33559500 0.56876100 -0.75092200 -0.79835300 -0.59484600 -0.09375400 -0.50000700 0.56803800 0.65370000
0.07733600 0.02374000 -0.05909100 -0.33453400 0.56886100 -0.75132100 -0.79805500 -0.59501900 -0.09517400 -0.50119200 0.56775700 0.65303700
0.07666300 0.02308400 -0.05849000 -0.33103200 0.56930200 -0.75253700 -0.79746700 -0.59511500 -0.09941500 -0.50444300 0.56721400 0.65100200
0.07587400 0.02243100 -0.05770100 -0.32550400 0.57023400 -0.75424000 -0.79721800 -0.59442500 -0.10535600 -0.50841700 0.56700100 0.64808900
0.07509800 0.02182600 -0.05684000 -0.32483400 0.57354100 -0.75201900 -0.79958200 -0.59121200 -0.10552000 -0.50512400 0.56702500 0.65063900
0.07472900 0.02159800 -0.05644100 -0.32515600 0.57645600 -0.74964700 -0.80091300 -0.58935700 -0.10580500 -0.50280200 0.56600000 0.65332400
0.07401200 0.02132900 -0.05575300 -0.32714400 0.57639100 -0.74883200 -0.80229000 -0.58812100 -0.10219000 -0.49930500 0.56735000 0.65483300
0.07338900 0.02122600 -0.05519800 -0.33044900 0.57598500 -0.74769200 -0.80270600 -0.58820700 -0.09836300 -0.49645300 0.56767300 0.65672000
0.07313100 0.02118600 -0.05493300 -0.33196200 0.57580900 -0.74715700 -0.80290100 -0.58823200 -0.09660300 -0.49512700 0.56782500 0.65758900
0.07271000 0.02103500 -0.05437700 -0.33078200 0.57780600 -0.74613800 -0.80716300 -0.58287000 -0.09353700 -0.48894800 0.57131500 0.65918600
0.07243000 0.02074800 -0.05376000 -0.32998600 0.57841900 -0.74601500 -0.80823900 -0.58141700 -0.09328900 -0.48770600 0.57217500 0.65936100
0.07223000 0.02026800 -0.05302600 -0.32582800 0.58065500 -0.74610600 -0.80998100 -0.57846600 -0.09646700 -0.48761100 0.57290100 0.65880000
0.07213800 0.01996300 -0.05261200 -0.32101700 0.58391700 -0.74564600 -0.81098500 -0.57610500 -0.10200200 -0.48913100 0.57196400 0.65848800
0.07194600 0.01926800 -0.05173300 -0.31457200 0.59337800 -0.74090800 -0.81429100 -0.56981700 -0.11062700 -0.48782600 0.56851500 0.66243100
0.07179100 0.01855900 -0.05087500 -0.30875000 0.60814000 -0.73132500 -0.81849600 -0.56153800 -0.12140000 -0.48449600 0.56110500 0.67113600
0.07172100 0.01824000 -0.05047000 -0.30416100 0.61685600 -0.72592900 -0.82047700 -0.55684100 -0.12939800 -0.48404800 0.55625100 0.67548600
0.07158500 0.01778200 -0.04981200 -0.29951100 0.63237700 -0.71441700 -0.82445900 -0.54838900 -0.13977100 -0.48016700 0.54714500 0.68561700
0.07151200 0.01755200 -0.04935000 -0.29454900 0.64310700 -0.70686100 -0.82749800 -0.54162300 -0.14795400 -0.47800300 0.54134700 0.69170400
0.07149700 0.01753700 -0.04921300 -0.29308600 0.64554000 -0.70525000 -0.82827300 -0.53988400 -0.14996200 -0.47756000 0.54018800 0.69291600
0.07144200 0.01765900 -0.04908100 -0.29288400 0.64537000 -0.70548900 -0.82838700 -0.53974200 -0.14984200 -0.47748600 0.54053200 0.69269800
0.07141800 0.01779700 -0.04906600 -0.29375800 0.64504100 -0.70542700 -0.82797600 -0.54048600 -0.14943100 -0.47766300 0.54018000 0.69285100
0.07140600 0.01782900 -0.04904900 -0.29454200 0.64481800 -0.70530300 -0.82775800 -0.54096700 -0.14889500 -0.47755700 0.53996500 0.69309100
0.07140200 0.01781000 -0.04904400 -0.29491600 0.64472900 -0.70522800 -0.82769900 -0.54114100 -0.14858800 -0.47742700 0.53989700 0.69323300
0.07138200 0.01777000 -0.04903700 -0.29561000 0.64456700 -0.70508600 -0.82759600 -0.54145700 -0.14801100 -0.47717800 0.53977300 0.69350200
0.07136800 0.01774400 -0.04905100 -0.29577300 0.64452700 -0.70505400 -0.82756700 -0.54153800 -0.14788100 -0.47712800 0.53974000 0.69356200
0.07136900 0.01773000 -0.04906100 -0.29583100 0.64451000 -0.70504500 -0.82755100 -0.54157300 -0.14784000 -0.47711800 0.53972600 0.69357900
0.07140200 0.01770200 -0.04908800 -0.29603300 0.64444300 -0.70502200 -0.82748500 -0.54171000 -0.14770900 -0.47710800 0.53966900 0.69363100
0.07143100 0.01769200 -0.04909500 -0.29605300 0.64443400 -0.70502200 -0.82747900 -0.54172200 -0.14769200 -0.47710400 0.53966700 0.69363500
0.07147300 0.01768600 -0.04909800 -0.29612700 0.64440800 -0.70501400 -0.82746000 -0.54176700 -0.14763700 -0.47709200 0.53965300 0.69365400
0.07148200 0.01768000 -0.04910300 -0.29610000 0.64441400 -0.70502000 -0.82746700 -0.54175200 -0.14765400 -0.47709700 0.53966100 0.69364500
0.07149000 0.01767500 -0.04911300 -0.29622000 0.64437400 -0.70500700 -0.82742300 -0.54183900 -0.14758400 -0.47710000 0.53962200 0.69367300
0.07149500 0.01767400 -0.04911400 -0.29619600 0.64438000 -0.70501100 -0.82742900 -0.54182500 -0.14760100 -0.47710400 0.53962800 0.69366500
0.07149500 0.01767400 -0.04911400 -0.29619600 0.64438000 -0.70501100 -0.82742900 -0.54182500 -0.14760100 -0.47710400 0.53962800 0.69366500
0.07149300 0.01766800 -0.04911900 -0.29623700 0.64436900 -0.70500400 -0.82741800 -0.54184900 -0.14757200 -0.47709700 0.53961800 0.69367800
0.07150000 0.01764700 -0.04914700 -0.29629800 0.64433900 -0.70500600 -0.82737600 -0.54191800 -0.14755700 -0.47713300 0.53958400 0.69368000
0.07152700 0.01763000 -0.04919800 -0.29622000 0.64432500 -0.70505200 -0.82731700 -0.54196800 -0.14769900 -0.47728200 0.53955100 0.69360300
0.07153200 0.01762100 -0.04921800 -0.29622200 0.64431200 -0.70506300 -0.82729000 -0.54200200 -0.14772700 -0.47732800 0.53953200 0.69358600
0.07154000 0.01759200 -0.04926700 -0.29630900 0.64426400 -0.70507000 -0.82721500 -0.54211800 -0.14772400 -0.47740500 0.53947300 0.69357900
0.07154200 0.01754500 -0.04932200 -0.29647300 0.64419900 -0.70506000 -0.82713300 -0.54226400 -0.14765100 -0.47744500 0.53940400 0.69360500
0.07153800 0.01752700 -0.04934900 -0.29658100 0.64415700 -0.70505300 -0.82707800 -0.54236000 -0.14760400 -0.47747300 0.53935700 0.69362200
0.07152400 0.01751300 -0.04938700 -0.29670400 0.64410100 -0.70505200 -0.82699200 -0.54249700 -0.14757800 -0.47754400 0.53928600 0.69362800
0.07152200 0.01753000 -0.04939300 -0.29443400 0.64439800 -0.70573200 -0.82656600 -0.54237500 -0.15039100 -0.47968400 0.53905400 0.69233100
0.07152100 0.01754500 -0.04938800 -0.29438600 0.64440800 -0.70574300 -0.82656800 -0.54235800 -0.15043600 -0.47970800 0.53905900 0.69231000
0.07151500 0.01754400 -0.04938800 -0.29443000 0.64439600 -0.70573500 -0.82655700 -0.54238400 -0.15040500 -0.47970100 0.53904700 0.69232500
0.07151400 0.01754400 -0.04939500 -0.29457700 0.64434900 -0.70571700 -0.82650500 -0.54248700 -0.15031800 -0.47970000 0.53899900 0.69236200
0.07151400 0.01754400 -0.04939500 -0.29457700 0.64434900 -0.70571700 -0.82650500 -0.54248700 -0.15031800 -0.47970000 0.53899900 0.69236200
0.07151400 0.01754500 -0.04939500 -0.29457700 0.64434900 -0.70571700 -0.82650500 -0.54248700 -0.15031800 -0.47970000 0.53899900 0.69236200
0.07151000 0.01754900 -0.04939100 -0.29457900 0.64434900 -0.70571600 -0.82650500 -0.54248800 -0.15031600 -0.47969900 0.53899800 0.69236400
0.07151100 0.01754500 -0.04938100 -0.29459100 0.64435600 -0.70570400 -0.82652800 -0.54246300 -0.15027800 -0.47965200 0.53901400 0.69238400
0.07151600 0.01756000 -0.04937000 -0.29448900 0.64438500 -0.70572100 -0.82655500 -0.54240200 -0.15035000 -0.47966800 0.53904100 0.69235200
0.07151900 0.01756800 -0.04936400 -0.29444700 0.64439700 -0.70572700 -0.82656600 -0.54237700 -0.15037900 -0.47967500 0.53905200 0.69233900
0.07152600 0.01758500 -0.04934400 -0.29434000 0.64443300 -0.70574000 -0.82660800 -0.54229700 -0.15043900 -0.47966900 0.53909000 0.69231300
0.07153200 0.01759000 -0.04931300 -0.29428100 0.64447100 -0.70572900 -0.82667600 -0.54219800 -0.15042000 -0.47958700 0.53914400 0.69232800
0.07154000 0.01758700 -0.04929600 -0.29438700 0.64445700 -0.70569800 -0.82668800 -0.54221300 -0.15030100 -0.47950200 0.53914600 0.69238600
0.07154700 0.01760100 -0.04926600 -0.29427100 0.64450600 -0.70570200 -0.82675900 -0.54209600 -0.15033700 -0.47945200 0.53920600 0.69237400
0.07155400 0.01762100 -0.04925600 -0.29431400 0.64448800 -0.70570000 -0.82673400 -0.54213800 -0.15032100 -0.47946700 0.53918500 0.69238000
0.07156100 0.01761100 -0.04926400 -0.29430800 0.64448900 -0.70570200 -0.82673500 -0.54213500 -0.15032500 -0.47946900 0.53918800 0.69237700
0.07157500 0.01760300 -0.04927000 -0.29425800 0.64450100 -0.70571200 -0.82674900 -0.54210500 -0.15035900 -0.47947700 0.53920200 0.69235900
0.07159600 0.01760600 -0.04928000 -0.29413100 0.64452400 -0.70574400 -0.82675500 -0.54206200 -0.15047700 -0.47954300 0.53921800 0.69230100
0.07159600 0.01761000 -0.04929000 -0.29029700 0.64632100 -0.70568800 -0.82994000 -0.53715100 -0.15055100 -0.47636600 0.54197500 0.69234200
0.07159300 0.01760000 -0.04929100 -0.29035700 0.64630900 -0.70567400 -0.82993700 -0.53717300 -0.15049600 -0.47633600 0.54196800 0.69236800
0.07158900 0.01758900 -0.04930000 -0.29042300 0.64628900 -0.70566500 -0.82991700 -0.53721500 -0.15045200 -0.47633000 0.54194900 0.69238700
0.07158400 0.01759400 -0.04930200 -0.29043400 0.64628100 -0.70566800 -0.82990000 -0.53723900 -0.15046200 -0.47635300 0.54193500 0.69238200
0.07158400 0.01759400 -0.04930200 -0.29043400 0.64628100 -0.70566800 -0.82990000 -0.53723900 -0.15046200 -0.47635400 0.54193400 0.69238200
0.07158100 0.01758600 -0.04930900 -0.29049600 0.64626400 -0.70565800 -0.82988400 -0.53727600 -0.15041900 -0.47634400 0.54191800 0.69240100
0.07158100 0.01757400 -0.04932400 -0.29053900 0.64624600 -0.70565700 -0.82985900 -0.53731800 -0.15040400 -0.47636000 0.54189800 0.69240600
0.07158100 0.01757300 -0.04932500 -0.28670700 0.64803000 -0.70558800 -0.83304000 -0.53236300 -0.15044000 -0.47311900 0.54465100 0.69246800
0.07157500 0.01757500 -0.04933000 -0.28673800 0.64801500 -0.70558900 -0.83301700 -0.53240000 -0.15043500 -0.47314000 0.54463300 0.69246800
0.07157700 0.01757000 -0.04934700 -0.28676900 0.64799500 -0.70559600 -0.83298100 -0.53245400 -0.15044600 -0.47318600 0.54460500 0.69245900
0.07158400 0.01756300 -0.04935900 -0.28465200 0.64822800 -0.70623800 -0.83252200 -0.53240800 -0.15312400 -0.47526700 0.54437200 0.69121600
0.07158900 0.01756100 -0.04936000 -0.28450400 0.64827000 -0.70625900 -0.83256600 -0.53231200 -0.15322000 -0.47527900 0.54441600 0.69117300
0.07159500 0.01756800 -0.04936800 -0.28075100 0.64998200 -0.70618800 -0.83566800 -0.52742800 -0.15322200 -0.47205500 0.54712200 0.69124600
0.07160200 0.01755700 -0.04937500 -0.28077000 0.64997400 -0.70618700 -0.83566100 -0.52744300 -0.15321100 -0.47205600 0.54711600 0.69124900
0.07160200 0.01755500 -0.04937700 -0.28077500 0.64997200 -0.70618700 -0.83565800 -0.52744800 -0.15321100 -0.47206000 0.54711300 0.69124900
0.07160400 0.01756100 -0.04937300 -0.27688100 0.65170800 -0.70612500 -0.83878800 -0.52243600 -0.15327500 -0.46879600 0.54985100 0.69129800
0.07159900 0.01756600 -0.04937500 -0.27691500 0.65169300 -0.70612600 -0.83876400 -0.52247700 -0.15327000 -0.46882000 0.54983000 0.69129800
0.07159600 0.01756100 -0.04938600 -0.27694500 0.65167900 -0.70612700 -0.83874200 -0.52251400 -0.15326700 -0.46884200 0.54981200 0.69129800
0.07160100 0.01755900 -0.04938700 -0.27692300 0.65168400 -0.70613100 -0.83874600 -0.52250300 -0.15328300 -0.46884800 0.54981700 0.69129000
0.07162200 0.01756200 -0.04939700 -0.27293700 0.65340200 -0.70609500 -0.84183900 -0.51745900 -0.15343500 -0.46563000 0.55254100 0.69129300
0.07165300 0.01756600 -0.04941900 -0.27275400 0.65342200 -0.70614700 -0.84183000 -0.51741900 -0.15362300 -0.46575500 0.55255400 0.69119800
0.07168800 0.01755800 -0.04943100 -0.27259600 0.65345100 -0.70618100 -0.84185200 -0.51734400 -0.15374800 -0.46580600 0.55258900 0.69113600
0.07171700 0.01754700 -0.04943800 -0.27247500 0.65347800 -0.70620300 -0.84188000 -0.51727400 -0.15383000 -0.46582500 0.55262400 0.69109500
0.07179700 0.01752400 -0.04945300 -0.27211600 0.65355800 -0.70626700 -0.84196500 -0.51706200 -0.15407500 -0.46588100 0.55272700 0.69097500
0.07190800 0.01751600 -0.04950100 -0.27154100 0.65365100 -0.70640200 -0.84201300 -0.51683700 -0.15457200 -0.46613100 0.55282700 0.69072600
0.07200100 0.01752900 -0.04956600 -0.27095900 0.65372300 -0.70655900 -0.84199800 -0.51668700 -0.15515100 -0.46649700 0.55288300 0.69043400
0.07225100 0.01766600 -0.04979600 -0.26987800 0.65368500 -0.70700700 -0.84157700 -0.51691200 -0.15668100 -0.46788100 0.55271700 0.68963000
0.07253400 0.01799700 -0.05014600 -0.26871600 0.65344900 -0.70766800 -0.84063300 -0.51777000 -0.15889600 -0.47024000 0.55219200 0.68844500
0.07288500 0.01850000 -0.05060700 -0.26693900 0.65316500 -0.70860200 -0.83933500 -0.51888200 -0.16209900 -0.47355900 0.55148500 0.68673400
0.07309100 0.01880300 -0.05087700 -0.26604300 0.65295900 -0.70912900 -0.83852100 -0.51963600 -0.16388800 -0.47550200 0.55101900 0.68576500
0.07358300 0.01946500 -0.05147500 -0.26774100 0.64991400 -0.71128400 -0.83774200 -0.52168800 -0.16133400 -0.47592200 0.55267800 0.68413700
0.07414000 0.02019800 -0.05210000 -0.27707500 0.64223000 -0.71468100 -0.83944600 -0.52369600 -0.14516200 -0.46750300 0.55971500 0.68422100
0.07442200 0.02056700 -0.05238700 -0.28135900 0.63951900 -0.71543700 -0.84001000 -0.52457700 -0.13856300 -0.46391600 0.56198900 0.68479800
0.07502100 0.02129400 -0.05287300 -0.29391900 0.62974400 -0.71904900 -0.83590200 -0.53418300 -0.12615400 -0.46354900 0.56397700 0.68341100
0.07567900 0.02195600 -0.05321600 -0.30441700 0.62479300 -0.71900100 -0.83307700 -0.54062400 -0.11707200 -0.46185600 0.56334500 0.68507700
0.07640000 0.02240300 -0.05335000 -0.31207000 0.62290900 -0.71735300 -0.83091000 -0.54505300 -0.11182400 -0.46065200 0.56115900 0.68767600
0.07679800 0.02254000 -0.05333800 -0.31715800 0.62053200 -0.71718100 -0.82705900 -0.55103900 -0.11103100 -0.46409400 0.55793700 0.68798300
0.07767800 0.02269800 -0.05315500 -0.32516000 0.62050700 -0.71361000 -0.82462200 -0.55542900 -0.10722000 -0.46289100 0.55359500 0.69228800
0.07849100 0.02282100 -0.05281100 -0.33873500 0.62578300 -0.70260500 -0.82317700 -0.55876400 -0.10080500 -0.45567200 0.54422200 0.70440300
0.07890200 0.02287400 -0.05257900 -0.34351700 0.62937500 -0.69705200 -0.82332700 -0.55888700 -0.09887600 -0.45180300 0.53993600 0.71016900
0.07972900 0.02298700 -0.05207700 -0.35247900 0.63620100 -0.68629900 -0.82291200 -0.55992800 -0.09641300 -0.44561600 0.53078000 0.72090000
0.08049400 0.02305400 -0.05155000 -0.35931900 0.64260600 -0.67671700 -0.82225700 -0.56094600 -0.09607400 -0.44134000 0.52191500 0.72994700
0.08082900 0.02308200 -0.05130500 -0.36172100 0.64446500 -0.67366200 -0.82209700 -0.56127500 -0.09552500 -0.43967300 0.51926300 0.73283800
0.08138100 0.02315600 -0.05084400 -0.36488800 0.64781500 -0.66872300 -0.82215600 -0.56126100 -0.09510400 -0.43693800 0.51509300 0.73740300
