0.07659600 0.05069400 -0.04016600 0.08041300 -0.49675700 -0.86415500 0.06395800 -0.86260500 0.50181700 -0.99470700 -0.09562300 -0.03759300
0.07646100 0.05059400 -0.04041000 0.08269800 -0.49235000 -0.86645900 0.06547900 -0.86487400 0.49769900 -0.99442100 -0.09789400 -0.03928500
0.07643200 0.05049800 -0.04042100 0.08090600 -0.49034700 -0.86776300 0.06069500 -0.86657800 0.49533600 -0.99487100 -0.09274400 -0.04035000
0.07642000 0.05034900 -0.04035400 0.08041800 -0.48475300 -0.87094500 0.06173500 -0.86967500 0.48974700 -0.99484700 -0.09315200 -0.04001200
0.07644400 0.05031800 -0.04021400 0.07878900 -0.48165300 -0.87281200 0.06232200 -0.87144200 0.48652200 -0.99494000 -0.09272800 -0.03864200
0.07645700 0.05033300 -0.04016200 0.07337100 -0.48105300 -0.87361500 0.05882400 -0.87236300 0.48530400 -0.99556700 -0.08699700 -0.03570800
0.07647300 0.05039700 -0.04010800 0.07366600 -0.48057000 -0.87385600 0.05814300 -0.87267700 0.48482300 -0.99558600 -0.08652400 -0.03634500
0.07647800 0.05042400 -0.04010100 0.07372900 -0.48047200 -0.87390400 0.05817500 -0.87272500 0.48473200 -0.99557900 -0.08657900 -0.03639400
0.07646800 0.05039600 -0.04011400 0.07365900 -0.48061600 -0.87383100 0.05815800 -0.87265000 0.48486900 -0.99558500 -0.08653600 -0.03632700
0.07646500 0.05038200 -0.04011900 0.07138100 -0.47989900 -0.87441400 0.05917800 -0.87306800 0.48399200 -0.99569100 -0.08629500 -0.03392100
0.07646200 0.05035100 -0.04013800 0.06795600 -0.48065700 -0.87427000 0.05427300 -0.87321800 0.48429700 -0.99621000 -0.08036100 -0.03325400
0.07646800 0.05031200 -0.04015100 0.06793000 -0.48075700 -0.87421800 0.05423100 -0.87316700 0.48439300 -0.99621400 -0.08031500 -0.03324200
0.07647500 0.05030100 -0.04015600 0.06793400 -0.48075100 -0.87422000 0.05423400 -0.87317000 0.48438800 -0.99621400 -0.08031900 -0.03324500
0.07647600 0.05030800 -0.04015800 0.06789500 -0.48084300 -0.87417300 0.05425300 -0.87311900 0.48447700 -0.99621500 -0.08032100 -0.03319400
0.07647300 0.05031000 -0.04014700 0.06534000 -0.47983800 -0.87492000 0.05533000 -0.87370300 0.48330200 -0.99632700 -0.07998800 -0.03053800
0.07647700 0.05030700 -0.04014300 0.06538700 -0.47984600 -0.87491200 0.05528300 -0.87370000 0.48331300 -0.99632700 -0.07997000 -0.03060100
0.07647500 0.05029900 -0.04014700 0.06537100 -0.47988200 -0.87489300 0.05528100 -0.87368100 0.48334700 -0.99632800 -0.07996200 -0.03058500
0.07647000 0.05029400 -0.04014900 0.06535300 -0.47991900 -0.87487400 0.05527900 -0.87366100 0.48338300 -0.99632900 -0.07995300 -0.03056700
0.07646200 0.05029600 -0.04014800 0.06533500 -0.47996000 -0.87485300 0.05527700 -0.87364000 0.48342200 -0.99633000 -0.07994300 -0.03054900
0.07646100 0.05029600 -0.04015300 0.06527800 -0.48008700 -0.87478800 0.05528900 -0.87357100 0.48354500 -0.99633300 -0.07993100 -0.03048100
0.07646400 0.05029500 -0.04016300 0.06535300 -0.47995600 -0.87485400 0.05535500 -0.87363500 0.48342200 -0.99632500 -0.08002100 -0.03052700
0.07645600 0.05027900 -0.04017000 0.06530000 -0.48006400 -0.87479800 0.05534400 -0.87357800 0.48352600 -0.99632900 -0.07999000 -0.03047600
0.07642800 0.05023800 -0.04017200 0.06605400 -0.47768900 -0.87604100 0.05450100 -0.87492100 0.48118800 -0.99632500 -0.07952900 -0.03175800
0.07641900 0.05021700 -0.04017600 0.06770400 -0.47269200 -0.87862200 0.05296600 -0.87769800 0.47627600 -0.99629800 -0.07878300 -0.03438700
0.07638600 0.05018800 -0.04019800 0.07083000 -0.46395600 -0.88302100 0.05095000 -0.88240700 0.46771900 -0.99618600 -0.07811900 -0.03886300
0.07633600 0.05014700 -0.04018900 0.07099100 -0.45682800 -0.88671700 0.04459900 -0.88661700 0.46034700 -0.99647900 -0.07222700 -0.04256800
0.07631300 0.05013400 -0.04017800 0.07186800 -0.45505000 -0.88756000 0.04473400 -0.88749500 0.45863900 -0.99641000 -0.07266600 -0.04342600
0.07627100 0.05010600 -0.04015800 0.07303000 -0.45265900 -0.88868700 0.04485600 -0.88867400 0.45633800 -0.99632000 -0.07319000 -0.04459600
0.07623400 0.05008800 -0.04014900 0.07319800 -0.45229700 -0.88885800 0.04482500 -0.88885600 0.45598700 -0.99630900 -0.07322000 -0.04478800
0.07622700 0.05007500 -0.04014900 0.07308900 -0.45250600 -0.88876000 0.04477700 -0.88875600 0.45618600 -0.99631900 -0.07313800 -0.04469700
0.07623000 0.05002900 -0.04013900 0.07299800 -0.45262700 -0.88870600 0.04461100 -0.88871000 0.45629300 -0.99633300 -0.07295500 -0.04468300
0.07622100 0.04999400 -0.04012400 0.07289500 -0.45277400 -0.88864000 0.04444100 -0.88865100 0.45642500 -0.99634800 -0.07276300 -0.04465700
0.07620500 0.04999300 -0.04010800 0.07283900 -0.45285600 -0.88860200 0.04435500 -0.88861600 0.45650000 -0.99635600 -0.07266500 -0.04463900
0.07620200 0.04999400 -0.04010200 0.07276500 -0.45299400 -0.88853800 0.04431400 -0.88855200 0.45663000 -0.99636400 -0.07260200 -0.04458200
0.07620000 0.04998100 -0.04009800 0.07272500 -0.45305400 -0.88851100 0.04425700 -0.88852600 0.45668500 -0.99636900 -0.07253500 -0.04456800
0.07620300 0.04995200 -0.04011100 0.07268400 -0.45313800 -0.88847200 0.04424800 -0.88848600 0.45676500 -0.99637300 -0.07251200 -0.04452800
0.07619400 0.04993300 -0.04012400 0.07269300 -0.45313000 -0.88847500 0.04427400 -0.88848700 0.45675900 -0.99637100 -0.07254000 -0.04452500
0.07617200 0.04988600 -0.04013900 0.07255400 -0.45340000 -0.88834900 0.04421800 -0.88835800 0.45701600 -0.99638300 -0.07244000 -0.04440600
0.07616000 0.04987600 -0.04014800 0.07251900 -0.45348200 -0.88830900 0.04423500 -0.88831500 0.45709700 -0.99638500 -0.07244200 -0.04436000
0.07613100 0.04988300 -0.04014400 0.07244900 -0.45362600 -0.88824200 0.04421900 -0.88824600 0.45723500 -0.99639100 -0.07240300 -0.04429400
0.07611700 0.04987700 -0.04013600 0.07239600 -0.45371200 -0.88820200 0.04415700 -0.88820800 0.45731400 -0.99639700 -0.07232800 -0.04426800
0.07611100 0.04984700 -0.04011300 0.07229700 -0.45383500 -0.88814700 0.04396300 -0.88816200 0.45742100 -0.99641300 -0.07211600 -0.04426000
0.07610400 0.04982000 -0.04009400 0.07221100 -0.45394600 -0.88809700 0.04379500 -0.88812000 0.45751800 -0.99642600 -0.07193200 -0.04425100
0.07609800 0.04980500 -0.04008500 0.07215800 -0.45402100 -0.88806400 0.04371000 -0.88809000 0.45758600 -0.99643400 -0.07183500 -0.04423800
0.07609900 0.04977300 -0.04006900 0.07208200 -0.45410800 -0.88802500 0.04354500 -0.88805900 0.45766100 -0.99644700 -0.07165800 -0.04423900
0.07609700 0.04974400 -0.04005100 0.07199600 -0.45421700 -0.88797600 0.04337800 -0.88801800 0.45775500 -0.99646000 -0.07147500 -0.04423100
0.07609400 0.04972700 -0.04005300 0.07195800 -0.45428200 -0.88794600 0.04334500 -0.88798800 0.45781700 -0.99646400 -0.07143100 -0.04420700
0.07609400 0.04972500 -0.04005400 0.07195800 -0.45428200 -0.88794600 0.04334500 -0.88798800 0.45781700 -0.99646400 -0.07143100 -0.04420700
0.07610200 0.04972400 -0.04005500 0.07197800 -0.45424100 -0.88796500 0.04335000 -0.88800800 0.45777700 -0.99646300 -0.07144300 -0.04422600
0.07611000 0.04971900 -0.04005700 0.07198900 -0.45421800 -0.88797600 0.04335200 -0.88802000 0.45775500 -0.99646200 -0.07144900 -0.04423700
0.07611000 0.04971900 -0.04005700 0.07198900 -0.45421800 -0.88797600 0.04335200 -0.88802000 0.45775500 -0.99646200 -0.07144900 -0.04423600
0.07610600 0.04971600 -0.04005300 0.07196700 -0.45425100 -0.88796100 0.04332300 -0.88800600 0.45778500 -0.99646500 -0.07141500 -0.04422800
0.07610600 0.04970900 -0.04004100 0.07194200 -0.45427000 -0.88795400 0.04324300 -0.88800300 0.45779800 -0.99647000 -0.07133300 -0.04424100
0.07610200 0.04971000 -0.04003600 0.07193000 -0.45428400 -0.88794700 0.04321600 -0.88799800 0.45781100 -0.99647200 -0.07130400 -0.04424200
0.07609800 0.04971000 -0.04003500 0.07192000 -0.45430500 -0.88793700 0.04321300 -0.88798800 0.45783100 -0.99647300 -0.07129800 -0.04423200
0.07608400 0.04971200 -0.04003900 0.07189200 -0.45437200 -0.88790500 0.04323100 -0.88795300 0.45789700 -0.99647400 -0.07130500 -0.04419400
0.07608800 0.04970700 -0.04004100 0.07189400 -0.45436900 -0.88790700 0.04323200 -0.88795400 0.45789400 -0.99647400 -0.07130600 -0.04419500
0.07608700 0.04970400 -0.04004200 0.07188500 -0.45438700 -0.88789800 0.04323000 -0.88794500 0.45791100 -0.99647500 -0.07130100 -0.04418700
0.07609000 0.04969500 -0.04004700 0.07187700 -0.45440200 -0.88789100 0.04322800 -0.88793800 0.45792600 -0.99647500 -0.07129600 -0.04418000
0.07609300 0.04967000 -0.04005800 0.07190500 -0.45434500 -0.88791800 0.04323400 -0.88796600 0.45787100 -0.99647300 -0.07131200 -0.04420600
0.07608500 0.04963000 -0.04007600 0.07181700 -0.45452300 -0.88783400 0.04321400 -0.88787900 0.45804200 -0.99648100 -0.07126200 -0.04412200
0.07607700 0.04961500 -0.04008200 0.07177100 -0.45461500 -0.88779100 0.04320400 -0.88783400 0.45813000 -0.99648400 -0.07123700 -0.04408000
0.07605000 0.04958600 -0.04008900 0.07252500 -0.45230900 -0.88890700 0.04242800 -0.88904800 0.45584200 -0.99646300 -0.07077500 -0.04528900
0.07601400 0.04958300 -0.04008900 0.07260800 -0.45214000 -0.88898600 0.04244000 -0.88913000 0.45568000 -0.99645600 -0.07081500 -0.04536900
0.07600400 0.04958100 -0.04008900 0.07264000 -0.45207700 -0.88901500 0.04244800 -0.88916100 0.45562000 -0.99645400 -0.07083300 -0.04540000
0.07598800 0.04956100 -0.04008800 0.07344500 -0.44964400 -0.89018200 0.04164200 -0.89043200 0.45320600 -0.99642900 -0.07035500 -0.04667400
0.07595900 0.04952200 -0.04009400 0.07339900 -0.44972900 -0.89014400 0.04159400 -0.89039400 0.45328500 -0.99643400 -0.07029600 -0.04664700
0.07590900 0.04948600 -0.04009300 0.07382600 -0.44829200 -0.89083200 0.04097000 -0.89115300 0.45184800 -0.99642800 -0.06985600 -0.04742300
0.07589000 0.04945400 -0.04009600 0.07408300 -0.44751700 -0.89120100 0.04069800 -0.89155500 0.45107800 -0.99642000 -0.06968800 -0.04783600
0.07584000 0.04935800 -0.04009100 0.07578200 -0.44243700 -0.89359100 0.03900700 -0.89416700 0.44603000 -0.99636100 -0.06865700 -0.05050400
0.07578500 0.04927200 -0.04009700 0.07689600 -0.43936800 -0.89500900 0.03820800 -0.89570900 0.44299400 -0.99630600 -0.06826100 -0.05208900
0.07575500 0.04925600 -0.04010300 0.07697300 -0.43921800 -0.89507600 0.03822800 -0.89577900 0.44285100 -0.99629900 -0.06830500 -0.05216000
0.07566000 0.04927000 -0.04009200 0.07662600 -0.43992000 -0.89476100 0.03814700 -0.89544900 0.44352600 -0.99632900 -0.06811800 -0.05183300
0.07557700 0.04928700 -0.04006600 0.07354300 -0.44120900 -0.89438500 0.03287000 -0.89525400 0.44434000 -0.99675000 -0.06207600 -0.05133700
0.07556700 0.04927300 -0.04005100 0.07059800 -0.44217500 -0.89414600 0.02760500 -0.89517300 0.44486200 -0.99712200 -0.05608900 -0.05099100
0.07551900 0.04920900 -0.03999500 0.07029500 -0.44260400 -0.89395700 0.02715200 -0.89499300 0.44525200 -0.99715600 -0.05557100 -0.05089600
0.07548900 0.04914300 -0.03992600 0.06719600 -0.44367800 -0.89366300 0.02149400 -0.89483600 0.44587600 -0.99750700 -0.04917000 -0.05059300
0.07548500 0.04908500 -0.03987900 0.06702900 -0.44385300 -0.89358800 0.02111600 -0.89477100 0.44602400 -0.99752700 -0.04876600 -0.05060400
0.07548700 0.04905300 -0.03985200 0.06694800 -0.44392800 -0.89355700 0.02090500 -0.89474600 0.44608400 -0.99753700 -0.04854500 -0.05062200
0.07552600 0.04899500 -0.03982300 0.06690900 -0.44389000 -0.89357900 0.02063000 -0.89477900 0.44603100 -0.99754500 -0.04827800 -0.05071200
0.07557400 0.04890000 -0.03982200 0.06695200 -0.44371600 -0.89366200 0.02042000 -0.89487500 0.44584800 -0.99754600 -0.04809900 -0.05085300
0.07559600 0.04885800 -0.03983700 0.06410800 -0.44445000 -0.89350600 0.01525600 -0.89480700 0.44619200 -0.99782600 -0.04223600 -0.05058400
0.07562100 0.04882000 -0.03988100 0.05861100 -0.44419300 -0.89401100 0.01139600 -0.89519500 0.44552800 -0.99821500 -0.03630100 -0.04740600
0.07561300 0.04878800 -0.03990600 0.05299500 -0.43698600 -0.89790500 0.00702700 -0.89898300 0.43792500 -0.99856900 -0.02951800 -0.04457100
0.07560400 0.04869900 -0.03994100 0.02904300 -0.41625700 -0.90878200 -0.00657000 -0.90922600 0.41625000 -0.99955600 -0.00611800 -0.02914200
0.07560300 0.04863300 -0.03997100 0.01121400 -0.40586400 -0.91386400 -0.01241500 -0.91390800 0.40573000 -0.99985900 0.00679600 -0.01528700
0.07559400 0.04847100 -0.04003000 -0.01929700 -0.37672300 -0.92612400 -0.01642200 -0.92605200 0.37703600 -0.99967800 0.02248400 0.01168300
0.07553800 0.04828900 -0.04007000 -0.04687600 -0.34516700 -0.93736900 -0.03478100 -0.93726700 0.34686900 -0.99829400 0.04886200 0.03193000
0.07551000 0.04817800 -0.04007800 -0.05370800 -0.33207400 -0.94172200 -0.04372200 -0.94139700 0.33445300 -0.99759800 0.05913600 0.03604200
0.07545400 0.04797100 -0.04008800 -0.05756400 -0.31838000 -0.94621300 -0.05889700 -0.94505100 0.32157200 -0.99660200 0.07424000 0.03564900
0.07531200 0.04785200 -0.04009600 -0.06631900 -0.32091000 -0.94478400 -0.07820900 -0.94228400 0.32555000 -0.99472800 0.09548100 0.03739300
0.07518100 0.04779000 -0.04013000 -0.07235000 -0.31723900 -0.94558100 -0.10012200 -0.94096600 0.32335100 -0.99234000 0.11806800 0.03631600
0.07511500 0.04775200 -0.04014500 -0.07618400 -0.31671900 -0.94545400 -0.11088000 -0.93963800 0.32370500 -0.99090900 0.12949300 0.03646700
0.07494600 0.04766800 -0.04016700 -0.08807300 -0.31468600 -0.94510000 -0.12555300 -0.93771400 0.32392600 -0.98816900 0.14718900 0.04307700
0.07477400 0.04760500 -0.04015800 -0.10489200 -0.31004400 -0.94491700 -0.14595200 -0.93507100 0.32301500 -0.98371400 0.17179400 0.05283000
0.07468100 0.04756200 -0.04012200 -0.11414000 -0.30652100 -0.94499500 -0.15583200 -0.93391300 0.32174800 -0.98116600 0.18398500 0.05883100
0.07450900 0.04745300 -0.04000900 -0.12185000 -0.28784900 -0.94989100 -0.16828900 -0.93717400 0.30558300 -0.97817700 0.19709100 0.06575300
0.07436200 0.04721300 -0.03973300 -0.12909800 -0.27331100 -0.95322200 -0.18679800 -0.93735400 0.29406000 -0.97387800 0.21602300 0.06995700
0.07423000 0.04686300 -0.03931400 -0.12902300 -0.26188400 -0.95643500 -0.20200800 -0.93733100 0.28390400 -0.97084700 0.22983800 0.06803500
0.07413400 0.04663200 -0.03907300 -0.12804800 -0.26056900 -0.95692500 -0.20384800 -0.93735200 0.28251700 -0.97059200 0.23124300 0.06691000
0.07391900 0.04608600 -0.03854100 -0.12650600 -0.25738200 -0.95799200 -0.20840200 -0.93730200 0.27934400 -0.96982600 0.23498600 0.06493500
0.07372600 0.04555400 -0.03803500 -0.12515500 -0.24909200 -0.96035800 -0.21360800 -0.93850300 0.27126100 -0.96886800 0.23909000 0.06425000
0.07361600 0.04532400 -0.03782700 -0.12558800 -0.24521400 -0.96129900 -0.21547100 -0.93909900 0.26770100 -0.96840000 0.24075200 0.06510300
0.07338700 0.04492800 -0.03750700 -0.12513500 -0.23320900 -0.96434100 -0.21907000 -0.94149600 0.25611100 -0.96765100 0.24330700 0.06672500
0.07322700 0.04467400 -0.03734000 -0.12644300 -0.23014700 -0.96490500 -0.22007800 -0.94196300 0.25351400 -0.96725200 0.24440900 0.06845400
0.07304200 0.04455800 -0.03733900 -0.12747100 -0.23156900 -0.96443000 -0.22017400 -0.94149600 0.25516300 -0.96709500 0.24486800 0.06902800
0.07293300 0.04449900 -0.03740500 -0.12802200 -0.23229700 -0.96418200 -0.21988800 -0.94133800 0.25599000 -0.96708700 0.24478400 0.06943200
0.07277100 0.04428400 -0.03757400 -0.12114100 -0.22845100 -0.96598800 -0.22222400 -0.94221400 0.25069600 -0.96744000 0.24503500 0.06337300
0.07259100 0.04387600 -0.03773000 -0.10996400 -0.21807300 -0.96971600 -0.22652700 -0.94445800 0.23808000 -0.96777600 0.24584700 0.05445700
0.07248200 0.04362400 -0.03781400 -0.10756100 -0.21483400 -0.97070900 -0.22744800 -0.94516200 0.23438300 -0.96783100 0.24599600 0.05279800
0.07226600 0.04311500 -0.03800300 -0.10697600 -0.21402800 -0.97095100 -0.22772800 -0.94532100 0.23346800 -0.96783000 0.24608800 0.05238600
0.07199600 0.04258800 -0.03818000 -0.10656300 -0.21320100 -0.97117900 -0.22862900 -0.94531500 0.23260900 -0.96766300 0.24682700 0.05199200
0.07173400 0.04209400 -0.03837600 -0.10293600 -0.20822500 -0.97264900 -0.23058400 -0.94621100 0.22696800 -0.96759200 0.24764100 0.04938600
0.07160400 0.04190100 -0.03848300 -0.10073900 -0.20534000 -0.97349100 -0.23140100 -0.94680000 0.22365600 -0.96762800 0.24779800 0.04786400
0.07132000 0.04160900 -0.03867300 -0.10139000 -0.20617700 -0.97324700 -0.23107300 -0.94665300 0.22461500 -0.96763800 0.24766500 0.04833900
0.07105100 0.04148200 -0.03874300 -0.10285100 -0.20792100 -0.97272300 -0.23085300 -0.94621800 0.22666500 -0.96753700 0.24786900 0.04932000
0.07092200 0.04146300 -0.03874300 -0.10167700 -0.20628300 -0.97319500 -0.23151800 -0.94649700 0.22481300 -0.96750200 0.24817100 0.04847900
0.07075200 0.04151800 -0.03872600 -0.10049800 -0.20466700 -0.97365800 -0.23207300 -0.94679600 0.22297500 -0.96749200 0.24836800 0.04765300
0.07064500 0.04166400 -0.03871400 -0.10101100 -0.20536500 -0.97345800 -0.23171500 -0.94669700 0.22376300 -0.96752400 0.24816700 0.04804000
0.07062000 0.04171100 -0.03871600 -0.09861300 -0.20726200 -0.97330200 -0.23217200 -0.94628500 0.22503200 -0.96766200 0.24816400 0.04519600
0.07063600 0.04176500 -0.03873800 -0.09333800 -0.20934100 -0.97337700 -0.22144500 -0.94879200 0.22528800 -0.97069500 0.23657700 0.04220100
0.07063200 0.04174900 -0.03875200 -0.09209300 -0.20950500 -0.97346000 -0.21585000 -0.95016900 0.22491300 -0.97207300 0.23083400 0.04228200
0.07061500 0.04169900 -0.03877700 -0.08987700 -0.21160300 -0.97321400 -0.21645400 -0.94966100 0.22647200 -0.97214600 0.23101000 0.03955000
0.07060100 0.04166100 -0.03879500 -0.09015900 -0.21168300 -0.97317000 -0.21641600 -0.94963600 0.22661300 -0.97212900 0.23104100 0.03980700
0.07056200 0.04158500 -0.03884800 -0.08649900 -0.21400100 -0.97299500 -0.21139400 -0.95047400 0.22784100 -0.97356500 0.22539300 0.03697600
0.07050700 0.04155400 -0.03891600 -0.08693500 -0.21427400 -0.97289600 -0.21108600 -0.95045700 0.22819400 -0.97359300 0.22520300 0.03739800
0.07047900 0.04153600 -0.03896200 -0.08705800 -0.21447800 -0.97284000 -0.21090000 -0.95044500 0.22841300 -0.97362200 0.22505800 0.03751000
0.07045300 0.04148100 -0.03905900 -0.08725600 -0.21483600 -0.97274400 -0.21055800 -0.95043000 0.22879400 -0.97367900 0.22478200 0.03769500
0.07041800 0.04145800 -0.03919500 -0.08421700 -0.21518700 -0.97293400 -0.19885600 -0.95313300 0.22802000 -0.97640300 0.21267700 0.03747900
0.07038000 0.04146200 -0.03935400 -0.08423100 -0.21546400 -0.97287200 -0.19809800 -0.95323200 0.22826500 -0.97655600 0.21195100 0.03760800
0.07036200 0.04147800 -0.03944800 -0.08102600 -0.21709500 -0.97278100 -0.19425600 -0.95383500 0.22904700 -0.97759800 0.20752700 0.03511300
0.07033100 0.04150400 -0.03962400 -0.08020500 -0.21749500 -0.97275900 -0.19177200 -0.95430500 0.22918100 -0.97815600 0.20493000 0.03483000
0.07031200 0.04158500 -0.03982200 -0.07842600 -0.21756800 -0.97288900 -0.18510000 -0.95574800 0.22865600 -0.97958400 0.19801500 0.03468300
0.07029600 0.04164100 -0.03991700 -0.07599200 -0.21957200 -0.97263100 -0.18512600 -0.95538500 0.23014200 -0.97977100 0.19754900 0.03195200
0.07028100 0.04171800 -0.04011600 -0.07198200 -0.22211000 -0.97236000 -0.18497800 -0.95500300 0.23183900 -0.98010200 0.19655400 0.02765700
0.07028000 0.04175500 -0.04033100 -0.06397500 -0.22613200 -0.97199200 -0.17990800 -0.95541700 0.23411700 -0.98160000 0.18984700 0.02044000
0.07025300 0.04179300 -0.04056600 -0.06027100 -0.22736900 -0.97194100 -0.17363500 -0.95647800 0.23451900 -0.98296300 0.18289800 0.01816800
0.07023700 0.04180600 -0.04067900 -0.06006600 -0.22777900 -0.97185800 -0.17314900 -0.95647800 0.23487600 -0.98306200 0.18238500 0.01801100
0.07019900 0.04180000 -0.04086100 -0.06021800 -0.22801000 -0.97179400 -0.17227800 -0.95657700 0.23511500 -0.98320500 0.18157700 0.01832200
0.07015400 0.04174800 -0.04096200 -0.06053700 -0.22855600 -0.97164600 -0.17191100 -0.95649800 0.23570300 -0.98325000 0.18130600 0.01861300
0.07013800 0.04172800 -0.04098300 -0.05901600 -0.22855200 -0.97174000 -0.16642600 -0.95756100 0.23532400 -0.98428500 0.17561100 0.01847400
0.07008900 0.04173800 -0.04098200 -0.05511200 -0.23063600 -0.97147700 -0.16134100 -0.95811300 0.23661600 -0.98535800 0.16977900 0.01559300
0.07002500 0.04175800 -0.04095800 -0.05114000 -0.23227000 -0.97130500 -0.15646500 -0.95870400 0.23749400 -0.98635800 0.16412100 0.01268500
0.06993400 0.04176700 -0.04098900 -0.04743000 -0.23413900 -0.97104500 -0.15133900 -0.95923200 0.23868300 -0.98734200 0.15827800 0.01006100
0.06988000 0.04178200 -0.04102900 -0.04441100 -0.23380000 -0.97126900 -0.13990500 -0.96119200 0.23777200 -0.98916800 0.14644500 0.00997700
0.06974700 0.04181800 -0.04112600 -0.03952700 -0.23766100 -0.97054300 -0.14071100 -0.96029900 0.24088300 -0.98926100 0.14608700 0.00451600
0.06958500 0.04186500 -0.04125500 -0.03420300 -0.24075200 -0.96998300 -0.13548800 -0.96047400 0.24316900 -0.99018800 0.13973800 0.00023100
0.06949100 0.04188700 -0.04132200 -0.03379200 -0.24161000 -0.96978400 -0.13530300 -0.96029900 0.24396100 -0.99022700 0.13945800 -0.00024100
0.06930300 0.04193800 -0.04143700 -0.03176300 -0.24408500 -0.96923300 -0.13531500 -0.95974400 0.24613000 -0.99029300 0.13897000 -0.00254400
0.06911700 0.04199600 -0.04150500 -0.02819900 -0.24620700 -0.96880600 -0.12991300 -0.96006900 0.24776800 -0.99112400 0.13284700 -0.00491300
0.06902600 0.04201800 -0.04151800 -0.02679000 -0.24624400 -0.96883700 -0.12418100 -0.96085700 0.24765000 -0.99189700 0.12694500 -0.00483700
0.06886400 0.04202800 -0.04154600 -0.01867600 -0.24940600 -0.96821800 -0.11427300 -0.96150900 0.24988200 -0.99327300 0.11530800 -0.01054300
0.06868900 0.04204700 -0.04161900 -0.00812900 -0.25370500 -0.96724700 -0.10483200 -0.96173300 0.25313900 -0.99445600 0.10345600 -0.01877900
0.06854300 0.04209700 -0.04173000 0.00302700 -0.25742800 -0.96629200 -0.09527600 -0.96197500 0.25598000 -0.99544600 0.09128900 -0.02743900
0.06849400 0.04211600 -0.04181200 0.00734900 -0.25816100 -0.96607300 -0.08990100 -0.96235800 0.25648400 -0.99592300 0.08496600 -0.03028100
0.06842400 0.04212500 -0.04204000 0.01605500 -0.25994200 -0.96549000 -0.07908900 -0.96291900 0.25793500 -0.99673700 0.07221900 -0.03601900
0.06837300 0.04216000 -0.04230400 0.02472600 -0.26190300 -0.96477700 -0.06809500 -0.96327100 0.25975000 -0.99737200 0.05927400 -0.04165200
0.06834500 0.04218500 -0.04241600 0.02888500 -0.26267500 -0.96445100 -0.06277000 -0.96342600 0.26051600 -0.99760900 0.05301400 -0.04431700
0.06830000 0.04221700 -0.04266600 0.03357200 -0.26374600 -0.96400700 -0.05662700 -0.96350300 0.26163600 -0.99783000 0.04580500 -0.04728200
0.06827400 0.04224000 -0.04290500 0.03792800 -0.26449300 -0.96364100 -0.05060600 -0.96360600 0.26249100 -0.99799700 0.03881000 -0.04993300
0.06826600 0.04227300 -0.04309600 0.04283800 -0.26060000 -0.96449500 -0.03902600 -0.96508100 0.25902500 -0.99831800 0.02654400 -0.05151300
0.06827800 0.04229900 -0.04318700 0.04481100 -0.25981400 -0.96461700 -0.03291000 -0.96544700 0.25850900 -0.99845200 0.02016100 -0.05181300
0.06831000 0.04233400 -0.04332200 0.05263200 -0.25704100 -0.96496500 -0.02242400 -0.96636500 0.25619100 -0.99836100 0.00815400 -0.05662500
0.06830500 0.04232500 -0.04334300 0.05235000 -0.25699100 -0.96499400 -0.02231700 -0.96637900 0.25614900 -0.99837900 0.00812600 -0.05632500
0.06830500 0.04231500 -0.04333200 0.05222600 -0.25714900 -0.96495800 -0.02241400 -0.96633600 0.25630300 -0.99838300 0.00824300 -0.05623100
0.06830700 0.04229500 -0.04332700 0.05685300 -0.25312300 -0.96576100 -0.01186100 -0.96742900 0.25286200 -0.99831100 -0.00292100 -0.05800400
0.06830800 0.04225900 -0.04333500 0.05795400 -0.25057400 -0.96636000 -0.01252100 -0.96809400 0.25027200 -0.99824000 -0.00240400 -0.05924300
0.06832000 0.04221200 -0.04335500 0.06021800 -0.24540200 -0.96754800 -0.01374100 -0.96942000 0.24502100 -0.99809000 -0.00146000 -0.06174900
0.06832800 0.04216900 -0.04337800 0.06136600 -0.24279600 -0.96813400 -0.01432900 -0.97007600 0.24237500 -0.99801200 -0.00100100 -0.06300900
0.06832600 0.04206400 -0.04342900 0.06248800 -0.24023100 -0.96870100 -0.01493900 -0.97071500 0.23976700 -0.99793300 -0.00051100 -0.06424700
0.06831000 0.04196000 -0.04347300 0.06514100 -0.23710500 -0.96929700 -0.00994300 -0.97146600 0.23696800 -0.99782600 -0.00579900 -0.06563900
0.06830600 0.04191000 -0.04350500 0.06621400 -0.23461500 -0.96983000 -0.01049600 -0.97207300 0.23444100 -0.99774900 -0.00534500 -0.06682800
0.06830300 0.04180500 -0.04356200 0.07029900 -0.22817400 -0.97107800 -0.00591500 -0.97356500 0.22833000 -0.99750700 -0.01030700 -0.06979100
0.06831800 0.04176700 -0.04360500 0.07428200 -0.22180500 -0.97225700 -0.00122600 -0.97497000 0.22233000 -0.99723600 -0.01532300 -0.07269500
0.06833200 0.04181700 -0.04364400 0.07407200 -0.20977600 -0.97493900 0.00496800 -0.97753500 0.21071200 -0.99724000 -0.02045100 -0.07136600
0.06836300 0.04184800 -0.04367200 0.07116500 -0.20370900 -0.97644100 0.00625100 -0.97881300 0.20465900 -0.99744400 -0.02066900 -0.06838300
0.06842600 0.04187700 -0.04370800 0.06672000 -0.19190000 -0.97914300 0.00828300 -0.98118900 0.19286600 -0.99773600 -0.02097800 -0.06387600
0.06850900 0.04189300 -0.04374600 0.06578400 -0.17395900 -0.98255300 0.00916500 -0.98453900 0.17492400 -0.99779100 -0.02051300 -0.06317300
0.06859200 0.04192400 -0.04380800 0.06112800 -0.16250900 -0.98481100 0.01205300 -0.98646400 0.16353000 -0.99805600 -0.02186600 -0.05834200
0.06863400 0.04193500 -0.04383100 0.05956400 -0.15932200 -0.98542700 0.01315700 -0.98696900 0.16036700 -0.99813700 -0.02251800 -0.05669200
0.06870400 0.04193600 -0.04383800 0.05750700 -0.15739900 -0.98585800 0.01399100 -0.98726900 0.15844000 -0.99824600 -0.02290500 -0.05457300
0.06878400 0.04192800 -0.04387200 0.05904200 -0.15472600 -0.98619000 0.01359700 -0.98769800 0.15577700 -0.99816200 -0.02260700 -0.05621200
0.06882700 0.04194500 -0.04389100 0.05915000 -0.15458900 -0.98620600 0.01373300 -0.98771600 0.15565000 -0.99815400 -0.02275100 -0.05630100
0.06891800 0.04197100 -0.04392300 0.06039200 -0.15178100 -0.98656700 0.01347100 -0.98815700 0.15285000 -0.99808300 -0.02252100 -0.05763300
0.06900000 0.04196300 -0.04396900 0.05928600 -0.14757900 -0.98727100 0.01386400 -0.98879400 0.14863900 -0.99814400 -0.02250000 -0.05657600
0.06904100 0.04197500 -0.04400200 0.05910800 -0.14733100 -0.98731900 0.01419500 -0.98882400 0.14840500 -0.99815000 -0.02278700 -0.05635700
0.06911100 0.04204100 -0.04406700 0.05568000 -0.14667900 -0.98761500 0.00963400 -0.98902500 0.14743100 -0.99840100 -0.01772400 -0.05365600
0.06916700 0.04210200 -0.04412400 0.05053100 -0.14375600 -0.98832100 0.01158700 -0.98943500 0.14451000 -0.99865400 -0.01875400 -0.04833200
0.06918900 0.04216500 -0.04415700 0.04973000 -0.14477800 -0.98821300 0.00607300 -0.98937500 0.14525400 -0.99874300 -0.01322500 -0.04832300
0.06918900 0.04220300 -0.04417500 0.04576400 -0.14419400 -0.98849000 0.00123000 -0.98951800 0.14440000 -0.99895000 -0.00782400 -0.04510700
0.06920100 0.04230700 -0.04422900 0.04647700 -0.14020400 -0.98903000 -0.01080200 -0.99011300 0.13985000 -0.99886000 0.00418400 -0.04753300
0.06922200 0.04244300 -0.04430400 0.04327500 -0.13515100 -0.98987900 -0.02763600 -0.99059000 0.13404000 -0.99868000 0.02155600 -0.04660300
0.06923600 0.04252700 -0.04434800 0.04267700 -0.13574400 -0.98982400 -0.03301300 -0.99037700 0.13439600 -0.99854300 0.02694100 -0.04674800
0.06928400 0.04275500 -0.04445200 0.03483200 -0.13444300 -0.99030800 -0.04790400 -0.98999500 0.13271500 -0.99824400 0.04281700 -0.04092400
0.06933800 0.04310900 -0.04457600 0.02991100 -0.13432100 -0.99048600 -0.06246300 -0.98924400 0.13226600 -0.99759800 0.05791200 -0.03798000
0.06943200 0.04346500 -0.04465000 0.02945400 -0.13490800 -0.99041900 -0.06754300 -0.98885300 0.13268600 -0.99728100 0.06298700 -0.03823800
0.06949900 0.04360100 -0.04465000 0.02964200 -0.13474500 -0.99043600 -0.06718700 -0.98889900 0.13252500 -0.99729900 0.06261600 -0.03836700
0.06965200 0.04384800 -0.04457800 0.03236900 -0.13614400 -0.99015900 -0.06763500 -0.98870600 0.13373300 -0.99718400 0.06264000 -0.04121200
0.06974100 0.04408200 -0.04443500 0.02749600 -0.14349600 -0.98926800 -0.07197400 -0.98735800 0.14121800 -0.99702700 0.06731900 -0.03747700
0.06978600 0.04417800 -0.04436400 0.02393400 -0.14853100 -0.98861700 -0.07679600 -0.98625200 0.14631700 -0.99675900 0.07242000 -0.03501100
0.06987400 0.04437500 -0.04424100 0.01923800 -0.15712500 -0.98739100 -0.07482400 -0.98503000 0.15529200 -0.99701000 0.07089300 -0.03070700
0.06992300 0.04453000 -0.04415100 0.01752400 -0.16676200 -0.98584100 -0.07352700 -0.98353700 0.16506500 -0.99713900 0.06959400 -0.02949700
0.06993100 0.04457400 -0.04411700 0.02016200 -0.16833800 -0.98552200 -0.07407300 -0.98326500 0.16643700 -0.99704800 0.06964500 -0.03229400
0.06992800 0.04461300 -0.04408000 0.02295500 -0.16913000 -0.98532600 -0.07477700 -0.98311500 0.16700900 -0.99693500 0.06984600 -0.03521500
0.06993400 0.04463100 -0.04409300 0.02530500 -0.17091300 -0.98496000 -0.07539100 -0.98279700 0.16860000 -0.99683200 0.06999100 -0.03775500
0.06992600 0.04460000 -0.04411900 0.02354200 -0.17339600 -0.98457000 -0.07476200 -0.98239100 0.17122400 -0.99692300 0.06957800 -0.03609100
0.06992200 0.04459200 -0.04413400 0.02624700 -0.17505400 -0.98420800 -0.07541800 -0.98208800 0.17266500 -0.99680600 0.06969500 -0.03898000
0.06994000 0.04462400 -0.04418900 0.02453300 -0.17590100 -0.98410200 -0.08082700 -0.98152400 0.17342500 -0.99642500 0.07528700 -0.03829800
0.06994500 0.04468700 -0.04424300 0.02024300 -0.17833100 -0.98376200 -0.09765400 -0.97961100 0.17556900 -0.99501400 0.09251500 -0.03724600
0.06995000 0.04473200 -0.04426300 0.01871400 -0.18564000 -0.98243900 -0.10275500 -0.97776500 0.18280000 -0.99453000 0.09753000 -0.03737300
0.06994500 0.04480300 -0.04429600 0.01565600 -0.19639100 -0.98040000 -0.10068200 -0.97584600 0.19387100 -0.99479500 0.09567400 -0.03505200
0.06987400 0.04485100 -0.04426900 0.02056800 -0.20504300 -0.97853600 -0.10143700 -0.97412000 0.20198600 -0.99462800 0.09510600 -0.04083500
0.06977600 0.04491600 -0.04421500 0.02613400 -0.21626900 -0.97598300 -0.10864800 -0.97114800 0.21228800 -0.99373600 0.10049000 -0.04887700
0.06971700 0.04496100 -0.04419500 0.02553000 -0.22689600 -0.97358300 -0.11376600 -0.96823300 0.22266600 -0.99317900 0.10507600 -0.05053300
0.06963100 0.04516100 -0.04412700 0.01621800 -0.25411700 -0.96703700 -0.13819800 -0.95845100 0.24954300 -0.99027100 0.12959600 -0.05066300
0.06958600 0.04554600 -0.04409400 0.01037100 -0.27552400 -0.96123700 -0.14285400 -0.95183700 0.27128900 -0.98968900 0.13450300 -0.04923200
0.06955500 0.04575100 -0.04408300 0.00148300 -0.28683200 -0.95797900 -0.14265400 -0.94824300 0.28369600 -0.98977100 0.13623900 -0.04232400
0.06959200 0.04611700 -0.04396100 -0.01287200 -0.32331300 -0.94620300 -0.13000800 -0.93770800 0.32217900 -0.99142900 0.12716200 -0.02996400
0.06968600 0.04634700 -0.04366400 -0.03456800 -0.37442600 -0.92661200 -0.11721600 -0.91924700 0.37582300 -0.99250400 0.12160500 -0.01211300
0.06973300 0.04646200 -0.04335000 -0.05914100 -0.41986800 -0.90565500 -0.10875600 -0.89913300 0.42394600 -0.99230700 0.12356800 0.00751200
0.06972400 0.04644600 -0.04321800 -0.07258400 -0.44365700 -0.89325100 -0.10541000 -0.88718500 0.44920900 -0.99177500 0.12676300 0.01762900
0.06973200 0.04630700 -0.04305300 -0.11406900 -0.49738300 -0.85999900 -0.11068100 -0.85389800 0.50853500 -0.98728800 0.15319300 0.04235300
0.06986100 0.04607500 -0.04297200 -0.17398200 -0.54729800 -0.81865400 -0.12170500 -0.81300900 0.56938800 -0.97719800 0.19869800 0.07484000
0.06996100 0.04589000 -0.04297700 -0.20429500 -0.57865600 -0.78956900 -0.11399400 -0.78703000 0.60629000 -0.97224900 0.21386800 0.09482300
0.07004000 0.04544600 -0.04306100 -0.26396500 -0.63322400 -0.72756300 -0.09897900 -0.73255200 0.67347600 -0.95944000 0.24978800 0.13069200
0.06994000 0.04492100 -0.04317000 -0.31033400 -0.68098800 -0.66328500 -0.08486600 -0.67510200 0.73282600 -0.94683100 0.28371100 0.15171400
0.06983900 0.04416200 -0.04323500 -0.37325800 -0.70555100 -0.60239100 -0.10094300 -0.61457700 0.78237100 -0.92221900 0.35283300 0.15817500
0.06979700 0.04370500 -0.04328100 -0.40081600 -0.71888500 -0.56793500 -0.09938300 -0.58213300 0.80699600 -0.91075100 0.37990000 0.16188300
0.06954000 0.04268000 -0.04334900 -0.43095600 -0.74600400 -0.50769400 -0.08420100 -0.52692200 0.84573100 -0.89843500 0.40722200 0.16426500
0.06926300 0.04162700 -0.04333700 -0.46625500 -0.75584200 -0.45968300 -0.08673400 -0.47806100 0.87403300 -0.88038800 0.44739200 0.15734100
0.06912200 0.04102300 -0.04335600 -0.48777400 -0.75396500 -0.44001400 -0.09468500 -0.45537600 0.88524900 -0.86781900 0.47346400 0.15073100
0.06878300 0.04007600 -0.04345800 -0.51325500 -0.75647500 -0.40535500 -0.09360500 -0.42015300 0.90261200 -0.85311500 0.50121300 0.14483600
0.06834400 0.03929200 -0.04359500 -0.53426900 -0.76257300 -0.36474200 -0.08085900 -0.38340500 0.92003300 -0.84143700 0.52103900 0.14318100
0.06805200 0.03877500 -0.04373600 -0.54168100 -0.76984100 -0.33753000 -0.07214800 -0.35748000 0.93112900 -0.83748200 0.52872700 0.13809700
0.06795600 0.03859700 -0.04381700 -0.54656200 -0.77315100 -0.32172300 -0.06780800 -0.34206300 0.93722600 -0.83466800 0.53406800 0.13453200
0.06775800 0.03830300 -0.04395500 -0.54440000 -0.78644100 -0.29178400 -0.05734100 -0.31214400 0.94830200 -0.83686300 0.53298700 0.12483500
0.06757600 0.03818900 -0.04411700 -0.54050700 -0.79713400 -0.26912500 -0.05128500 -0.28806600 0.95623500 -0.83977400 0.53065400 0.11482100
0.06753000 0.03816500 -0.04421900 -0.53838300 -0.80171200 -0.25961400 -0.04860100 -0.27802100 0.95934400 -0.84129700 0.52911300 0.11071700
0.06748600 0.03811600 -0.04445500 -0.53607500 -0.80550100 -0.25256700 -0.04670000 -0.27043500 0.96160400 -0.84287700 0.52728700 0.10735600
0.06754800 0.03811300 -0.04479600 -0.53617900 -0.81102200 -0.23399500 -0.03117600 -0.25799500 0.96564200 -0.84352700 0.52505200 0.11304700
0.06760600 0.03809100 -0.04499100 -0.53698000 -0.81280200 -0.22584000 -0.02365800 -0.25309600 0.96715100 -0.84326200 0.52468400 0.11667800
0.06769000 0.03802100 -0.04537800 -0.53639000 -0.81638300 -0.21401900 -0.01468500 -0.24451900 0.96953300 -0.84384100 0.52319100 0.11916900
0.06764500 0.03794400 -0.04573300 -0.53676500 -0.81814000 -0.20622600 -0.00662100 -0.24033000 0.97066800 -0.84370500 0.52238700 0.12358400
0.06754800 0.03781900 -0.04600800 -0.53557300 -0.82103500 -0.19764100 -0.00048400 -0.23373700 0.97229900 -0.84448800 0.52083300 0.12478600
0.06747800 0.03770000 -0.04612100 -0.53422100 -0.82276700 -0.19406500 0.00063400 -0.22995900 0.97319900 -0.84534400 0.51978100 0.12337100
0.06724000 0.03746800 -0.04623600 -0.53260500 -0.82391200 -0.19365000 -0.00073400 -0.22835200 0.97357700 -0.84636300 0.51867500 0.12101700
0.06705300 0.03725000 -0.04631000 -0.53262800 -0.82437100 -0.19162200 0.00104800 -0.22705200 0.97388200 -0.84634800 0.51851600 0.12179800
0.06692000 0.03714300 -0.04631900 -0.53253000 -0.82434200 -0.19201900 0.00064600 -0.22725800 0.97383400 -0.84641000 0.51847200 0.12155500
0.06670400 0.03695800 -0.04628200 -0.53164400 -0.82746600 -0.18070700 0.00759500 -0.21800600 0.97591700 -0.84693300 0.51746800 0.12218700
0.06660700 0.03671600 -0.04622400 -0.52909600 -0.83141300 -0.16973000 0.01108600 -0.20677600 0.97832500 -0.84848900 0.51574700 0.11862100
0.06646100 0.03655100 -0.04609000 -0.52720600 -0.83361100 -0.16476000 0.01086300 -0.20049200 0.97963500 -0.84966700 0.51468000 0.11475700
0.06644900 0.03650900 -0.04604100 -0.52220700 -0.83707400 -0.16311300 0.01370500 -0.19947600 0.97980600 -0.85270800 0.50942600 0.11564000
0.06647200 0.03641200 -0.04601800 -0.51000500 -0.84815400 -0.14328100 0.02826200 -0.18300600 0.98270500 -0.85970700 0.49713500 0.11730500
0.06651400 0.03642000 -0.04604800 -0.50630700 -0.85114600 -0.13857200 0.02759300 -0.17659800 0.98389600 -0.86191100 0.49433100 0.11289800
0.06657100 0.03641800 -0.04606200 -0.50207700 -0.85385200 -0.13730600 0.02374200 -0.17231700 0.98475400 -0.86449600 0.49116400 0.10678800
0.06653400 0.03641300 -0.04603600 -0.49542300 -0.85816300 -0.13457900 0.01814500 -0.16511800 0.98610600 -0.86846200 0.48609800 0.09737400
0.06643100 0.03642500 -0.04597600 -0.49222000 -0.86069600 -0.13008200 0.01762800 -0.15926400 0.98707800 -0.87029200 0.48356700 0.09356500
0.06636300 0.03633000 -0.04595100 -0.48881800 -0.86282500 -0.12879700 0.01433300 -0.15556100 0.98772100 -0.87226700 0.48097100 0.08840800
0.06627100 0.03630800 -0.04590500 -0.48724600 -0.86386000 -0.12781300 0.01278400 -0.15340300 0.98808000 -0.87317000 0.47980400 0.08578800
0.06610400 0.03627000 -0.04574200 -0.48456400 -0.86611000 -0.12267700 0.01190800 -0.14676000 0.98910000 -0.87467400 0.47782100 0.08142800
0.06587100 0.03625500 -0.04551200 -0.47861000 -0.86979800 -0.11992400 0.00530600 -0.13944700 0.99021400 -0.87801100 0.47329100 0.07135600
0.06573900 0.03627100 -0.04538600 -0.47827800 -0.86999600 -0.11981700 0.00490300 -0.13907600 0.99026900 -0.87819400 0.47303600 0.07078300
0.06546900 0.03632900 -0.04517000 -0.47164900 -0.87323700 -0.12248900 0.00109800 -0.13949200 0.99022200 -0.88178500 0.46690300 0.06675000
0.06529700 0.03636500 -0.04503700 -0.46450900 -0.87654100 -0.12611700 -0.00319100 -0.14075600 0.99003900 -0.88556200 0.46028400 0.06258500
0.06517900 0.03636400 -0.04500100 -0.46399100 -0.87661900 -0.12747900 -0.00367300 -0.14200200 0.98985900 -0.88583100 0.45975500 0.06266800
0.06513700 0.03636400 -0.04498900 -0.46373400 -0.87665200 -0.12818700 -0.00401700 -0.14260300 0.98977100 -0.88596500 0.45950600 0.06260800
0.06510700 0.03632800 -0.04501500 -0.46030200 -0.87840100 -0.12857700 -0.00749800 -0.14098100 0.98998300 -0.88773000 0.45665600 0.05830700
0.06502300 0.03631100 -0.04503000 -0.45568900 -0.88076700 -0.12882400 -0.01129000 -0.13899300 0.99022800 -0.89006700 0.45269000 0.05339400
0.06499800 0.03632500 -0.04508900 -0.44897200 -0.88395500 -0.13056100 -0.01169000 -0.14029300 0.99004000 -0.89346800 0.44602700 0.05265400
0.06503100 0.03632600 -0.04514100 -0.44721700 -0.88474400 -0.13123800 -0.01295600 -0.14030600 0.99002300 -0.89433000 0.44445600 0.05128500
0.06503300 0.03632800 -0.04516300 -0.44645500 -0.88366400 -0.14076300 -0.02015500 -0.14734000 0.98888000 -0.89457800 0.44432700 0.04797000
0.06503500 0.03636200 -0.04512500 -0.44630500 -0.88241300 -0.14885300 -0.02691200 -0.15302900 0.98785400 -0.89447500 0.44489000 0.04455000
0.06505100 0.03636600 -0.04512300 -0.44107800 -0.88495700 -0.14932700 -0.02624200 -0.15359800 0.98778400 -0.89708400 0.43960900 0.04452600
0.06509300 0.03640200 -0.04515400 -0.43881200 -0.88560700 -0.15212600 -0.03019000 -0.15467000 0.98750400 -0.89807100 0.43792200 0.04113500
0.06510700 0.03647400 -0.04515800 -0.43700700 -0.88425700 -0.16466400 -0.04251400 -0.16255900 0.98578200 -0.89845200 0.43779400 0.03344700
0.06507100 0.03650800 -0.04514300 -0.42982300 -0.88739300 -0.16668300 -0.04568600 -0.16299400 0.98556800 -0.90175500 0.43123600 0.02951700
0.06495000 0.03656500 -0.04510700 -0.42666500 -0.88932400 -0.16449200 -0.04848600 -0.15912300 0.98606600 -0.90310800 0.42869600 0.02477200
0.06476100 0.03658000 -0.04503800 -0.41765800 -0.89040900 -0.18091900 -0.06588600 -0.16891400 0.98342500 -0.90621100 0.42265600 0.01188300
0.06452600 0.03658200 -0.04500500 -0.41505400 -0.89172000 -0.18045700 -0.07076400 -0.16610600 0.98356500 -0.90704000 0.42100300 0.00584100
0.06444700 0.03657000 -0.04502200 -0.41356100 -0.89191400 -0.18291100 -0.07369400 -0.16744500 0.98312200 -0.90748800 0.42006000 0.00352000
0.06436200 0.03656900 -0.04503800 -0.41001300 -0.89191500 -0.19072200 -0.08275200 -0.17186600 0.98163800 -0.90831700 0.41826700 -0.00334100
0.06439500 0.03657700 -0.04502200 -0.40459200 -0.89167500 -0.20302300 -0.09693100 -0.17894100 0.97907200 -0.90934400 0.41580500 -0.01403300
0.06444500 0.03660800 -0.04502200 -0.40163200 -0.89176600 -0.20843200 -0.10323000 -0.18206100 0.97785300 -0.90996400 0.41425400 -0.01893500
0.06455800 0.03673900 -0.04503200 -0.39477900 -0.89165800 -0.22157300 -0.11901300 -0.18950100 0.97464000 -0.91103500 0.41113700 -0.03130800
0.06452300 0.03700400 -0.04496700 -0.38699800 -0.88943400 -0.24318200 -0.14605900 -0.20127100 0.96858400 -0.91043800 0.41036000 -0.05201900
