0.08620200 0.04170000 -0.02811000 0.80909900 -0.26125600 -0.52640500 0.31594800 0.94866000 0.01479800 0.49551400 -0.17828900 0.85010400
0.08627500 0.04176800 -0.02897000 0.80885000 -0.26147000 -0.52668100 0.31438500 0.94922400 0.01157600 0.49691200 -0.17494400 0.84998300
0.08633200 0.04182600 -0.02949300 0.80905800 -0.25904100 -0.52756200 0.31304100 0.94963900 0.01378600 0.49742300 -0.17630300 0.84940400
0.08648700 0.04195700 -0.03059600 0.80529000 -0.26385700 -0.53092900 0.32095100 0.94695700 0.01619300 0.49849400 -0.18344200 0.84726100
0.08671600 0.04212200 -0.03188000 0.80152100 -0.25648000 -0.54016700 0.32098900 0.94670300 0.02678600 0.50450800 -0.19485700 0.84113100
0.08685300 0.04221200 -0.03256500 0.80010200 -0.24855000 -0.54594600 0.31728800 0.94773600 0.03352500 0.50908000 -0.20004500 0.83714800
0.08715300 0.04236300 -0.03396200 0.79674400 -0.22687700 -0.56011000 0.30721900 0.95021000 0.05212200 0.52039800 -0.21360500 0.82677500
0.08746400 0.04249100 -0.03536000 0.79448500 -0.20042200 -0.57325600 0.29417600 0.95283700 0.07457100 0.53127500 -0.22788400 0.81597400
0.08773200 0.04262200 -0.03671400 0.79551400 -0.17075900 -0.58137600 0.27880900 0.95502000 0.10099900 0.53798000 -0.24243900 0.80734100
0.08786700 0.04269300 -0.03736900 0.79461100 -0.16109900 -0.58535400 0.27684800 0.95422200 0.11320000 0.54032200 -0.25200300 0.80283500
0.08813600 0.04284900 -0.03859300 0.79223800 -0.13648600 -0.59475100 0.26320400 0.95576700 0.13126800 0.55052700 -0.26053700 0.79311900
0.08839300 0.04304900 -0.03964100 0.79180800 -0.11796100 -0.59926900 0.25279300 0.95648000 0.14573800 0.55599800 -0.26688800 0.78716900
0.08849600 0.04317100 -0.04008500 0.79045400 -0.11166600 -0.60225600 0.24939000 0.95672500 0.14993300 0.55945100 -0.26871200 0.78409600
0.08865600 0.04342900 -0.04076200 0.79184800 -0.10472100 -0.60167100 0.24522700 0.95679800 0.15620700 0.55932000 -0.27123900 0.78331900
0.08876400 0.04368000 -0.04114200 0.79382400 -0.09961400 -0.59993300 0.24337300 0.95609000 0.16327800 0.55732600 -0.27562200 0.78321100
0.08882800 0.04388900 -0.04124100 0.79568500 -0.09799700 -0.59773000 0.24279700 0.95567700 0.16652500 0.55491800 -0.27762900 0.78421100
0.08884100 0.04394600 -0.04121600 0.79665500 -0.09762700 -0.59649600 0.24297900 0.95534500 0.16815400 0.55344400 -0.27889800 0.78480200
0.08884800 0.04399500 -0.04106400 0.79544700 -0.09935500 -0.59782200 0.24488800 0.95503900 0.16712000 0.55434000 -0.27933500 0.78401400
0.08884900 0.04401500 -0.04089700 0.79404600 -0.10134500 -0.59934800 0.24714800 0.95465000 0.16601000 0.55534400 -0.27994800 0.78308400
0.08885200 0.04403000 -0.04083400 0.79337700 -0.10228700 -0.60007300 0.24817400 0.95448700 0.16542000 0.55584200 -0.28016300 0.78265400
0.08885500 0.04408100 -0.04076500 0.79230100 -0.10379000 -0.60123600 0.24969100 0.95428300 0.16430500 0.55669700 -0.28030300 0.78199600
0.08885700 0.04412400 -0.04073000 0.79309000 -0.10362100 -0.60022400 0.25013500 0.95390300 0.16583000 0.55537300 -0.28165500 0.78245100
0.08885800 0.04414300 -0.04071300 0.79402300 -0.10324900 -0.59905300 0.25039000 0.95353800 0.16753600 0.55392300 -0.28302500 0.78298500
0.08885800 0.04415000 -0.04070700 0.79530500 -0.10240100 -0.59749700 0.25017400 0.95322400 0.16963000 0.55217900 -0.28438600 0.78372200
0.08885900 0.04416300 -0.04069400 0.79494100 -0.10289500 -0.59789600 0.25065600 0.95317000 0.16922800 0.55248400 -0.28439300 0.78350600
0.08886000 0.04417800 -0.04068000 0.79437100 -0.10367900 -0.59851800 0.25143000 0.95307600 0.16860700 0.55295300 -0.28442200 0.78316400
0.08886000 0.04418600 -0.04067200 0.79405300 -0.10411500 -0.59886400 0.25185900 0.95302300 0.16826200 0.55321300 -0.28443800 0.78297400
0.08886100 0.04419900 -0.04066000 0.79487300 -0.10389900 -0.59781300 0.25226800 0.95263200 0.16985800 0.55184900 -0.28582400 0.78343200
0.08886200 0.04421100 -0.04064900 0.79437000 -0.10457800 -0.59836300 0.25293200 0.95255400 0.16930400 0.55226800 -0.28583600 0.78313200
0.08886700 0.04421600 -0.04064500 0.79397700 -0.10511800 -0.59879000 0.25346500 0.95248900 0.16887600 0.55259000 -0.28585600 0.78289800
0.08887200 0.04421200 -0.04064800 0.79367900 -0.10552700 -0.59911200 0.25386800 0.95243900 0.16855200 0.55283200 -0.28587200 0.78272100
0.08887800 0.04421200 -0.04064900 0.79314700 -0.10625400 -0.59968800 0.25458500 0.95234900 0.16797400 0.55326500 -0.28590000 0.78240500
0.08887800 0.04421500 -0.04064600 0.79269000 -0.10687700 -0.60018100 0.25519900 0.95227200 0.16747900 0.55363700 -0.28592500 0.78213300
0.08887300 0.04422100 -0.04064000 0.79238300 -0.10729300 -0.60051300 0.25561000 0.95222100 0.16714700 0.55388800 -0.28594100 0.78194900
0.08887400 0.04424200 -0.04062000 0.79186000 -0.10800300 -0.60107500 0.25630800 0.95213200 0.16658100 0.55431300 -0.28596900 0.78163700
0.08887600 0.04427500 -0.04058200 0.79145100 -0.10855800 -0.60151400 0.25687000 0.95205400 0.16615800 0.55463700 -0.28601700 0.78139000
0.08888200 0.04429100 -0.04056000 0.79122200 -0.10887100 -0.60175800 0.25719100 0.95200800 0.16593000 0.55481400 -0.28605400 0.78125100
0.08888400 0.04432600 -0.04052000 0.79087700 -0.10933900 -0.60212700 0.25766600 0.95194100 0.16557600 0.55508600 -0.28609800 0.78104100
0.08889200 0.04435600 -0.04048600 0.79046500 -0.10989700 -0.60256600 0.25822900 0.95186200 0.16515000 0.55541100 -0.28614600 0.78079300
0.08889800 0.04437300 -0.04045600 0.79008400 -0.11041500 -0.60297100 0.25876600 0.95178100 0.16477800 0.55570300 -0.28621700 0.78055900
0.08889900 0.04437800 -0.04044400 0.78998500 -0.11054900 -0.60307600 0.25891200 0.95175600 0.16469100 0.55577600 -0.28624700 0.78049600
0.08890000 0.04437700 -0.04042400 0.78975400 -0.11086400 -0.60332200 0.25926500 0.95169300 0.16450000 0.55594000 -0.28633500 0.78034700
0.08890500 0.04437100 -0.04041600 0.79014900 -0.10654800 -0.60358200 0.25395200 0.95317800 0.16418700 0.55782800 -0.28301300 0.78021100
0.08891100 0.04437100 -0.04041600 0.78998700 -0.10677300 -0.60375300 0.25417400 0.95314900 0.16401300 0.55795600 -0.28302600 0.78011500
0.08892700 0.04437000 -0.04041700 0.79025500 -0.10260800 -0.60412500 0.24897200 0.95460200 0.16354500 0.55991800 -0.27965300 0.77992600
0.08894300 0.04436600 -0.04041500 0.78993100 -0.10307000 -0.60447000 0.24943700 0.95453800 0.16320800 0.56016900 -0.27970000 0.77972900
0.08895900 0.04437300 -0.04041500 0.79023300 -0.09883000 -0.60478300 0.24413800 0.95598000 0.16277900 0.56207400 -0.27628400 0.77957500
0.08896500 0.04437600 -0.04041200 0.79006300 -0.09907300 -0.60496600 0.24437400 0.95595200 0.16259100 0.56221000 -0.27629500 0.77947300
0.08897500 0.04437600 -0.04041300 0.78981800 -0.09942100 -0.60522800 0.24471200 0.95591100 0.16232000 0.56240700 -0.27631000 0.77932600
0.08897600 0.04438600 -0.04040400 0.79117500 -0.09843800 -0.60361500 0.24442200 0.95560800 0.16453000 0.56062400 -0.27771000 0.78011400
0.08897600 0.04439400 -0.04039600 0.79111700 -0.09850300 -0.60368000 0.24447500 0.95560700 0.16445500 0.56068200 -0.27768800 0.78007900
0.08897200 0.04441000 -0.04037400 0.79162000 -0.09392900 -0.60374900 0.23888000 0.95704400 0.16432000 0.56238100 -0.27430300 0.78005300
0.08897900 0.04443300 -0.04034500 0.79144800 -0.09418000 -0.60393600 0.23914000 0.95700900 0.16414900 0.56251300 -0.27434000 0.77994600
0.08898000 0.04444800 -0.04031800 0.79124400 -0.09447300 -0.60415700 0.23945400 0.95696200 0.16396300 0.56266600 -0.27440200 0.77981300
0.08898100 0.04445700 -0.04030900 0.79115000 -0.09460600 -0.60426000 0.23958200 0.95694800 0.16385800 0.56274400 -0.27440600 0.77975600
0.08898200 0.04445600 -0.04028900 0.79098700 -0.09483800 -0.60443700 0.23985200 0.95690200 0.16373700 0.56285800 -0.27448900 0.77964400
0.08898200 0.04445300 -0.04028500 0.79084900 -0.09503300 -0.60458600 0.24005500 0.95687300 0.16360400 0.56296500 -0.27452000 0.77955600
0.08898200 0.04444700 -0.04028400 0.79079500 -0.09511000 -0.60464500 0.24014400 0.95685800 0.16356400 0.56300300 -0.27454800 0.77951900
0.08898700 0.04444500 -0.04028600 0.78973300 -0.09314300 -0.60633700 0.23981500 0.95662400 0.16539900 0.56463200 -0.27603000 0.77781600
0.08898700 0.04444400 -0.04028000 0.79014400 -0.08998100 -0.60627900 0.23586200 0.95763000 0.16526500 0.56572100 -0.27358200 0.77788900
0.08898700 0.04444300 -0.04027300 0.79022400 -0.08869700 -0.60636400 0.23427300 0.95803700 0.16517000 0.56626900 -0.27257600 0.77784300
0.08898700 0.04444300 -0.04027300 0.79015100 -0.08880500 -0.60644400 0.23437800 0.95802500 0.16508800 0.56632800 -0.27258200 0.77779900
0.08898700 0.04444600 -0.04027100 0.79006700 -0.08893000 -0.60653500 0.23450000 0.95801100 0.16499500 0.56639500 -0.27259000 0.77774700
0.08899300 0.04444900 -0.04026800 0.79046600 -0.08443600 -0.60665600 0.22894800 0.95938900 0.16478600 0.56810600 -0.26915100 0.77769600
0.08898800 0.04445300 -0.04026400 0.79039500 -0.08454100 -0.60673500 0.22905000 0.95937800 0.16470700 0.56816400 -0.26915700 0.77765200
0.08898800 0.04445600 -0.04026100 0.79023900 -0.08476800 -0.60690600 0.22927000 0.95935500 0.16453300 0.56829200 -0.26916600 0.77755600
0.08898800 0.04445900 -0.04025800 0.78959600 -0.07816300 -0.60862700 0.22325200 0.96047200 0.16628600 0.57157200 -0.26717600 0.77583600
0.08898800 0.04446100 -0.04025000 0.78963700 -0.07825500 -0.60856200 0.22327800 0.96048000 0.16620500 0.57150600 -0.26712100 0.77590400
0.08898900 0.04446800 -0.04024300 0.78955200 -0.07841000 -0.60865300 0.22341700 0.96046800 0.16608700 0.57156900 -0.26711700 0.77585800
0.08898900 0.04447300 -0.04023100 0.78952900 -0.07845300 -0.60867800 0.22347500 0.96045600 0.16608000 0.57157900 -0.26715000 0.77584000
0.08898900 0.04447300 -0.04023100 0.78938500 -0.07866400 -0.60883700 0.22367800 0.96043700 0.16591700 0.57169800 -0.26715600 0.77575000
0.08898900 0.04447300 -0.04023100 0.78981700 -0.07403500 -0.60885600 0.21797700 0.96176400 0.16581500 0.57330000 -0.26368100 0.77575700
0.08899500 0.04447300 -0.04023100 0.78973400 -0.07416800 -0.60894800 0.21810600 0.96175100 0.16572000 0.57336600 -0.26369000 0.77570500
0.08900600 0.04447600 -0.04022900 0.78963000 -0.07432900 -0.60906300 0.21825900 0.96173700 0.16559800 0.57345100 -0.26369500 0.77564000
0.08901100 0.04447700 -0.04022800 0.78953800 -0.07446700 -0.60916600 0.21839100 0.96172600 0.16549100 0.57352800 -0.26369700 0.77558200
0.08902800 0.04448600 -0.04022100 0.78948300 -0.07455400 -0.60922600 0.21847300 0.96171900 0.16542400 0.57357200 -0.26369900 0.77554900
0.08904400 0.04450100 -0.04021400 0.78932900 -0.07478600 -0.60939800 0.21867800 0.96170600 0.16522400 0.57370600 -0.26367800 0.77545700
0.08906700 0.04451300 -0.04019600 0.78924100 -0.07492500 -0.60949400 0.21882300 0.96168800 0.16513700 0.57377100 -0.26370500 0.77539900
0.08907800 0.04452600 -0.04018500 0.78958800 -0.07039400 -0.60958500 0.21320600 0.96298000 0.16496000 0.57540600 -0.26021800 0.77536600
0.08911700 0.04456200 -0.04015200 0.78939800 -0.07069600 -0.60979700 0.21349200 0.96295600 0.16473200 0.57556200 -0.26022500 0.77524800
0.08916200 0.04459800 -0.04011300 0.78925400 -0.07093000 -0.60995500 0.21372600 0.96293000 0.16457600 0.57567100 -0.26025600 0.77515700
0.08920700 0.04462900 -0.04007100 0.78905900 -0.07124300 -0.61017100 0.21405000 0.96289200 0.16437900 0.57581900 -0.26031200 0.77502800
0.08923500 0.04464200 -0.04005300 0.78896000 -0.07140000 -0.61028100 0.21421300 0.96287300 0.16427800 0.57589400 -0.26033900 0.77496300
0.08929000 0.04466700 -0.04002400 0.78875400 -0.07172500 -0.61050800 0.21453200 0.96284100 0.16404800 0.57605600 -0.26036700 0.77483300
0.08933400 0.04468700 -0.04000000 0.78853100 -0.07207200 -0.61075600 0.21487200 0.96280800 0.16379900 0.57623600 -0.26039500 0.77469100
0.08935600 0.04469200 -0.03998900 0.78892900 -0.06745200 -0.61077000 0.20917200 0.96407600 0.16371700 0.57778700 -0.25691700 0.77469600
0.08939500 0.04469900 -0.03997600 0.78881800 -0.06763800 -0.61089200 0.20936200 0.96405500 0.16360000 0.57786800 -0.25694900 0.77462500
0.08941600 0.04469200 -0.03996300 0.78877800 -0.06771100 -0.61093600 0.20947500 0.96402900 0.16360800 0.57788200 -0.25702600 0.77458900
0.08942200 0.04469000 -0.03995800 0.78869500 -0.06783900 -0.61102900 0.20961000 0.96401300 0.16352900 0.57794600 -0.25705300 0.77453200
0.08942300 0.04468600 -0.03994000 0.78869900 -0.06783700 -0.61102400 0.20965300 0.96399200 0.16359400 0.57792500 -0.25712900 0.77452300
0.08941800 0.04468800 -0.03992500 0.78869600 -0.06784200 -0.61102700 0.20968900 0.96397800 0.16363000 0.57791700 -0.25718100 0.77451200
0.08942900 0.04469100 -0.03992200 0.78866400 -0.06789400 -0.61106300 0.20973800 0.96397400 0.16359100 0.57794300 -0.25718100 0.77449200
0.08943400 0.04468800 -0.03992500 0.78866300 -0.06789800 -0.61106400 0.20974100 0.96397400 0.16358800 0.57794300 -0.25718100 0.77449200
0.08945000 0.04468700 -0.03992600 0.78863000 -0.06795400 -0.61110100 0.20979300 0.96397000 0.16354600 0.57797000 -0.25718200 0.77447200
0.08946600 0.04469100 -0.03993000 0.78858800 -0.06802100 -0.61114600 0.20984000 0.96397200 0.16347400 0.57800900 -0.25715700 0.77445100
0.08947100 0.04469100 -0.03993000 0.78857700 -0.06804000 -0.61115800 0.20985700 0.96397000 0.16346000 0.57801800 -0.25715700 0.77444400
0.08947700 0.04469100 -0.03993000 0.78856600 -0.06805900 -0.61117100 0.20987400 0.96396900 0.16344600 0.57802600 -0.25715700 0.77443800
0.08948200 0.04469500 -0.03992700 0.78854500 -0.06809200 -0.61119400 0.20990500 0.96396700 0.16342000 0.57804400 -0.25715700 0.77442500
0.08948800 0.04469800 -0.03992500 0.78852400 -0.06812600 -0.61121800 0.20993700 0.96396400 0.16339400 0.57806200 -0.25715700 0.77441100
0.08948800 0.04470400 -0.03991900 0.78834100 -0.06787400 -0.61148100 0.20991600 0.96392800 0.16363400 0.57831800 -0.25735900 0.77415300
0.08948900 0.04472000 -0.03990400 0.78735600 -0.06631800 -0.61291900 0.20969200 0.96372800 0.16509500 0.57973900 -0.25851300 0.77270400
0.08949000 0.04474100 -0.03988500 0.78730000 -0.06645000 -0.61297700 0.20979600 0.96372400 0.16498600 0.57977800 -0.25849400 0.77268100
0.08949600 0.04475100 -0.03987600 0.78725900 -0.06651800 -0.61302400 0.20986100 0.96371900 0.16493600 0.57981200 -0.25849700 0.77265600
0.08950700 0.04476200 -0.03986600 0.78720600 -0.06660200 -0.61308200 0.20994000 0.96371200 0.16487200 0.57985500 -0.25849800 0.77262300
0.08952300 0.04476200 -0.03986600 0.78717200 -0.06665800 -0.61311900 0.20999100 0.96370800 0.16482900 0.57988100 -0.25849900 0.77260200
0.08955000 0.04475800 -0.03987000 0.78712700 -0.06673600 -0.61316800 0.21006200 0.96370300 0.16477000 0.57991700 -0.25849900 0.77257600
0.08956600 0.04475800 -0.03987100 0.78709400 -0.06679100 -0.61320400 0.21011300 0.96369900 0.16472800 0.57994300 -0.25849900 0.77255600
0.08959300 0.04475800 -0.03987200 0.78703900 -0.06688400 -0.61326500 0.21019800 0.96369200 0.16465700 0.57998700 -0.25849900 0.77252200
0.08961900 0.04476100 -0.03987000 0.78697300 -0.06699200 -0.61333800 0.21029700 0.96368500 0.16457400 0.58004000 -0.25849900 0.77248300
0.08963000 0.04476100 -0.03987000 0.78695100 -0.06702900 -0.61336200 0.21033100 0.96368200 0.16454600 0.58005800 -0.25849900 0.77247000
0.08963000 0.04476400 -0.03986700 0.78694100 -0.06704400 -0.61337300 0.21034600 0.96368100 0.16453400 0.58006600 -0.25849900 0.77246300
0.08963000 0.04476400 -0.03986700 0.78687000 -0.06714900 -0.61345300 0.21044500 0.96367400 0.16445200 0.58012600 -0.25850000 0.77241800
0.08963000 0.04476400 -0.03986700 0.78687000 -0.06714900 -0.61345300 0.21044500 0.96367400 0.16445200 0.58012600 -0.25850000 0.77241800
0.08963500 0.04477200 -0.03987400 0.78684300 -0.06719000 -0.61348300 0.21045300 0.96368400 0.16437900 0.58016100 -0.25845000 0.77240900
0.08963500 0.04477600 -0.03987700 0.78683500 -0.06720100 -0.61349300 0.21044900 0.96369000 0.16434900 0.58017300 -0.25842500 0.77240800
0.08964000 0.04477700 -0.03988400 0.78830200 -0.06592500 -0.61174500 0.20992700 0.96340200 0.16669300 0.57836700 -0.25982600 0.77329100
0.08964600 0.04477700 -0.03989000 0.78829200 -0.06594100 -0.61175600 0.20992600 0.96340800 0.16665900 0.57838200 -0.25980000 0.77329000
0.08966100 0.04477500 -0.03990700 0.78828300 -0.06595900 -0.61176600 0.20991200 0.96342000 0.16660600 0.57839900 -0.25975000 0.77329300
0.08967600 0.04478400 -0.03993400 0.78823900 -0.06602700 -0.61181500 0.20990000 0.96344900 0.16645200 0.57846300 -0.25962400 0.77328800
0.08967600 0.04479500 -0.03994400 0.78821500 -0.06606100 -0.61184300 0.20988700 0.96346700 0.16636400 0.57850100 -0.25954900 0.77328500
0.08968100 0.04481400 -0.03996900 0.78731800 -0.05944400 -0.61367300 0.20382100 0.96447300 0.16806900 0.58188100 -0.25740300 0.77146300
0.08969400 0.04480800 -0.04003100 0.78617800 -0.05229600 -0.61578200 0.19751200 0.96541500 0.17017900 0.58558600 -0.25541500 0.76931800
0.08971700 0.04479300 -0.04014300 0.78352000 -0.04246200 -0.61991200 0.19057000 0.96600300 0.17469700 0.59142000 -0.25501600 0.76497500
0.08972500 0.04478800 -0.04021100 0.78246800 -0.04034100 -0.62138100 0.18990900 0.96581700 0.17643900 0.59302300 -0.25606400 0.76338300
0.08972900 0.04477200 -0.04037300 0.78052300 -0.03181100 -0.62431600 0.18301400 0.96657400 0.17955600 0.59773600 -0.25440600 0.76025500
0.08971600 0.04467800 -0.04055800 0.77848500 -0.02776100 -0.62704800 0.18187700 0.96613700 0.18302800 0.60073300 -0.25653000 0.75717300
0.08970000 0.04459000 -0.04066200 0.77787500 -0.02125600 -0.62805800 0.17550700 0.96700700 0.18464600 0.60341200 -0.25386000 0.75594100
0.08967200 0.04433900 -0.04090300 0.77813700 -0.01200300 -0.62797900 0.16409500 0.96897700 0.18481200 0.60627900 -0.24685700 0.75596700
0.08965600 0.04399400 -0.04122300 0.77664100 -0.00862400 -0.62988300 0.15856300 0.97038700 0.18222200 0.60965900 -0.24139700 0.75501000
0.08963500 0.04354700 -0.04164100 0.77430000 -0.00149700 -0.63281600 0.14735600 0.97293400 0.17800100 0.61542200 -0.23107600 0.75356400
0.08962300 0.04328500 -0.04189300 0.77180600 0.00406700 -0.63584400 0.13793000 0.97509800 0.17366100 0.62071700 -0.22173500 0.75202600
0.08957300 0.04267800 -0.04247200 0.76874000 0.01243800 -0.63943900 0.12409400 0.97790900 0.16820800 0.62740600 -0.20865900 0.75021400
0.08953400 0.04197700 -0.04315800 0.76460500 0.01392200 -0.64434700 0.11774900 0.97992100 0.16089800 0.63365000 -0.19889400 0.74761400
0.08945300 0.04123000 -0.04390800 0.76322700 0.01821100 -0.64587300 0.11050400 0.98119600 0.15824800 0.63661000 -0.19215100 0.74686300
0.08939600 0.04084300 -0.04430300 0.76243800 0.01785300 -0.64681400 0.11000000 0.98149200 0.15675300 0.63764200 -0.19066400 0.74636400
0.08923900 0.04013900 -0.04501600 0.76034500 0.02094100 -0.64918100 0.10372900 0.98273700 0.15319200 0.64118200 -0.18381700 0.74504700
0.08901800 0.03950300 -0.04566600 0.75677200 0.01773600 -0.65343700 0.10397600 0.98363800 0.14711800 0.64535600 -0.17927600 0.74254600
0.08888600 0.03921200 -0.04595800 0.75439400 0.01562500 -0.65623400 0.10410200 0.98421600 0.14310700 0.64811300 -0.17627500 0.74086100
0.08858600 0.03867200 -0.04648800 0.74900200 0.01102800 -0.66247500 0.10405600 0.98549600 0.13405200 0.65434500 -0.16933900 0.73699100
0.08828000 0.03816500 -0.04696600 0.74234300 0.00785300 -0.66997300 0.10470200 0.98628700 0.12757300 0.66178800 -0.16485000 0.73134000
0.08815600 0.03791300 -0.04717200 0.73997200 0.00821000 -0.67258600 0.10560300 0.98610700 0.12822100 0.66429500 -0.16590700 0.72882500
0.08791100 0.03735000 -0.04760500 0.73511100 0.00405300 -0.67793400 0.10949100 0.98614400 0.12462100 0.66904600 -0.16583700 0.72448200
0.08769900 0.03681900 -0.04804100 0.73233400 -0.00028800 -0.68094500 0.11340000 0.98608700 0.12154100 0.67143600 -0.16622800 0.72217700
0.08751300 0.03631800 -0.04850300 0.72961000 -0.00203000 -0.68385900 0.11590400 0.98589500 0.12073100 0.67396900 -0.16734800 0.71955400
0.08743100 0.03607800 -0.04873600 0.72856500 -0.00240200 -0.68497000 0.11666400 0.98581700 0.12063200 0.67496700 -0.16780000 0.71851300
0.08730100 0.03559600 -0.04920800 0.72610100 -0.00590600 -0.68756200 0.11862300 0.98604500 0.11680200 0.67727800 -0.16637100 0.71666800
0.08719900 0.03511600 -0.04966100 0.72323500 -0.00636700 -0.69057100 0.12050400 0.98578000 0.11711500 0.68000600 -0.16791900 0.71371800
0.08714500 0.03488100 -0.04988700 0.72226600 -0.00687200 -0.69158000 0.12132800 0.98570200 0.11691600 0.68088900 -0.16835200 0.71277300
0.08703400 0.03444700 -0.05030100 0.72051800 -0.00707500 -0.69339900 0.12246100 0.98552900 0.11719400 0.68253700 -0.16935400 0.71095800
0.08689700 0.03409500 -0.05066500 0.72009000 -0.00782300 -0.69383500 0.12312800 0.98550700 0.11667600 0.68286700 -0.16944800 0.71061800
0.08673800 0.03385100 -0.05092800 0.71988700 -0.00811800 -0.69404300 0.12340500 0.98549700 0.11647300 0.68303200 -0.16949600 0.71044800
0.08665200 0.03376500 -0.05101800 0.71985100 -0.00814700 -0.69407900 0.12345000 0.98549200 0.11646600 0.68306100 -0.16952200 0.71041400
0.08647000 0.03368100 -0.05108900 0.71978900 -0.00400200 -0.69418000 0.11771100 0.98620500 0.11636800 0.68413900 -0.16547400 0.71033100
0.08628400 0.03368100 -0.05101200 0.71975900 -0.00399400 -0.69421200 0.11787800 0.98616500 0.11654200 0.68414200 -0.16571500 0.71027200
0.08620600 0.03367400 -0.05094800 0.71962100 -0.00421500 -0.69435300 0.11821600 0.98612500 0.11653300 0.68422900 -0.16594300 0.71013500
0.08607400 0.03361700 -0.05079700 0.71913100 -0.00505200 -0.69485400 0.11936300 0.98600800 0.11636300 0.68454400 -0.16662000 0.70967200
0.08595700 0.03351800 -0.05067100 0.71885400 -0.00553500 -0.69513700 0.12028300 0.98587500 0.11653800 0.68467400 -0.16738700 0.70936700
0.08583300 0.03345200 -0.05057100 0.71878000 -0.00565100 -0.69521300 0.12077400 0.98577700 0.11685500 0.68466500 -0.16795700 0.70924000
0.08576600 0.03344300 -0.05053300 0.72013400 -0.00700000 -0.69379900 0.12084000 0.98593100 0.11548000 0.68323000 -0.16699900 0.71084900
0.08563200 0.03347300 -0.05047100 0.72030600 -0.00720200 -0.69361700 0.12094900 0.98593100 0.11536500 0.68302900 -0.16699100 0.71104400
0.08550800 0.03351400 -0.05042100 0.72006000 -0.00753800 -0.69386900 0.12122900 0.98592900 0.11509400 0.68323800 -0.16699200 0.71084200
0.08545800 0.03352700 -0.05039800 0.71991200 -0.00777200 -0.69402000 0.12143300 0.98592400 0.11492200 0.68335800 -0.16701000 0.71072300
0.08536900 0.03354900 -0.05036300 0.71967400 -0.00814700 -0.69426300 0.12174700 0.98591800 0.11463400 0.68355300 -0.16702400 0.71053200
0.08531900 0.03356100 -0.05033300 0.71951500 -0.00840300 -0.69442400 0.12198600 0.98590900 0.11446300 0.68367800 -0.16706800 0.71040200
0.08529100 0.03356700 -0.05030900 0.71953500 -0.00836100 -0.69440500 0.12198900 0.98590000 0.11453300 0.68365700 -0.16712000 0.71040900
0.08524900 0.03358300 -0.05023400 0.71951900 -0.00838100 -0.69442100 0.12213100 0.98587000 0.11464600 0.68364800 -0.16730000 0.71037500
0.08520400 0.03361200 -0.05011300 0.71945900 -0.00848500 -0.69448200 0.12241000 0.98582100 0.11476900 0.68366100 -0.16758300 0.71029600
0.08513300 0.03366500 -0.04994000 0.71935000 -0.00866700 -0.69459300 0.12280600 0.98575800 0.11488300 0.68370600 -0.16794100 0.71016900
0.08508600 0.03369600 -0.04984800 0.71930500 -0.00873500 -0.69463800 0.12298600 0.98572700 0.11495800 0.68372000 -0.16812100 0.71011300
0.08497100 0.03376500 -0.04966400 0.71924100 -0.00882000 -0.69470300 0.12328900 0.98566900 0.11513000 0.68373300 -0.16845600 0.71002100
0.08483100 0.03381700 -0.04949300 0.72071100 -0.01052100 -0.69315500 0.12361600 0.98580900 0.11356800 0.68212400 -0.16753500 0.71178400
0.08470600 0.03383000 -0.04935800 0.72067300 -0.01053200 -0.69319400 0.12395600 0.98572900 0.11389300 0.68210300 -0.16800500 0.71169400
0.08466800 0.03382000 -0.04931300 0.72066900 -0.01051300 -0.69319800 0.12407400 0.98569700 0.11404200 0.68208500 -0.16819400 0.71166600
0.08463400 0.03376900 -0.04927600 0.72213000 -0.01246100 -0.69164400 0.12450300 0.98585100 0.11222800 0.68046000 -0.16715500 0.71346400
0.08465000 0.03372900 -0.04928300 0.72202000 -0.01242900 -0.69175900 0.12467900 0.98580700 0.11242100 0.68054400 -0.16741800 0.71332200
0.08468300 0.03372200 -0.04929200 0.72196900 -0.01250500 -0.69181100 0.12474400 0.98580500 0.11236200 0.68058600 -0.16742200 0.71328200
0.08477500 0.03372300 -0.04930000 0.72179500 -0.01283600 -0.69198600 0.12498300 0.98580700 0.11208100 0.68072700 -0.16738600 0.71315600
0.08486700 0.03372600 -0.04929000 0.72154300 -0.01330800 -0.69224000 0.12536800 0.98579900 0.11172300 0.68092300 -0.16739800 0.71296500
0.08489600 0.03372900 -0.04927900 0.72153800 -0.01333000 -0.69224600 0.12540100 0.98579400 0.11172500 0.68092300 -0.16742200 0.71296000
0.08492700 0.03375300 -0.04925200 0.72139900 -0.01357800 -0.69238500 0.12559400 0.98579200 0.11152500 0.68103400 -0.16741300 0.71285600
0.08491900 0.03378900 -0.04918000 0.72127800 -0.01378800 -0.69250600 0.12582900 0.98577300 0.11143000 0.68111900 -0.16751000 0.71275200
0.08489700 0.03382900 -0.04907900 0.72116500 -0.01398500 -0.69262100 0.12610900 0.98574100 0.11140200 0.68118800 -0.16768500 0.71264500
0.08489400 0.03385600 -0.04903200 0.72107500 -0.01414100 -0.69271100 0.12626700 0.98573100 0.11131400 0.68125300 -0.16773200 0.71257200
0.08490400 0.03388900 -0.04895600 0.72093200 -0.01440000 -0.69285500 0.12655900 0.98570600 0.11120000 0.68135100 -0.16785500 0.71244900
0.08492300 0.03389200 -0.04892100 0.72087500 -0.01451300 -0.69291200 0.12671800 0.98568700 0.11118700 0.68138100 -0.16795600 0.71239700
0.08492800 0.03388700 -0.04892000 0.72087300 -0.01452100 -0.69291400 0.12674200 0.98568200 0.11119900 0.68137900 -0.16798200 0.71239300
0.08494500 0.03386300 -0.04892400 0.72090500 -0.01447700 -0.69288100 0.12675900 0.98567000 0.11129200 0.68134200 -0.16806000 0.71241000
0.08494500 0.03386000 -0.04892700 0.72090500 -0.01447600 -0.69288100 0.12675900 0.98567000 0.11129200 0.68134200 -0.16805900 0.71241000
0.08494500 0.03386500 -0.04892100 0.72088600 -0.01451100 -0.69290100 0.12678600 0.98567000 0.11126500 0.68135700 -0.16805900 0.71239500
0.08495100 0.03386600 -0.04892000 0.72087500 -0.01453000 -0.69291100 0.12680100 0.98566900 0.11124900 0.68136500 -0.16805800 0.71238800
0.08495100 0.03386600 -0.04892000 0.72087500 -0.01453000 -0.69291100 0.12680100 0.98566900 0.11124900 0.68136500 -0.16805800 0.71238800
0.08495100 0.03386600 -0.04892000 0.72087500 -0.01453000 -0.69291100 0.12680100 0.98566900 0.11124900 0.68136500 -0.16805800 0.71238800
0.08495600 0.03386600 -0.04892000 0.72086500 -0.01455000 -0.69292200 0.12681600 0.98566900 0.11123300 0.68137300 -0.16805800 0.71238000
0.08496800 0.03386900 -0.04891700 0.72076800 -0.01472200 -0.69301900 0.12695100 0.98566700 0.11109500 0.68145100 -0.16805400 0.71230700
0.08499100 0.03387400 -0.04891200 0.72077400 -0.01472100 -0.69301300 0.12695000 0.98566700 0.11109700 0.68144500 -0.16805400 0.71231300
0.08502100 0.03388400 -0.04890100 0.72068400 -0.01488900 -0.69310300 0.12708000 0.98566500 0.11096400 0.68151600 -0.16805000 0.71224500
0.08503800 0.03388900 -0.04889500 0.72063300 -0.01498300 -0.69315300 0.12715300 0.98566400 0.11088900 0.68155600 -0.16804800 0.71220800
0.08507900 0.03389700 -0.04888800 0.72053200 -0.01517300 -0.69325500 0.12730200 0.98566200 0.11073800 0.68163500 -0.16804300 0.71213300
0.08511400 0.03390400 -0.04888000 0.72044100 -0.01534300 -0.69334600 0.12743500 0.98566000 0.11060200 0.68170700 -0.16803800 0.71206500
0.08513700 0.03390500 -0.04887900 0.72039900 -0.01542400 -0.69338700 0.12749700 0.98565900 0.11053800 0.68173900 -0.16803600 0.71203500
0.08517700 0.03390700 -0.04887800 0.72031700 -0.01558000 -0.69346900 0.12761800 0.98565800 0.11041400 0.68180300 -0.16803200 0.71197500
0.08521100 0.03390600 -0.04887900 0.72025500 -0.01570000 -0.69353100 0.12771000 0.98565700 0.11031800 0.68185200 -0.16802800 0.71192900
0.08522800 0.03390800 -0.04887700 0.72021400 -0.01577700 -0.69357100 0.12777000 0.98565500 0.11025700 0.68188400 -0.16802600 0.71189900
0.08524000 0.03391300 -0.04887200 0.72017400 -0.01585000 -0.69361100 0.12782700 0.98565500 0.11019800 0.68191500 -0.16802400 0.71186900
0.08524000 0.03391800 -0.04886700 0.72015500 -0.01588400 -0.69363000 0.12785400 0.98565400 0.11017100 0.68193100 -0.16802400 0.71185400
0.08524000 0.03391700 -0.04886800 0.72009700 -0.01598200 -0.69368800 0.12793100 0.98565300 0.11009200 0.68197700 -0.16802100 0.71181100
0.08524000 0.03391400 -0.04887000 0.72010700 -0.01596500 -0.69367800 0.12791700 0.98565300 0.11010600 0.68196900 -0.16802100 0.71181800
0.08525700 0.03391300 -0.04887200 0.72007600 -0.01602500 -0.69370900 0.12796400 0.98565300 0.11005800 0.68199300 -0.16801900 0.71179600
0.08527400 0.03391300 -0.04887300 0.72004500 -0.01608500 -0.69374000 0.12801000 0.98565200 0.11001000 0.68201700 -0.16801800 0.71177300
0.08528600 0.03391300 -0.04887300 0.72002400 -0.01612500 -0.69376000 0.12804000 0.98565100 0.10997800 0.68203300 -0.16801600 0.71175800
0.08530800 0.03391600 -0.04887800 0.71997400 -0.01621700 -0.69381000 0.12809400 0.98565500 0.10988600 0.68207600 -0.16798800 0.71172400
0.08531400 0.03391600 -0.04887800 0.71996400 -0.01623700 -0.69382000 0.12810900 0.98565500 0.10987000 0.68208400 -0.16798700 0.71171600
0.08531400 0.03391600 -0.04887800 0.71996400 -0.01623700 -0.69382000 0.12810900 0.98565500 0.10987000 0.68208400 -0.16798700 0.71171600
0.08530800 0.03391600 -0.04887800 0.71997400 -0.01621700 -0.69381000 0.12809400 0.98565500 0.10988600 0.68207600 -0.16798800 0.71172400
0.08530800 0.03391600 -0.04887800 0.71997400 -0.01621700 -0.69381000 0.12809400 0.98565500 0.10988600 0.68207600 -0.16798800 0.71172400
0.08531400 0.03391600 -0.04887800 0.71996400 -0.01623700 -0.69382000 0.12810900 0.98565500 0.10987000 0.68208400 -0.16798700 0.71171600
0.08531400 0.03391600 -0.04887800 0.71996400 -0.01623700 -0.69382000 0.12810900 0.98565500 0.10987000 0.68208400 -0.16798700 0.71171600
0.08530800 0.03391600 -0.04887800 0.71997400 -0.01621700 -0.69381000 0.12809400 0.98565500 0.10988600 0.68207600 -0.16798800 0.71172400
0.08531400 0.03391300 -0.04888100 0.71997400 -0.01622000 -0.69381000 0.12809600 0.98565500 0.10988400 0.68207600 -0.16798700 0.71172400
0.08531400 0.03391000 -0.04888500 0.71998400 -0.01620300 -0.69380100 0.12808200 0.98565500 0.10989700 0.68206800 -0.16798800 0.71173100
0.08531400 0.03391000 -0.04888500 0.71998400 -0.01620300 -0.69380100 0.12808200 0.98565500 0.10989700 0.68206800 -0.16798800 0.71173100
0.08531400 0.03390600 -0.04888100 0.71999200 -0.01619100 -0.69379200 0.12809000 0.98565100 0.10992600 0.68205800 -0.16801400 0.71173500
0.08531400 0.03390600 -0.04888100 0.71999200 -0.01619100 -0.69379200 0.12809000 0.98565100 0.10992600 0.68205800 -0.16801400 0.71173500
0.08531400 0.03390600 -0.04888100 0.71999200 -0.01619100 -0.69379200 0.12809000 0.98565100 0.10992600 0.68205800 -0.16801400 0.71173500
0.08531400 0.03390900 -0.04887800 0.71998200 -0.01620700 -0.69380200 0.12810400 0.98565100 0.10991200 0.68206600 -0.16801300 0.71172700
0.08531400 0.03390900 -0.04887800 0.71998200 -0.01620700 -0.69380200 0.12810400 0.98565100 0.10991200 0.68206600 -0.16801300 0.71172700
0.08531400 0.03390900 -0.04887800 0.71998200 -0.01620700 -0.69380200 0.12810400 0.98565100 0.10991200 0.68206600 -0.16801300 0.71172700
0.08531400 0.03390900 -0.04887800 0.71998200 -0.01620700 -0.69380200 0.12810400 0.98565100 0.10991200 0.68206600 -0.16801300 0.71172700
0.08531400 0.03390900 -0.04887800 0.71991500 -0.01632300 -0.69386900 0.12819400 0.98564900 0.10981900 0.68211900 -0.16801100 0.71167600
0.08531900 0.03390600 -0.04888200 0.71991400 -0.01632600 -0.69387000 0.12819600 0.98564900 0.10981700 0.68212000 -0.16801000 0.71167600
0.08531900 0.03390500 -0.04888300 0.71992400 -0.01630900 -0.69386000 0.12818300 0.98564900 0.10983000 0.68211200 -0.16801000 0.71168400
0.08531900 0.03390300 -0.04888500 0.71992400 -0.01630900 -0.69386000 0.12818200 0.98564900 0.10983000 0.68211200 -0.16801000 0.71168400
0.08531900 0.03390000 -0.04888800 0.71993400 -0.01629200 -0.69385000 0.12816900 0.98565000 0.10984400 0.68210400 -0.16801000 0.71169100
0.08531900 0.03390000 -0.04888800 0.71993400 -0.01629200 -0.69385000 0.12816900 0.98565000 0.10984400 0.68210400 -0.16801000 0.71169100
0.08531900 0.03390000 -0.04888800 0.71993400 -0.01629200 -0.69385000 0.12816900 0.98565000 0.10984400 0.68210400 -0.16801000 0.71169100
0.08531900 0.03390000 -0.04888800 0.71993400 -0.01629200 -0.69385000 0.12816900 0.98565000 0.10984400 0.68210400 -0.16801000 0.71169100
0.08531900 0.03390300 -0.04888500 0.71992400 -0.01630800 -0.69386000 0.12818200 0.98565000 0.10983000 0.68211200 -0.16801000 0.71168400
0.08531400 0.03390300 -0.04888400 0.71993400 -0.01628900 -0.69385000 0.12816700 0.98565000 0.10984600 0.68210400 -0.16801100 0.71169100
0.08531300 0.03390700 -0.04888800 0.71992600 -0.01630100 -0.69385800 0.12815800 0.98565400 0.10981800 0.68211400 -0.16798400 0.71168800
0.08531400 0.03391000 -0.04888400 0.71991600 -0.01631800 -0.69386800 0.12817200 0.98565400 0.10980400 0.68212200 -0.16798400 0.71168000
0.08531400 0.03391000 -0.04888400 0.71991600 -0.01631700 -0.69386800 0.12817200 0.98565400 0.10980400 0.68212200 -0.16798400 0.71168000
0.08531400 0.03391000 -0.04888400 0.71991600 -0.01631800 -0.69386700 0.12817200 0.98565400 0.10980400 0.68212200 -0.16798400 0.71168000
0.08531900 0.03390600 -0.04888100 0.71991400 -0.01632500 -0.69387000 0.12819500 0.98564900 0.10981700 0.68212000 -0.16801000 0.71167600
0.08531900 0.03390300 -0.04888500 0.71992400 -0.01630800 -0.69386000 0.12818200 0.98565000 0.10983000 0.68211200 -0.16801000 0.71168400
0.08531900 0.03390500 -0.04888300 0.71991400 -0.01632500 -0.69387000 0.12819500 0.98564900 0.10981700 0.68212000 -0.16801000 0.71167600
0.08532500 0.03390600 -0.04888200 0.71990400 -0.01634500 -0.69388000 0.12821100 0.98564900 0.10980100 0.68212800 -0.16800900 0.71166900
0.08532500 0.03390900 -0.04887800 0.71989400 -0.01636200 -0.69389000 0.12822400 0.98564900 0.10978800 0.68213600 -0.16800900 0.71166100
0.08532500 0.03390600 -0.04887400 0.71989300 -0.01636600 -0.69389100 0.12824500 0.98564400 0.10980300 0.68213300 -0.16803500 0.71165700
0.08532600 0.03391300 -0.04885800 0.71986200 -0.01642200 -0.69392200 0.12830700 0.98563900 0.10977800 0.68215400 -0.16806000 0.71163100
0.08532300 0.03392700 -0.04882600 0.71982000 -0.01649500 -0.69396300 0.12840100 0.98562900 0.10975700 0.68218000 -0.16811100 0.71159500
0.08532500 0.03394200 -0.04878600 0.71975700 -0.01660900 -0.69402600 0.12854300 0.98561500 0.10972200 0.68222000 -0.16818600 0.71153900
0.08532600 0.03394900 -0.04877000 0.71972700 -0.01666400 -0.69405600 0.12860400 0.98561000 0.10969700 0.68224100 -0.16821000 0.71151300
0.08533200 0.03395300 -0.04876600 0.71970700 -0.01670000 -0.69407600 0.12863300 0.98560900 0.10966800 0.68225700 -0.16821000 0.71149800
0.08533100 0.03394000 -0.04878100 0.71974600 -0.01663200 -0.69403800 0.12857800 0.98561000 0.10972200 0.68222600 -0.16821000 0.71152800
0.08533000 0.03393700 -0.04878400 0.71975500 -0.01661500 -0.69402800 0.12856500 0.98561100 0.10973500 0.68221800 -0.16821000 0.71153500
0.08533000 0.03393500 -0.04878600 0.71975500 -0.01661500 -0.69402800 0.12856400 0.98561000 0.10973500 0.68221800 -0.16820900 0.71153500
0.08533000 0.03393700 -0.04878400 0.71975500 -0.01661500 -0.69402800 0.12856400 0.98561100 0.10973500 0.68221800 -0.16821000 0.71153500
0.08533600 0.03394100 -0.04878700 0.71973700 -0.01664700 -0.69404600 0.12857200 0.98561500 0.10969000 0.68223700 -0.16818300 0.71152400
0.08533600 0.03394200 -0.04878600 0.71972700 -0.01666400 -0.69405600 0.12858500 0.98561400 0.10967700 0.68224400 -0.16818200 0.71151700
0.08534200 0.03394400 -0.04878400 0.71971700 -0.01668400 -0.69406600 0.12860000 0.98561400 0.10966100 0.68225300 -0.16818200 0.71150900
0.08534200 0.03394400 -0.04878400 0.71971700 -0.01668400 -0.69406600 0.12860000 0.98561400 0.10966100 0.68225300 -0.16818200 0.71150900
0.08534200 0.03394700 -0.04878100 0.71970700 -0.01670100 -0.69407600 0.12861400 0.98561400 0.10964800 0.68226000 -0.16818200 0.71150200
0.08534200 0.03394600 -0.04877400 0.71970600 -0.01670600 -0.69407700 0.12863500 0.98560900 0.10966300 0.68225800 -0.16820800 0.71149800
0.08534200 0.03394600 -0.04877400 0.71970600 -0.01670500 -0.69407800 0.12863500 0.98560900 0.10966300 0.68225800 -0.16820800 0.71149800
0.08534300 0.03394800 -0.04877100 0.71969600 -0.01672200 -0.69408700 0.12864900 0.98560900 0.10964900 0.68226600 -0.16820800 0.71149100
0.08534300 0.03394900 -0.04877100 0.71969600 -0.01672200 -0.69408700 0.12864900 0.98560900 0.10964900 0.68226600 -0.16820800 0.71149100
0.08534800 0.03394800 -0.04877100 0.71968500 -0.01674200 -0.69409800 0.12866400 0.98560900 0.10963400 0.68227400 -0.16820700 0.71148300
0.08534800 0.03394800 -0.04877100 0.71968500 -0.01674200 -0.69409800 0.12866400 0.98560900 0.10963300 0.68227400 -0.16820700 0.71148300
0.08534800 0.03395100 -0.04876800 0.71967600 -0.01675900 -0.69410700 0.12867700 0.98560900 0.10962000 0.68228100 -0.16820700 0.71147600
0.08534900 0.03395100 -0.04876800 0.71967600 -0.01675900 -0.69410700 0.12867700 0.98560900 0.10962000 0.68228100 -0.16820700 0.71147600
0.08534800 0.03395100 -0.04876800 0.71967600 -0.01675900 -0.69410700 0.12867700 0.98560900 0.10962000 0.68228100 -0.16820700 0.71147600
0.08534800 0.03395100 -0.04876800 0.71967600 -0.01675900 -0.69410700 0.12867700 0.98560900 0.10962000 0.68228100 -0.16820700 0.71147600
0.08534900 0.03395400 -0.04876500 0.71966600 -0.01677600 -0.69411700 0.12869100 0.98560800 0.10960600 0.68228900 -0.16820600 0.71146800
0.08534900 0.03395700 -0.04876100 0.71965600 -0.01679300 -0.69412700 0.12870400 0.98560800 0.10959300 0.68229700 -0.16820600 0.71146100
0.08534900 0.03396000 -0.04875800 0.71964700 -0.01681000 -0.69413600 0.12871700 0.98560800 0.10958000 0.68230500 -0.16820600 0.71145400
0.08534900 0.03396000 -0.04875800 0.71964700 -0.01681000 -0.69413600 0.12871700 0.98560800 0.10958000 0.68230500 -0.16820600 0.71145400
0.08535500 0.03396000 -0.04875800 0.71963600 -0.01683000 -0.69414600 0.12873300 0.98560800 0.10956400 0.68231300 -0.16820500 0.71144600
0.08536600 0.03395900 -0.04875900 0.71961500 -0.01686900 -0.69416700 0.12876300 0.98560700 0.10953200 0.68232900 -0.16820400 0.71143100
0.08537200 0.03395900 -0.04875900 0.71960500 -0.01688900 -0.69417700 0.12877900 0.98560700 0.10951600 0.68233700 -0.16820400 0.71142300
0.08538400 0.03396200 -0.04875700 0.71957400 -0.01694600 -0.69420700 0.12882300 0.98560600 0.10947100 0.68236000 -0.16820200 0.71140100
0.08539000 0.03396500 -0.04875300 0.71955400 -0.01698300 -0.69422700 0.12885200 0.98560600 0.10944100 0.68237600 -0.16820100 0.71138600
0.08539000 0.03396800 -0.04875000 0.71960900 -0.01279300 -0.69426100 0.12301000 0.98636500 0.10932600 0.68339600 -0.16407300 0.71137100
0.08539000 0.03397100 -0.04874700 0.71960000 -0.01280900 -0.69427000 0.12302400 0.98636400 0.10931400 0.68340300 -0.16407400 0.71136400
0.08539100 0.03397700 -0.04873200 0.71957000 -0.01286500 -0.69430000 0.12308600 0.98635900 0.10928900 0.68342400 -0.16410000 0.71133800
0.08539200 0.03399000 -0.04870900 0.71952000 -0.01295500 -0.69435000 0.12317600 0.98635400 0.10923700 0.68346000 -0.16412500 0.71129700
0.08539300 0.03399800 -0.04870000 0.71950100 -0.01299000 -0.69436900 0.12320300 0.98635400 0.10921000 0.68347500 -0.16412500 0.71128300
0.08539400 0.03400300 -0.04867900 0.71946900 -0.01305100 -0.69440100 0.12328700 0.98634400 0.10920000 0.68349400 -0.16417700 0.71125300
0.08539400 0.03400700 -0.04867400 0.71945900 -0.01306800 -0.69441100 0.12330100 0.98634400 0.10918700 0.68350200 -0.16417700 0.71124500
0.08539400 0.03400700 -0.04867500 0.71945900 -0.01306800 -0.69441100 0.12330100 0.98634400 0.10918700 0.68350200 -0.16417700 0.71124500
0.08540000 0.03400700 -0.04867500 0.71944900 -0.01308800 -0.69442100 0.12331600 0.98634400 0.10917100 0.68351000 -0.16417600 0.71123800
0.08540000 0.03400600 -0.04867500 0.71944900 -0.01308800 -0.69442100 0.12331600 0.98634400 0.10917100 0.68351000 -0.16417600 0.71123800
0.08540500 0.03400600 -0.04867500 0.71943800 -0.01310800 -0.69443200 0.12333200 0.98634300 0.10915500 0.68351800 -0.16417600 0.71123000
