0.07071600 0.02657400 -0.05389200 -0.37492300 0.28107300 -0.88341900 0.04096600 -0.94697600 -0.31868100 -0.92614900 -0.15567100 0.34352900
0.07072300 0.02657800 -0.05389000 -0.37536900 0.27993800 -0.88359000 0.04121800 -0.94731500 -0.31763700 -0.92595800 -0.15565100 0.34405500
0.07073100 0.02657100 -0.05389400 -0.37586400 0.27873000 -0.88376200 0.04162800 -0.94765000 -0.31658300 -0.92573900 -0.15578200 0.34458400
0.07073200 0.02657300 -0.05389300 -0.37641500 0.27737900 -0.88395200 0.04208500 -0.94802300 -0.31540500 -0.92549400 -0.15592500 0.34517600
0.07072700 0.02657600 -0.05389100 -0.37664800 0.27680800 -0.88403200 0.04227900 -0.94818000 -0.31490700 -0.92539000 -0.15598500 0.34542700
0.07072900 0.02658000 -0.05388800 -0.37567600 0.27788200 -0.88410800 0.03693400 -0.94874000 -0.31389000 -0.92601400 -0.15057400 0.34615600
0.07072900 0.02657900 -0.05388900 -0.37618600 0.27664900 -0.88427800 0.03735400 -0.94907900 -0.31281300 -0.92579000 -0.15070700 0.34669600
0.07072700 0.02657600 -0.05389100 -0.37642100 0.27608100 -0.88435600 0.03754700 -0.94923500 -0.31231700 -0.92568700 -0.15076800 0.34694600
0.07073300 0.02657400 -0.05388600 -0.37698100 0.27474100 -0.88453400 0.03797800 -0.94960500 -0.31113800 -0.92544100 -0.15088600 0.34754900
0.07072700 0.02656800 -0.05387800 -0.37758000 0.27332300 -0.88471800 0.03841100 -0.94999800 -0.30988300 -0.92517900 -0.15098900 0.34820100
0.07072200 0.02656100 -0.05387000 -0.37812100 0.27204100 -0.88488200 0.03879700 -0.95035200 -0.30874700 -0.92494200 -0.15107500 0.34879300
0.07072100 0.02655800 -0.05386700 -0.37841500 0.27134300 -0.88497100 0.03901000 -0.95054400 -0.30812900 -0.92481300 -0.15112300 0.34911500
0.07071200 0.02656200 -0.05386400 -0.37755400 0.27224700 -0.88506100 0.03371300 -0.95112800 -0.30695000 -0.92537300 -0.14572800 0.34992400
0.07070500 0.02657100 -0.05385800 -0.37806900 0.27100800 -0.88522100 0.03413800 -0.95146100 -0.30586700 -0.92514600 -0.14585900 0.35046700
0.07070700 0.02657600 -0.05385400 -0.37828900 0.27048000 -0.88528900 0.03431800 -0.95160300 -0.30540500 -0.92505000 -0.14591300 0.35069800
0.07070800 0.02658000 -0.05385100 -0.37873600 0.26940400 -0.88542600 0.03468600 -0.95189100 -0.30446400 -0.92485400 -0.14602300 0.35117100
0.07071200 0.02657500 -0.05384900 -0.37913700 0.26845500 -0.88554200 0.03498600 -0.95214800 -0.30362500 -0.92467800 -0.14609700 0.35160200
0.07071400 0.02657100 -0.05383200 -0.37954800 0.26751700 -0.88565000 0.03523400 -0.95240800 -0.30278100 -0.92450000 -0.14612500 0.35205900
0.07071500 0.02656400 -0.05381300 -0.37980900 0.26695600 -0.88570700 0.03532900 -0.95257000 -0.30225900 -0.92438900 -0.14609200 0.35236300
0.07071500 0.02651500 -0.05370500 -0.38035500 0.26604900 -0.88574600 0.03509100 -0.95288700 -0.30128500 -0.92417400 -0.14567700 0.35309900
0.07072900 0.02643800 -0.05349700 -0.38097100 0.26531100 -0.88570300 0.03434300 -0.95322300 -0.30030900 -0.92394800 -0.14482700 0.35403800
0.07074200 0.02640400 -0.05336000 -0.38131700 0.26493700 -0.88566600 0.03385300 -0.95340800 -0.29977600 -0.92382300 -0.14429200 0.35458200
0.07078000 0.02637300 -0.05308100 -0.38427300 0.26567100 -0.88416700 0.03223900 -0.95325400 -0.30044200 -0.92265500 -0.14395700 0.35774500
0.07083500 0.02639900 -0.05281900 -0.38464100 0.26535800 -0.88410100 0.03142700 -0.95346700 -0.29985100 -0.92253000 -0.14312000 0.35840300
0.07086900 0.02643700 -0.05270400 -0.38481400 0.26518600 -0.88407700 0.03115300 -0.95355900 -0.29958800 -0.92246700 -0.14282700 0.35868200
0.07093300 0.02653600 -0.05250100 -0.38532400 0.26432300 -0.88411400 0.03095000 -0.95385600 -0.29866200 -0.92226100 -0.14244600 0.35936300
0.07100000 0.02664400 -0.05236100 -0.38568300 0.26362600 -0.88416500 0.03095200 -0.95407200 -0.29797200 -0.92211100 -0.14228900 0.35981000
0.07103100 0.02674300 -0.05225900 -0.38610800 0.26268300 -0.88426000 0.03115700 -0.95433600 -0.29710500 -0.92192600 -0.14226600 0.36029200
0.07102700 0.02678400 -0.05221900 -0.38629800 0.26225600 -0.88430400 0.03125700 -0.95445400 -0.29671400 -0.92184300 -0.14226100 0.36050700
0.07095800 0.02685300 -0.05210300 -0.38692200 0.26094000 -0.88442100 0.03145100 -0.95483200 -0.29547300 -0.92157500 -0.14214100 0.36123900
0.07075400 0.02692400 -0.05190200 -0.38691900 0.26045100 -0.88456600 0.02605700 -0.95581000 -0.29282500 -0.92174400 -0.13634900 0.36303500
0.07060200 0.02698300 -0.05175900 -0.38768600 0.25891300 -0.88468200 0.02617900 -0.95626200 -0.29133400 -0.92141900 -0.13610700 0.36395100
0.07022800 0.02713700 -0.05140400 -0.38798600 0.25806800 -0.88479700 0.02052600 -0.95734100 -0.28822800 -0.92143600 -0.12999000 0.36613800
0.06976800 0.02730800 -0.05096100 -0.38708600 0.25406800 -0.88634800 0.02087000 -0.95862600 -0.28390000 -0.92180700 -0.12839200 0.36576800
0.06923000 0.02746600 -0.05043000 -0.38749600 0.25046400 -0.88719400 0.02054200 -0.95979900 -0.27993300 -0.92164200 -0.12669800 0.36677300
0.06893700 0.02754000 -0.05014500 -0.38511000 0.24783200 -0.88897000 0.02074800 -0.96069800 -0.27681700 -0.92263600 -0.12505000 0.36483300
0.06836100 0.02768600 -0.04958200 -0.37901000 0.24264900 -0.89301200 0.02112400 -0.96248900 -0.27049300 -0.92515000 -0.12138400 0.35966800
0.06784700 0.02788000 -0.04913900 -0.35871700 0.23357400 -0.90375000 0.02394700 -0.96556500 -0.25905500 -0.93313800 -0.11456900 0.34077100
0.06765900 0.02799000 -0.04899300 -0.34226300 0.22829200 -0.91144800 0.02598400 -0.96736300 -0.25205400 -0.93924400 -0.10995200 0.32516100
0.06739500 0.02828700 -0.04884400 -0.30397900 0.21101100 -0.92901500 0.05922000 -0.96909000 -0.23949100 -0.95083500 -0.12781700 0.28208700
0.06731600 0.02866300 -0.04883900 -0.26740000 0.18907700 -0.94485200 0.10176600 -0.96953300 -0.22281600 -0.95819600 -0.15573500 0.24001200
0.06735300 0.02902400 -0.04891000 -0.24138500 0.18009200 -0.95357100 0.10727400 -0.97165400 -0.21066200 -0.96448100 -0.15314400 0.21522300
0.06738500 0.02918400 -0.04898400 -0.23642600 0.17579400 -0.95561400 0.10674400 -0.97284500 -0.20537300 -0.96576800 -0.15056200 0.21124100
0.06743500 0.02940600 -0.04914900 -0.23800900 0.16349500 -0.95740200 0.10670700 -0.97536100 -0.19308900 -0.96538200 -0.14811800 0.21469800
0.06760800 0.02944600 -0.04928400 -0.23929600 0.16539800 -0.95675500 0.09001800 -0.97736000 -0.19147500 -0.96676400 -0.13194400 0.21899000
0.06771400 0.02943800 -0.04933000 -0.23887200 0.17292700 -0.95552900 0.07238300 -0.97810600 -0.19510800 -0.96834900 -0.11577000 0.22112500
0.06790000 0.02939200 -0.04934100 -0.24629500 0.18841900 -0.95070200 0.02910800 -0.97903900 -0.20157600 -0.96875700 -0.07732100 0.23564800
0.06802200 0.02931900 -0.04928500 -0.25593000 0.20550800 -0.94459800 -0.01513200 -0.97787300 -0.20864800 -0.96657600 -0.03910600 0.25337600
0.06802700 0.02926400 -0.04919400 -0.26530700 0.22122800 -0.93843900 -0.05323800 -0.97519600 -0.21484200 -0.96269200 -0.00703800 0.27050400
0.06799500 0.02922300 -0.04913100 -0.26948500 0.22925700 -0.93531600 -0.07232300 -0.97332300 -0.21773500 -0.96028400 0.00896800 0.27887600
0.06789200 0.02911900 -0.04900900 -0.27521200 0.24955400 -0.92842900 -0.11600100 -0.96728600 -0.22561300 -0.95435900 0.04560700 0.29515700
0.06772300 0.02909700 -0.04897100 -0.27644100 0.26949400 -0.92247000 -0.15220500 -0.96003900 -0.23485700 -0.94890100 0.07548100 0.30641200
0.06763300 0.02910500 -0.04898500 -0.27246700 0.27963100 -0.92063400 -0.16932600 -0.95583800 -0.24021100 -0.94714800 0.09043700 0.30778300
0.06746400 0.02906000 -0.04903000 -0.26547400 0.29066100 -0.91926000 -0.19753200 -0.94964300 -0.24322300 -0.94366500 0.11701400 0.30952100
0.06726300 0.02893500 -0.04913100 -0.25508400 0.29732800 -0.92006900 -0.21802800 -0.94472800 -0.24484900 -0.94201600 0.13814400 0.30581100
0.06703700 0.02875200 -0.04927800 -0.24469300 0.30119000 -0.92163400 -0.23350500 -0.94085900 -0.24547700 -0.94106300 0.15514000 0.30055100
0.06689800 0.02865200 -0.04936100 -0.23490600 0.30695400 -0.92227800 -0.24898400 -0.93617400 -0.24816200 -0.93958700 0.17133800 0.29633900
0.06656000 0.02841700 -0.04954200 -0.21947900 0.30920800 -0.92532000 -0.26907700 -0.93084500 -0.24723100 -0.93777700 0.19472000 0.28750200
0.06617800 0.02814100 -0.04974600 -0.20896000 0.30633700 -0.92870400 -0.28816000 -0.92679200 -0.24087000 -0.93450400 0.21728300 0.28193600
0.06601900 0.02800100 -0.04984600 -0.20396300 0.30311900 -0.93086800 -0.29399100 -0.92593400 -0.23709600 -0.93379100 0.22530800 0.27797100
0.06579500 0.02767600 -0.05007200 -0.19127500 0.30114400 -0.93419700 -0.32081700 -0.91867600 -0.23045500 -0.92762500 0.25562600 0.27233200
0.06576800 0.02731400 -0.05036900 -0.18709700 0.30030000 -0.93531400 -0.33115100 -0.91567800 -0.22775300 -0.92484200 0.26711900 0.27076500
0.06581500 0.02711900 -0.05054900 -0.18724200 0.29650800 -0.93649400 -0.33080800 -0.91670300 -0.22410000 -0.92493500 0.26783900 0.26973300
0.06598300 0.02668600 -0.05088300 -0.20238400 0.28093300 -0.93814500 -0.33884400 -0.91888600 -0.20206800 -0.91881700 0.27698900 0.28116000
0.06626800 0.02619800 -0.05126700 -0.22081100 0.26187700 -0.93950100 -0.35880700 -0.91753500 -0.17142300 -0.90691700 0.29924800 0.29656500
0.06653700 0.02576800 -0.05169400 -0.25787000 0.23070800 -0.93823000 -0.38244900 -0.91612900 -0.12015800 -0.88726200 0.32784000 0.32447700
0.06664200 0.02560500 -0.05189000 -0.28682700 0.20466600 -0.93586400 -0.39166100 -0.91658800 -0.08041300 -0.87426000 0.34347700 0.34306200
0.06671400 0.02537000 -0.05228500 -0.32299000 0.17579300 -0.92993100 -0.42299300 -0.90580600 -0.02431600 -0.84661200 0.38550200 0.36692500
0.06674700 0.02531300 -0.05272200 -0.36267400 0.14563700 -0.92046500 -0.43682500 -0.89905000 0.02986600 -0.82319500 0.41291400 0.38968000
0.06675800 0.02538400 -0.05315500 -0.40221700 0.11357500 -0.90847100 -0.42331800 -0.90290900 0.07454000 -0.81180200 0.41455400 0.41124400
0.06671200 0.02546200 -0.05335800 -0.41898400 0.09873000 -0.90260900 -0.41447800 -0.90525500 0.09337800 -0.80787300 0.41323600 0.42020900
0.06649400 0.02569600 -0.05365400 -0.45429200 0.06750300 -0.88829000 -0.39677700 -0.90809400 0.13391300 -0.79761200 0.41328900 0.43932400
0.06605000 0.02601400 -0.05372400 -0.48080300 0.04224700 -0.87580900 -0.38578400 -0.90715800 0.16802900 -0.78739900 0.41866200 0.45246300
0.06575000 0.02620100 -0.05366500 -0.49343000 0.03078700 -0.86924000 -0.37799800 -0.90765400 0.18242600 -0.78335400 0.41858600 0.45950100
0.06513800 0.02656700 -0.05344200 -0.51753800 0.00901100 -0.85561200 -0.36406200 -0.90723800 0.21065700 -0.77434600 0.42051900 0.47281100
0.06451700 0.02691400 -0.05319500 -0.53124000 -0.00059500 -0.84722000 -0.36038800 -0.90485700 0.22661200 -0.76674800 0.42571400 0.48048200
0.06425700 0.02706900 -0.05311000 -0.53536700 -0.00450900 -0.84460600 -0.35748200 -0.90479100 0.23142600 -0.76523700 0.42583000 0.48278400
0.06389000 0.02736000 -0.05302200 -0.54407100 -0.01679700 -0.83887000 -0.35181800 -0.90309300 0.24626300 -0.76171600 0.42911400 0.48543700
0.06361500 0.02766600 -0.05300300 -0.54369800 -0.02885900 -0.83878400 -0.34877200 -0.90125800 0.25708200 -0.76338100 0.43231900 0.47994700
0.06337600 0.02799200 -0.05302500 -0.53059900 -0.04040600 -0.84665800 -0.34921700 -0.89972800 0.26179200 -0.77234100 0.43457400 0.46328500
0.06323400 0.02817300 -0.05302900 -0.51864300 -0.04967800 -0.85354600 -0.35029100 -0.89833100 0.26513300 -0.77993900 0.43649900 0.44851100
0.06293600 0.02849800 -0.05302200 -0.48815600 -0.07436700 -0.86958100 -0.35384500 -0.89393500 0.27508700 -0.79780700 0.44198200 0.41006600
0.06270900 0.02868400 -0.05297000 -0.46177800 -0.10602500 -0.88063500 -0.35801300 -0.88608500 0.29441200 -0.81153300 0.45123200 0.37121600
0.06263800 0.02872100 -0.05294600 -0.45023000 -0.12132800 -0.88463100 -0.36040800 -0.88174300 0.30436000 -0.81694500 0.45586000 0.35325900
0.06257400 0.02875400 -0.05290500 -0.43097100 -0.14631500 -0.89042300 -0.36473700 -0.87431900 0.32020400 -0.82536600 0.46277000 0.32344000
0.06259100 0.02877400 -0.05287100 -0.42094000 -0.15973700 -0.89291200 -0.36701100 -0.87020800 0.32869300 -0.82952500 0.46606900 0.30768100
0.06259700 0.02877800 -0.05275600 -0.41628900 -0.16820100 -0.89353800 -0.35235600 -0.87610100 0.32907700 -0.83818100 0.45183500 0.30544400
0.06261300 0.02877400 -0.05266500 -0.41768800 -0.17143500 -0.89227000 -0.34821300 -0.87685200 0.33147700 -0.83921600 0.44915500 0.30655400
0.06263700 0.02887900 -0.05250100 -0.41582200 -0.17414200 -0.89261700 -0.34206400 -0.87947600 0.33092700 -0.84266400 0.44293900 0.30613800
0.06265600 0.02913300 -0.05234300 -0.41724200 -0.17143200 -0.89247900 -0.34177700 -0.88035200 0.32888600 -0.84207800 0.44225400 0.30872900
0.06265800 0.02928200 -0.05224900 -0.41564600 -0.17382300 -0.89276100 -0.33675400 -0.88239700 0.32858800 -0.84488700 0.43721800 0.30823000
0.06267700 0.02960400 -0.05203100 -0.41473600 -0.17307900 -0.89332900 -0.33719500 -0.88261500 0.32754900 -0.84515800 0.43707300 0.30769100
0.06272600 0.02993900 -0.05179200 -0.41235300 -0.17474600 -0.89410700 -0.33794400 -0.88206900 0.32824900 -0.84602400 0.43751300 0.30466900
0.06276900 0.03026900 -0.05154600 -0.40835100 -0.17875400 -0.89515100 -0.33910700 -0.88075300 0.33057300 -0.84749900 0.43854200 0.29904000
0.06280500 0.03040200 -0.05145200 -0.40488800 -0.18298500 -0.89586900 -0.33457700 -0.88217400 0.33140000 -0.85095400 0.43391700 0.29596000
0.06290300 0.03063500 -0.05127400 -0.39773500 -0.19121000 -0.89735400 -0.33103800 -0.88225600 0.33471900 -0.85569800 0.43018800 0.28760700
0.06302100 0.03083500 -0.05113800 -0.38658900 -0.19940900 -0.90043500 -0.33431200 -0.87963800 0.33833500 -0.85952400 0.43182400 0.27339400
0.06307700 0.03091600 -0.05108100 -0.37604200 -0.19839000 -0.90511400 -0.33818300 -0.88004300 0.33339700 -0.86268300 0.43146600 0.26384100
0.06315900 0.03103000 -0.05096900 -0.34902100 -0.19335300 -0.91695000 -0.34276500 -0.88434000 0.31694400 -0.87217900 0.42491900 0.24237800
0.06321500 0.03108200 -0.05089500 -0.31986700 -0.18381100 -0.92946000 -0.34234400 -0.89230000 0.29427700 -0.88345000 0.41232500 0.22249000
0.06324700 0.03107300 -0.05088200 -0.30866900 -0.17667000 -0.93461700 -0.34095800 -0.89674800 0.28211700 -0.88795800 0.40574600 0.21656100
0.06325600 0.03101500 -0.05085400 -0.29293100 -0.16239100 -0.94224100 -0.34654500 -0.90043100 0.26292200 -0.89112100 0.40354800 0.20748800
0.06322200 0.03096700 -0.05081500 -0.28312400 -0.15354400 -0.94671200 -0.35005500 -0.90245900 0.25105400 -0.89291700 0.40248100 0.20175900
0.06320500 0.03091300 -0.05076100 -0.27907500 -0.14977900 -0.94851500 -0.35171600 -0.90317600 0.24610300 -0.89353900 0.40228900 0.19937400
0.06320900 0.03086800 -0.05072400 -0.27891500 -0.14950800 -0.94860500 -0.35204300 -0.90311800 0.24584800 -0.89346000 0.40252100 0.19926000
0.06324100 0.03073700 -0.05062400 -0.27845800 -0.15132100 -0.94845200 -0.34731000 -0.90481900 0.24632600 -0.89545200 0.39799900 0.19939900
0.06331800 0.03056700 -0.05053800 -0.28051700 -0.14891000 -0.94822700 -0.34764500 -0.90505700 0.24497500 -0.89468000 0.39836600 0.20211600
0.06336900 0.03050100 -0.05050200 -0.27928900 -0.14616500 -0.94901600 -0.34283900 -0.90802000 0.24074600 -0.89691500 0.39259800 0.20348900
0.06353100 0.03041100 -0.05048700 -0.27430600 -0.14182700 -0.95112600 -0.34468600 -0.90884400 0.23493000 -0.89774500 0.39228300 0.20041600
0.06369400 0.03036600 -0.05052000 -0.27024300 -0.13678600 -0.95302500 -0.34034700 -0.91237300 0.22746100 -0.90062800 0.38582900 0.20000800
0.06384400 0.03033200 -0.05054700 -0.26985100 -0.13649100 -0.95317800 -0.34044800 -0.91243900 0.22704000 -0.90070700 0.38577500 0.19975500
0.06390700 0.03031000 -0.05054800 -0.26974900 -0.13637400 -0.95322400 -0.34053300 -0.91244100 0.22690500 -0.90070600 0.38581200 0.19969000
0.06405000 0.03026700 -0.05057400 -0.26899400 -0.13188100 -0.95406900 -0.34086900 -0.91343300 0.22236900 -0.90080500 0.38502900 0.20075400
0.06418000 0.03024800 -0.05059100 -0.26850100 -0.13138200 -0.95427700 -0.34099600 -0.91354400 0.22171800 -0.90090400 0.38493600 0.20048700
0.06423000 0.03023400 -0.05058700 -0.26621700 -0.12928800 -0.95520300 -0.34170800 -0.91394700 0.21893900 -0.90131200 0.38468600 0.19912900
0.06431000 0.03021200 -0.05058200 -0.26384400 -0.12708100 -0.95615600 -0.34246700 -0.91435600 0.21602600 -0.90172100 0.38445000 0.19772700
0.06439600 0.03021900 -0.05058700 -0.26365100 -0.12692800 -0.95623000 -0.34247400 -0.91440600 0.21580300 -0.90177500 0.38438100 0.19761500
0.06449600 0.03020000 -0.05059800 -0.26527500 -0.12430700 -0.95612500 -0.34211000 -0.91499500 0.21387700 -0.90143700 0.38383700 0.20019900
0.06455600 0.03019100 -0.05060300 -0.26279600 -0.12227200 -0.95707200 -0.34280200 -0.91538700 0.21107400 -0.90190000 0.38355500 0.19864500
0.06469200 0.03019100 -0.05061900 -0.26335600 -0.12045300 -0.95714800 -0.34263200 -0.91580700 0.20952400 -0.90180100 0.38312900 0.19991200
0.06484600 0.03020500 -0.05064200 -0.26381800 -0.11890900 -0.95721400 -0.34239700 -0.91620000 0.20818200 -0.90175500 0.38267000 0.20099700
0.06492900 0.03020600 -0.05065800 -0.26517100 -0.11663000 -0.95712100 -0.34202900 -0.91672600 0.20646700 -0.90149800 0.38211300 0.20319800
0.06510400 0.03020000 -0.05068300 -0.26422800 -0.11185600 -0.95795100 -0.34227900 -0.91772200 0.20156800 -0.90168000 0.38114700 0.20420100
0.06526900 0.03023100 -0.05070700 -0.26337200 -0.11161000 -0.95821500 -0.34231000 -0.91783700 0.20099300 -0.90191900 0.38094300 0.20352700
0.06540900 0.03026700 -0.05069800 -0.26203000 -0.11273900 -0.95845100 -0.33695900 -0.91995900 0.20033200 -0.90432200 0.37545200 0.20306800
0.06548300 0.03028200 -0.05069200 -0.26102800 -0.11393800 -0.95858300 -0.33206100 -0.92181300 0.19998900 -0.90642100 0.37051100 0.20278400
0.06562100 0.03032400 -0.05067200 -0.26258900 -0.11144400 -0.95845000 -0.33117900 -0.92255800 0.19800400 -0.90629200 0.36941300 0.20534600
0.06576000 0.03037000 -0.05065700 -0.25770200 -0.11177500 -0.95973600 -0.32106500 -0.92693800 0.19416600 -0.91132000 0.35817500 0.20298700
0.06583600 0.03039100 -0.05065200 -0.25505000 -0.11155500 -0.96047000 -0.31602700 -0.92915200 0.19183700 -0.91382400 0.35246300 0.20172600
0.06600800 0.03045100 -0.05064500 -0.25178500 -0.11303700 -0.96115800 -0.30534000 -0.93315000 0.18972900 -0.91835200 0.34125100 0.20043900
0.06618200 0.03051600 -0.05060900 -0.24495800 -0.11078600 -0.96318300 -0.29560700 -0.93761300 0.18302300 -0.92336900 0.32955700 0.19692600
0.06637800 0.03058600 -0.05057600 -0.23811800 -0.10349800 -0.96570500 -0.29156400 -0.94082700 0.17272400 -0.92643900 0.32269300 0.19385200
0.06648000 0.03065800 -0.05056800 -0.23672800 -0.10457400 -0.96593100 -0.28075700 -0.94441300 0.17105200 -0.93012600 0.31168500 0.19420900
0.06666600 0.03086700 -0.05054300 -0.23731500 -0.09742800 -0.96653400 -0.27970800 -0.94596800 0.16403200 -0.93029300 0.30927400 0.19724100
0.06684700 0.03117000 -0.05048700 -0.23798600 -0.08971900 -0.96711500 -0.27899700 -0.94744500 0.15654900 -0.93033400 0.30707900 0.20044700
0.06694600 0.03134700 -0.05045000 -0.23710600 -0.08888700 -0.96740800 -0.27887000 -0.94766800 0.15542300 -0.93059700 0.30663300 0.19990900
0.06714800 0.03169700 -0.05035100 -0.23562700 -0.08843200 -0.96781100 -0.26717000 -0.95158600 0.15199600 -0.93439800 0.29438400 0.20059300
0.06733300 0.03201300 -0.05020300 -0.23441200 -0.08727400 -0.96821100 -0.26724300 -0.95180400 0.15049700 -0.93468200 0.29402600 0.19979100
0.06749800 0.03227600 -0.05002000 -0.23243000 -0.08937300 -0.96849700 -0.25617300 -0.95498300 0.14960500 -0.93827000 0.28287500 0.19907200
0.06756700 0.03238500 -0.04992300 -0.23142000 -0.09035300 -0.96864800 -0.25071800 -0.95650500 0.14912000 -0.93999100 0.27736800 0.19870200
0.06768700 0.03259800 -0.04973200 -0.22743800 -0.08987500 -0.96963500 -0.24073700 -0.95963500 0.14541500 -0.94356600 0.26650000 0.19662100
0.06777800 0.03282100 -0.04957800 -0.22121800 -0.08712400 -0.97132400 -0.22994900 -0.96325700 0.13877100 -0.94772600 0.25405400 0.19305600
0.06781600 0.03291500 -0.04951100 -0.21598000 -0.08511500 -0.97268000 -0.21944900 -0.96647400 0.13329900 -0.95141600 0.24224300 0.19006100
0.06788000 0.03306200 -0.04938400 -0.20634000 -0.08092300 -0.97512700 -0.19983100 -0.97208400 0.12295500 -0.95785700 0.22023100 0.18440900
0.06792800 0.03321000 -0.04926300 -0.19409300 -0.07577700 -0.97805100 -0.17109200 -0.97911500 0.10981300 -0.96594700 0.18865100 0.17707500
0.06795200 0.03332900 -0.04914300 -0.17756700 -0.06634000 -0.98186900 -0.13280800 -0.98698200 0.09070300 -0.97510500 0.14650600 0.16644500
0.06795100 0.03337700 -0.04907700 -0.17300100 -0.06517000 -0.98276200 -0.11598000 -0.98951700 0.08603500 -0.97806800 0.12886500 0.16362900
0.06797600 0.03336500 -0.04891700 -0.15716700 -0.06013200 -0.98573900 -0.07231900 -0.99476300 0.07221300 -0.98492000 0.08263700 0.15199600
0.06800200 0.03325800 -0.04880200 -0.14475200 -0.05225900 -0.98808600 -0.02699400 -0.99802300 0.05673900 -0.98909900 0.03488500 0.14305600
0.06801200 0.03317300 -0.04875600 -0.14037200 -0.05069700 -0.98879900 -0.00460100 -0.99864300 0.05185500 -0.99008700 0.01182800 0.13994800
0.06801500 0.03290400 -0.04862600 -0.13415700 -0.04629300 -0.98987800 0.02350200 -0.99877500 0.04352400 -0.99068100 -0.01742600 0.13508100
0.06805900 0.03256000 -0.04847300 -0.12729600 -0.04073700 -0.99102700 0.05671000 -0.99782000 0.03373200 -0.99024200 -0.05190800 0.12932900
0.06808200 0.03238700 -0.04838800 -0.12374400 -0.03701800 -0.99162200 0.07324800 -0.99691800 0.02807500 -0.98960600 -0.06916100 0.12607400
0.06815400 0.03201800 -0.04821000 -0.11574100 -0.02536700 -0.99295500 0.10611200 -0.99426800 0.01303200 -0.98759400 -0.10385600 0.11776900
0.06827000 0.03166400 -0.04802000 -0.11094200 -0.01675400 -0.99368500 0.12738900 -0.99184900 0.00250100 -0.98562800 -0.12630800 0.11217200
0.06836100 0.03145700 -0.04784900 -0.10505600 -0.00654800 -0.99444400 0.16078500 -0.98693300 -0.01048700 -0.98138100 -0.16099300 0.10473600
0.06841600 0.03135100 -0.04778000 -0.10076500 0.00448500 -0.99489900 0.17720800 -0.98391800 -0.02238400 -0.97900000 -0.17856000 0.09835000
0.06850500 0.03113200 -0.04763500 -0.09720500 0.01528100 -0.99514600 0.19320600 -0.98057100 -0.03393000 -0.97633100 -0.19556600 0.09236400
0.06856600 0.03099100 -0.04748000 -0.09675200 0.01612900 -0.99517700 0.20365600 -0.97839200 -0.03565600 -0.97424900 -0.20612400 0.09137700
0.06856300 0.03098900 -0.04740400 -0.09700900 0.01556800 -0.99516100 0.20333600 -0.97847800 -0.03512800 -0.97429000 -0.20576000 0.09175600
0.06855100 0.03110400 -0.04729300 -0.09715700 0.01398100 -0.99517000 0.20901200 -0.97731700 -0.03413500 -0.97307400 -0.21131900 0.09203000
0.06854300 0.03123000 -0.04721200 -0.09324800 0.01563500 -0.99551900 0.21417700 -0.97615200 -0.03539200 -0.97233300 -0.21651800 0.08767500
0.06853300 0.03133800 -0.04714800 -0.09017700 0.01457700 -0.99581800 0.21940600 -0.97503500 -0.03414100 -0.97145600 -0.22156800 0.08472700
0.06852700 0.03139300 -0.04711800 -0.08741500 0.01718600 -0.99602300 0.21900100 -0.97505800 -0.03604500 -0.97180000 -0.22128100 0.08147000
0.06854900 0.03147500 -0.04706500 -0.08645300 0.01740600 -0.99610300 0.21865200 -0.97513700 -0.03601700 -0.97196500 -0.22091400 0.08049800
0.06859500 0.03149600 -0.04704500 -0.08337600 0.01981000 -0.99632000 0.21808300 -0.97520400 -0.03764000 -0.97236100 -0.22041900 0.07698800
0.06863000 0.03147800 -0.04705600 -0.08337000 0.01997900 -0.99631800 0.21807600 -0.97519900 -0.03780400 -0.97236400 -0.22042400 0.07694500
0.06868400 0.03143100 -0.04708700 -0.08045700 0.01952400 -0.99656600 0.21749100 -0.97537200 -0.03666800 -0.97274000 -0.21969400 0.07422900
0.06871000 0.03143000 -0.04708700 -0.08058500 0.01926600 -0.99656100 0.21750800 -0.97537700 -0.03644500 -0.97272500 -0.21969800 0.07441000
0.06868400 0.03144700 -0.04708200 -0.08365300 0.01935000 -0.99630600 0.21814200 -0.97520500 -0.03725600 -0.97232400 -0.22045300 0.07735800
0.06866200 0.03144200 -0.04708000 -0.08354100 0.01933500 -0.99631600 0.21812200 -0.97521000 -0.03721500 -0.97233800 -0.22042800 0.07725300
0.06864800 0.03144900 -0.04708100 -0.08065900 0.01848700 -0.99657000 0.21757200 -0.97539000 -0.03570300 -0.97270500 -0.21970600 0.07465200
0.06864800 0.03145100 -0.04708600 -0.08074800 0.01850300 -0.99656200 0.21759900 -0.97538300 -0.03574100 -0.97269200 -0.21973700 0.07473500
0.06865600 0.03144200 -0.04708500 -0.08081700 0.01824600 -0.99656100 0.21758600 -0.97539400 -0.03550400 -0.97268900 -0.21970800 0.07485800
0.06866900 0.03144700 -0.04708200 -0.08096300 0.01761000 -0.99656100 0.21761500 -0.97540900 -0.03491500 -0.97267000 -0.21969300 0.07513900
0.06866100 0.03144100 -0.04708600 -0.08101200 0.01739800 -0.99656000 0.21762500 -0.97541400 -0.03472000 -0.97266400 -0.21969000 0.07523300
0.06865400 0.03143500 -0.04709000 -0.08099400 0.01747700 -0.99656000 0.21762300 -0.97541200 -0.03479300 -0.97266600 -0.21969300 0.07519900
0.06864800 0.03142200 -0.04709900 -0.08104600 0.01724700 -0.99656000 0.21763300 -0.97541700 -0.03458100 -0.97265900 -0.21968700 0.07530000
0.06864700 0.03140600 -0.04710900 -0.08034200 0.02023900 -0.99656100 0.21758100 -0.97532600 -0.03734900 -0.97272900 -0.21983400 0.07395600
0.06863700 0.03139300 -0.04711800 -0.08037400 0.02010200 -0.99656100 0.21758600 -0.97533000 -0.03722200 -0.97272500 -0.21982900 0.07401700
0.06863100 0.03139000 -0.04711900 -0.08038500 0.02005600 -0.99656100 0.21758800 -0.97533100 -0.03718000 -0.97272400 -0.21982800 0.07403800
0.06863200 0.03139400 -0.04711700 -0.08038000 0.02007700 -0.99656100 0.21758800 -0.97533100 -0.03719900 -0.97272400 -0.21983000 0.07402900
0.06863500 0.03138800 -0.04712100 -0.08038400 0.02005900 -0.99656100 0.21758800 -0.97533100 -0.03718300 -0.97272400 -0.21983000 0.07403600
0.06862400 0.03137400 -0.04713000 -0.07973100 0.02283200 -0.99655400 0.21754500 -0.97524000 -0.03974900 -0.97278700 -0.21996500 0.07278900
0.06861500 0.03136500 -0.04713600 -0.07906700 0.02564500 -0.99653800 0.21750200 -0.97514000 -0.04235200 -0.97285100 -0.22009900 0.07152400
0.06858600 0.03134500 -0.04714900 -0.07909800 0.02552000 -0.99653900 0.21750700 -0.97514400 -0.04223600 -0.97284800 -0.22009500 0.07158100
0.06856200 0.03133500 -0.04715500 -0.07917400 0.02519400 -0.99654100 0.21752000 -0.97515400 -0.04193500 -0.97283800 -0.22008800 0.07172700
0.06855700 0.03133700 -0.04715400 -0.07918000 0.02517000 -0.99654200 0.21752100 -0.97515400 -0.04191200 -0.97283800 -0.22008800 0.07173800
0.06856900 0.03133900 -0.04715300 -0.07919700 0.02509300 -0.99654200 0.21752400 -0.97515700 -0.04184200 -0.97283500 -0.22008600 0.07177100
0.06858500 0.03133100 -0.04716400 -0.07623800 0.02466600 -0.99678400 0.21694700 -0.97533200 -0.04072800 -0.97320100 -0.21935500 0.06900600
0.06859200 0.03132500 -0.04717300 -0.07562600 0.02760400 -0.99675300 0.21692500 -0.97521900 -0.04346600 -0.97325400 -0.21950800 0.06776400
0.06858000 0.03131200 -0.04719400 -0.07493700 0.03051400 -0.99672000 0.21693600 -0.97509300 -0.04616200 -0.97330400 -0.21968500 0.06645100
0.06856400 0.03127800 -0.04722800 -0.07497800 0.03026400 -0.99672500 0.21699600 -0.97509000 -0.04593000 -0.97328800 -0.21973000 0.06654300
0.06855000 0.03124700 -0.04726000 -0.07500800 0.03006000 -0.99672900 0.21705500 -0.97508700 -0.04574200 -0.97327300 -0.21977700 0.06661400
0.06854500 0.03123700 -0.04727300 -0.07426000 0.03257000 -0.99670600 0.22231100 -0.97377400 -0.04838400 -0.97214300 -0.22517200 0.06507200
0.06854300 0.03123900 -0.04728900 -0.07424400 0.03252000 -0.99670900 0.22290400 -0.97363900 -0.04837100 -0.97200800 -0.22576200 0.06503800
0.06854900 0.03124700 -0.04729600 -0.07424800 0.03242800 -0.99671100 0.22295400 -0.97363200 -0.04828500 -0.97199600 -0.22580600 0.06506100
0.06856200 0.03124200 -0.04730500 -0.07422900 0.03247200 -0.99671100 0.22297500 -0.97362500 -0.04832600 -0.97199300 -0.22583000 0.06503000
0.06859200 0.03121400 -0.04732900 -0.07353600 0.03543800 -0.99666200 0.22295500 -0.97349000 -0.05106400 -0.97205100 -0.22596600 0.06368600
0.06860900 0.03117900 -0.04735100 -0.07353500 0.03543100 -0.99666200 0.22295300 -0.97349100 -0.05105700 -0.97205100 -0.22596400 0.06368700
0.06861100 0.03117500 -0.04736600 -0.07285400 0.03832400 -0.99660600 0.22296300 -0.97334500 -0.05372800 -0.97210000 -0.22612100 0.06236700
0.06860500 0.03119000 -0.04736200 -0.07284400 0.03833100 -0.99660600 0.22298700 -0.97333900 -0.05373400 -0.97209500 -0.22614500 0.06235500
0.06859100 0.03121600 -0.04733400 -0.07595400 0.03884900 -0.99635400 0.22344600 -0.97316400 -0.05497800 -0.97175200 -0.22680700 0.06523500
0.06855800 0.03125400 -0.04731600 -0.07875200 0.03935700 -0.99611600 0.22415400 -0.97293400 -0.05616300 -0.97136600 -0.22770600 0.06779800
0.06853800 0.03126600 -0.04730200 -0.08242200 0.03736100 -0.99589600 0.21894700 -0.97420300 -0.05466800 -0.97224900 -0.22255500 0.07211500
0.06850500 0.03130100 -0.04727900 -0.09220200 0.01910600 -0.99555700 0.22022900 -0.97466400 -0.03910100 -0.97108000 -0.22285600 0.08565800
0.06851500 0.03132800 -0.04726700 -0.10188900 -0.00403600 -0.99478700 0.22140300 -0.97500200 -0.01872200 -0.96984400 -0.22215600 0.10023500
0.06856800 0.03136600 -0.04726100 -0.11501800 -0.02712900 -0.99299200 0.21707500 -0.97615300 0.00152500 -0.96935400 -0.21537900 0.11816400
0.06859500 0.03140100 -0.04725600 -0.12204200 -0.03993700 -0.99172000 0.21785400 -0.97590100 0.01249100 -0.96832000 -0.21452600 0.12780000
0.06870400 0.03145800 -0.04723000 -0.13288200 -0.06580000 -0.98894400 0.20696700 -0.97763800 0.03723800 -0.96928100 -0.19973100 0.14352900
0.06882500 0.03149900 -0.04719700 -0.13371000 -0.06632900 -0.98879800 0.20034400 -0.97896500 0.03857700 -0.97055800 -0.19294200 0.14418600
0.06887500 0.03152000 -0.04718300 -0.13364700 -0.06590800 -0.98883400 0.20000500 -0.97904800 0.03822400 -0.97063600 -0.19266400 0.14402900
0.06895200 0.03153100 -0.04717600 -0.13274700 -0.05914700 -0.98938200 0.19365700 -0.98052500 0.03263400 -0.97204600 -0.18726900 0.14161600
0.06904600 0.03151900 -0.04718300 -0.13500700 -0.06459200 -0.98873600 0.18810000 -0.98139700 0.03842800 -0.97282600 -0.18079400 0.14464500
0.06923900 0.03151600 -0.04720700 -0.13789200 -0.07215600 -0.98781400 0.18271700 -0.98207700 0.04623100 -0.97344700 -0.17411600 0.14860500
0.06939500 0.03152300 -0.04721900 -0.14041100 -0.08136500 -0.98674300 0.18310600 -0.98155900 0.05488100 -0.97301300 -0.17297300 0.15272000
0.06985200 0.03157000 -0.04723400 -0.14592200 -0.09775400 -0.98445400 0.17810900 -0.98144100 0.07105400 -0.97313000 -0.16497200 0.16062400
0.07049800 0.03171400 -0.04723400 -0.15386300 -0.11792000 -0.98102900 0.16776100 -0.98155500 0.09167200 -0.97374500 -0.15047400 0.17080800
0.07087500 0.03184100 -0.04722900 -0.15852200 -0.12980600 -0.97878500 0.16293000 -0.98116800 0.10373400 -0.97381900 -0.14302900 0.17668600
0.07171500 0.03219700 -0.04719000 -0.17009700 -0.15964600 -0.97240900 0.15437600 -0.97892200 0.13371100 -0.97326000 -0.12737200 0.19115700
0.07267400 0.03264700 -0.04711200 -0.17852200 -0.19263100 -0.96489500 0.15246400 -0.97421900 0.16628400 -0.97205100 -0.11742600 0.20328900
0.07375800 0.03313900 -0.04698900 -0.19058700 -0.21453900 -0.95794000 0.13939000 -0.97185300 0.18992200 -0.97172300 -0.09733000 0.21512700
0.07437300 0.03337300 -0.04692300 -0.19528900 -0.22352100 -0.95493400 0.13555000 -0.97048800 0.19944200 -0.97133300 -0.09049200 0.21982400
0.07575000 0.03382100 -0.04681900 -0.20498200 -0.23545100 -0.95002300 0.12166700 -0.96923500 0.21396100 -0.97117300 -0.07172900 0.22732200
0.07735200 0.03425400 -0.04678400 -0.21043500 -0.24070300 -0.94751100 0.11295400 -0.96870900 0.22100200 -0.97105900 -0.06051900 0.23103800
0.07825700 0.03448200 -0.04679400 -0.21189600 -0.24080700 -0.94715900 0.10924600 -0.96892900 0.22190100 -0.97116600 -0.05645300 0.23161900
0.08005500 0.03491300 -0.04684600 -0.21407600 -0.24039600 -0.94677300 0.10314800 -0.96938800 0.22281500 -0.97135500 -0.04995800 0.23231900
0.08195600 0.03532500 -0.04695000 -0.22213800 -0.24535900 -0.94363800 0.08838400 -0.96890100 0.23112100 -0.97100000 -0.03206200 0.23691600
0.08380300 0.03568400 -0.04706700 -0.23364600 -0.26670900 -0.93502700 0.09326300 -0.96335700 0.25148500 -0.96783800 -0.02844500 0.24995800
0.08468400 0.03582300 -0.04711000 -0.23540600 -0.27152800 -0.93319600 0.09453200 -0.96202400 0.25607000 -0.96728800 -0.02793700 0.25213500
0.08632700 0.03602000 -0.04716900 -0.23796100 -0.27893200 -0.93036000 0.09666900 -0.95992100 0.26306900 -0.96645100 -0.02733700 0.25538800
0.08781000 0.03611200 -0.04715100 -0.24238300 -0.28184700 -0.92833800 0.09803200 -0.95908900 0.26558800 -0.96521400 -0.02663300 0.26009700
0.08847500 0.03615500 -0.04712900 -0.24276700 -0.28199900 -0.92819100 0.09801900 -0.95904900 0.26573700 -0.96511900 -0.02646800 0.26046700
0.08962200 0.03626600 -0.04708600 -0.25266400 -0.27580900 -0.92741000 0.09914300 -0.96084500 0.25874200 -0.96246100 -0.02657200 0.27011600
0.09051800 0.03638700 -0.04703300 -0.26669400 -0.26931900 -0.92538600 0.10084000 -0.96269000 0.25111400 -0.95849100 -0.02634500 0.28390200
0.09086300 0.03645500 -0.04699200 -0.27454300 -0.27005700 -0.92287300 0.10217900 -0.96251100 0.25125900 -0.95613000 -0.02531700 0.29184400
0.09137200 0.03658400 -0.04690400 -0.28628200 -0.26890600 -0.91963600 0.10411300 -0.96285600 0.24913400 -0.95247100 -0.02442400 0.30364600
0.09166700 0.03668800 -0.04683700 -0.29545800 -0.26879100 -0.91676300 0.10582400 -0.96290700 0.24821500 -0.94947600 -0.02367800 0.31294300
0.09176000 0.03675400 -0.04680200 -0.29858200 -0.26971600 -0.91547800 0.10656500 -0.96265800 0.24886000 -0.94841500 -0.02325300 0.31617500
0.09174900 0.03676800 -0.04679500 -0.29850200 -0.26991200 -0.91544600 0.10658700 -0.96260400 0.24906100 -0.94843800 -0.02322900 0.31610900
0.09164100 0.03677500 -0.04678800 -0.29833600 -0.26955300 -0.91560700 0.10650700 -0.96270300 0.24871400 -0.94849900 -0.02331900 0.31591800
0.09148100 0.03678800 -0.04678200 -0.29838100 -0.26970500 -0.91554700 0.10659200 -0.96265900 0.24884500 -0.94847500 -0.02333900 0.31598800
0.09139900 0.03680100 -0.04676800 -0.29843200 -0.26982900 -0.91549400 0.10660800 -0.96262600 0.24896800 -0.94845700 -0.02329900 0.31604400
0.09126600 0.03682600 -0.04675100 -0.29837400 -0.26967700 -0.91555700 0.10657700 -0.96266800 0.24882000 -0.94847900 -0.02333600 0.31597700
0.09117900 0.03683800 -0.04674200 -0.29829200 -0.26945700 -0.91564900 0.10652400 -0.96272800 0.24860900 -0.94851100 -0.02338100 0.31587800
0.09114700 0.03684700 -0.04673600 -0.29829200 -0.26946000 -0.91564800 0.10653000 -0.96272700 0.24861100 -0.94851100 -0.02338500 0.31587900
0.09115200 0.03684600 -0.04673600 -0.29823500 -0.26930900 -0.91571100 0.10649000 -0.96276900 0.24846600 -0.94853300 -0.02341300 0.31581000
0.09118400 0.03684100 -0.04674000 -0.29812900 -0.26902900 -0.91582800 0.10641600 -0.96284600 0.24819900 -0.94857400 -0.02346400 0.31568100
0.09119900 0.03684200 -0.04674000 -0.29809700 -0.26894500 -0.91586300 0.10639500 -0.96286900 0.24811900 -0.94858700 -0.02348000 0.31564300
0.09119000 0.03684400 -0.04673300 -0.29811700 -0.26898200 -0.91584600 0.10638100 -0.96285900 0.24816200 -0.94858200 -0.02344800 0.31565900
0.09114600 0.03685500 -0.04672100 -0.29819400 -0.26917300 -0.91576500 0.10641000 -0.96280700 0.24835100 -0.94855500 -0.02339000 0.31574600
0.09108200 0.03685600 -0.04669600 -0.29834100 -0.26950600 -0.91561900 0.10640400 -0.96271800 0.24870000 -0.94850900 -0.02322800 0.31589500
0.09102800 0.03686500 -0.04668400 -0.29839400 -0.26962900 -0.91556500 0.10641300 -0.96268400 0.24882400 -0.94849100 -0.02318100 0.31595100
0.09101400 0.03686800 -0.04668200 -0.29841800 -0.26969300 -0.91553800 0.10643100 -0.96266600 0.24888500 -0.94848200 -0.02317000 0.31598000
0.09099100 0.03687200 -0.04667900 -0.29845800 -0.26980100 -0.91549300 0.10646000 -0.96263700 0.24898800 -0.94846500 -0.02315100 0.31603000
0.09097800 0.03687800 -0.04667600 -0.29847600 -0.26984700 -0.91547400 0.10647300 -0.96262400 0.24903100 -0.94845800 -0.02314400 0.31605100
0.09096100 0.03688500 -0.04667100 -0.29850100 -0.26991500 -0.91544600 0.10649100 -0.96260500 0.24909600 -0.94844800 -0.02313200 0.31608300
0.09091600 0.03689700 -0.04666300 -0.29857500 -0.27011200 -0.91536400 0.10654600 -0.96255100 0.24928300 -0.94841900 -0.02309800 0.31617300
0.09086600 0.03690600 -0.04665700 -0.29866400 -0.27035000 -0.91526400 0.10661100 -0.96248500 0.24950900 -0.94838400 -0.02305800 0.31628200
0.09082900 0.03691300 -0.04665300 -0.29872900 -0.27052200 -0.91519200 0.10665800 -0.96243800 0.24967300 -0.94835800 -0.02302800 0.31636200
0.09081400 0.03691100 -0.04665300 -0.29871200 -0.27047600 -0.91521200 0.10664500 -0.96245000 0.24962900 -0.94836500 -0.02303600 0.31634100
0.09081400 0.03691100 -0.04665900 -0.29870900 -0.27048200 -0.91521100 0.10667200 -0.96244800 0.24962700 -0.94836300 -0.02306100 0.31634500
0.09081900 0.03690800 -0.04665500 -0.29870400 -0.27045400 -0.91522100 0.10663900 -0.96245600 0.24960800 -0.94836800 -0.02304000 0.31633100
0.09081900 0.03691100 -0.04665300 -0.29870400 -0.27045400 -0.91522100 0.10664000 -0.96245600 0.24960800 -0.94836800 -0.02304000 0.31633100
0.09081000 0.03691200 -0.04665200 -0.29872000 -0.27049700 -0.91520300 0.10665100 -0.96244400 0.24964900 -0.94836200 -0.02303300 0.31635100
0.09079300 0.03691900 -0.04664800 -0.29874600 -0.27056500 -0.91517400 0.10667000 -0.96242600 0.24971300 -0.94835200 -0.02302100 0.31638200
0.09077900 0.03692200 -0.04664600 -0.29877000 -0.27063000 -0.91514700 0.10668800 -0.96240800 0.24977500 -0.94834200 -0.02301000 0.31641200
0.09074700 0.03692400 -0.04663900 -0.29883700 -0.27079300 -0.91507700 0.10670800 -0.96236300 0.24993800 -0.94831900 -0.02295500 0.31648600
0.09071000 0.03692700 -0.04663100 -0.29891200 -0.27097800 -0.91499800 0.10673400 -0.96231200 0.25012200 -0.94829200 -0.02289700 0.31657000
0.09067300 0.03693000 -0.04662800 -0.29898400 -0.27117000 -0.91491800 0.10678700 -0.96225900 0.25030500 -0.94826400 -0.02286400 0.31665700
0.09065900 0.03693200 -0.04662700 -0.29900800 -0.27123400 -0.91489000 0.10680400 -0.96224100 0.25036600 -0.94825400 -0.02285300 0.31668700
0.09062300 0.03694300 -0.04662000 -0.29906600 -0.27138800 -0.91482600 0.10684700 -0.96219800 0.25051200 -0.94823100 -0.02282700 0.31675800
0.09056800 0.03694500 -0.04660600 -0.29918400 -0.27167200 -0.91470300 0.10687500 -0.96212100 0.25079800 -0.94819000 -0.02272500 0.31688600
0.09052100 0.03694500 -0.04659400 -0.29928600 -0.27191200 -0.91459800 0.10689300 -0.96205500 0.25104200 -0.94815600 -0.02263000 0.31699500
0.09040500 0.03693900 -0.04655500 -0.29956200 -0.27253700 -0.91432200 0.10689300 -0.96188500 0.25169300 -0.94806900 -0.02233700 0.31727600
0.09026000 0.03691800 -0.04649600 -0.29984900 -0.27311100 -0.91405700 0.10675700 -0.96173200 0.25233500 -0.94799400 -0.02192000 0.31753100
0.09009000 0.03688400 -0.04642200 -0.30021200 -0.27382300 -0.91372400 0.10656200 -0.96154200 0.25314100 -0.94790100 -0.02137200 0.31784500
0.08999000 0.03684600 -0.04636200 -0.29950800 -0.27192400 -0.91452200 0.10601500 -0.96207400 0.25134300 -0.94818500 -0.02167400 0.31697600
0.08975000 0.03669200 -0.04617400 -0.30105700 -0.26739100 -0.91535000 0.10489400 -0.96334300 0.24691100 -0.94781900 -0.02168000 0.31806900
0.08942200 0.03643400 -0.04587800 -0.29888700 -0.25398600 -0.91986700 0.10198500 -0.96691100 0.23383800 -0.94882200 -0.02392100 0.31490000
0.08920300 0.03625700 -0.04567400 -0.29950500 -0.24076000 -0.92321700 0.09428500 -0.97036900 0.22247000 -0.94942300 -0.02041500 0.31333100
0.08864900 0.03581100 -0.04519700 -0.29904400 -0.20838300 -0.93120800 0.08982600 -0.97767800 0.18993500 -0.95000100 -0.02684800 0.31108700
0.08808600 0.03529300 -0.04470900 -0.30662900 -0.16704900 -0.93705500 0.08545200 -0.98533400 0.14769300 -0.94798500 -0.03478600 0.31640700
0.08756700 0.03482500 -0.04427100 -0.32185600 -0.12589000 -0.93838100 0.08084900 -0.99115400 0.10523900 -0.94332900 -0.04199500 0.32918800
0.08733500 0.03463200 -0.04408100 -0.33333700 -0.10963500 -0.93641000 0.07834600 -0.99300100 0.08837100 -0.93954600 -0.04390700 0.33959300
