0.08459900 0.03878800 -0.02565300 -0.81512900 0.09310900 -0.57174700 -0.31169500 -0.90243500 0.29741500 -0.48827300 0.42064200 0.76462300
0.08445100 0.03879600 -0.02566400 -0.81542000 0.09275300 -0.57138900 -0.31122900 -0.90252100 0.29764300 -0.48808300 0.42053700 0.76480200
0.08419500 0.03878100 -0.02570600 -0.81371000 0.09120000 -0.57407100 -0.31108800 -0.90259800 0.29755600 -0.49101900 0.42071100 0.76282400
0.08398500 0.03872400 -0.02577300 -0.81215900 0.08947800 -0.57653300 -0.31075400 -0.90267800 0.29766200 -0.49379000 0.42090900 0.76092400
0.08384000 0.03863500 -0.02582500 -0.81002800 0.09093800 -0.57929500 -0.31150300 -0.90371400 0.29370900 -0.49680900 0.41836500 0.76036100
0.08380300 0.03859300 -0.02583500 -0.81017900 0.09077200 -0.57911000 -0.31132500 -0.90371600 0.29389200 -0.49667500 0.41839600 0.76043200
0.08377500 0.03855000 -0.02584200 -0.81028300 0.09065100 -0.57898300 -0.31121100 -0.90370500 0.29404600 -0.49657500 0.41844600 0.76046900
0.08382300 0.03857500 -0.02583900 -0.81009000 0.09090700 -0.57921400 -0.31148400 -0.90368800 0.29380900 -0.49672100 0.41842800 0.76038500
0.08385700 0.03859300 -0.02583200 -0.80995200 0.09109100 -0.57937800 -0.31168800 -0.90366800 0.29365300 -0.49681700 0.41843000 0.76032000
0.08391500 0.03861300 -0.02581100 -0.80973800 0.09138600 -0.57963000 -0.31205000 -0.90360400 0.29346600 -0.49693800 0.41850500 0.76020000
0.08393100 0.03862100 -0.02579300 -0.80967700 0.09148300 -0.57970000 -0.31219000 -0.90356100 0.29344900 -0.49695000 0.41857600 0.76015300
0.08393200 0.03862300 -0.02578600 -0.80967600 0.09148900 -0.57970100 -0.31220800 -0.90355000 0.29346500 -0.49694100 0.41859900 0.76014600
0.08392300 0.03862000 -0.02578200 -0.81006900 0.08696900 -0.57984700 -0.30691500 -0.90552600 0.29295600 -0.49958900 0.41527900 0.76023200
0.08391900 0.03862400 -0.02578500 -0.81040500 0.08248400 -0.58003200 -0.30163000 -0.90748700 0.29237900 -0.50225600 0.41190100 0.76031200
0.08392500 0.03864600 -0.02579200 -0.80998800 0.07167300 -0.58204800 -0.29102000 -0.91079800 0.29283400 -0.50914100 0.40658000 0.75859400
0.08392700 0.03866300 -0.02579600 -0.81167400 0.06593200 -0.58037500 -0.28470000 -0.91224800 0.29452900 -0.51002800 0.40429500 0.75922000
0.08392800 0.03870800 -0.02579800 -0.81471300 0.04487800 -0.57812400 -0.26155000 -0.91825900 0.29730400 -0.51752600 0.39342600 0.75985600
0.08392700 0.03878100 -0.02584100 -0.81599300 0.02054400 -0.57769500 -0.23746700 -0.92306200 0.30259600 -0.52703200 0.38410000 0.75809100
0.08393300 0.03882200 -0.02588700 -0.81381100 0.00747300 -0.58108100 -0.22626600 -0.92508500 0.30499100 -0.53527100 0.37968400 0.75453600
0.08392500 0.03893500 -0.02601800 -0.80928500 -0.01387400 -0.58725100 -0.20899500 -0.92750500 0.30992600 -0.54897800 0.37355100 0.74771700
0.08389000 0.03910300 -0.02617200 -0.80588600 -0.03277300 -0.59116100 -0.19544300 -0.92777200 0.31786700 -0.55888100 0.37170400 0.74127300
0.08383700 0.03932400 -0.02639200 -0.80071100 -0.07217200 -0.59468600 -0.15887400 -0.93158300 0.32697300 -0.57759800 0.35629100 0.73446300
0.08381300 0.03945400 -0.02653000 -0.79773800 -0.09501200 -0.59547100 -0.13930900 -0.93175500 0.33529800 -0.58669100 0.35043500 0.73006000
0.08380300 0.03977000 -0.02684300 -0.78796400 -0.12957300 -0.60193300 -0.11279300 -0.93068700 0.34799300 -0.60530100 0.34210000 0.71873300
0.08380600 0.04006700 -0.02713800 -0.77854000 -0.15951000 -0.60698400 -0.09160600 -0.92792000 0.36134700 -0.62087200 0.33692700 0.70781100
0.08380500 0.04019300 -0.02726800 -0.77570300 -0.16580400 -0.60892600 -0.08964000 -0.92614100 0.36636900 -0.62469800 0.33877800 0.70354800
0.08380100 0.04041400 -0.02749500 -0.76751400 -0.18746400 -0.61300700 -0.07101300 -0.92553200 0.37194900 -0.63708500 0.32900800 0.69704700
0.08380300 0.04054400 -0.02763900 -0.76165400 -0.19906600 -0.61664700 -0.06040100 -0.92568700 0.37343400 -0.64516200 0.32167400 0.69303000
0.08379600 0.04060700 -0.02769100 -0.75837000 -0.20983400 -0.61712400 -0.04932300 -0.92557900 0.37532600 -0.64995400 0.31507400 0.69158200
0.08379200 0.04061500 -0.02769800 -0.75831700 -0.20958800 -0.61727200 -0.04944200 -0.92568600 0.37504500 -0.65000600 0.31492200 0.69160200
0.08376000 0.04060200 -0.02769700 -0.75522300 -0.21476200 -0.61928400 -0.04488600 -0.92563700 0.37573900 -0.65392700 0.31156400 0.68942300
0.08371600 0.04061800 -0.02770400 -0.75046000 -0.22394200 -0.62181800 -0.03506700 -0.92602700 0.37582200 -0.65998300 0.30384500 0.68709400
0.08370300 0.04062700 -0.02771500 -0.74725000 -0.22944700 -0.62367500 -0.03020300 -0.92580600 0.37678800 -0.66385600 0.30039200 0.68487900
0.08368100 0.04063400 -0.02776900 -0.73877300 -0.24284300 -0.62868200 -0.02044700 -0.92432100 0.38106700 -0.67364400 0.29437700 0.67789700
0.08367900 0.04068100 -0.02789500 -0.73180700 -0.25189600 -0.63325000 -0.01575300 -0.92268400 0.38523300 -0.68132900 0.29189200 0.67125900
0.08365800 0.04079000 -0.02806800 -0.72446700 -0.26125000 -0.63788200 -0.01084300 -0.92096100 0.38950200 -0.68922200 0.28909900 0.66437400
0.08365600 0.04085700 -0.02818100 -0.72109200 -0.26659100 -0.63949500 -0.00539900 -0.92081700 0.38995500 -0.69281700 0.28464600 0.66255500
0.08365100 0.04099700 -0.02845600 -0.71306200 -0.27775600 -0.64373300 0.00466100 -0.92003300 0.39181000 -0.70108400 0.27638500 0.65733600
0.08363600 0.04114500 -0.02876900 -0.70707800 -0.28495300 -0.64717900 0.01061000 -0.91938600 0.39321300 -0.70705500 0.27116600 0.65310100
0.08362800 0.04121400 -0.02893800 -0.70607000 -0.28563000 -0.64798000 0.01106400 -0.91938200 0.39320800 -0.70805400 0.27046400 0.65230900
0.08360600 0.04135200 -0.02930200 -0.69838400 -0.29411500 -0.65250000 0.01631400 -0.91796900 0.39631400 -0.71553700 0.26613400 0.64589400
0.08356100 0.04149200 -0.02968400 -0.68991900 -0.30854900 -0.65483500 0.02846100 -0.91547200 0.40137100 -0.72332600 0.25827600 0.64038300
0.08352200 0.04164000 -0.03005800 -0.68201400 -0.31760000 -0.65877600 0.03423400 -0.91365800 0.40503800 -0.73053700 0.25368900 0.63400000
0.08350900 0.04171200 -0.03024600 -0.68005800 -0.31903200 -0.66010500 0.03452700 -0.91329500 0.40582900 -0.73234400 0.25319600 0.63210900
0.08350200 0.04184800 -0.03063700 -0.67354900 -0.32883500 -0.66196500 0.04106700 -0.91085100 0.41068500 -0.73800000 0.24943200 0.62700700
0.08349300 0.04200300 -0.03112400 -0.66987300 -0.33463200 -0.66279000 0.04317400 -0.90872100 0.41516300 -0.74121800 0.24949100 0.62317600
0.08347600 0.04207600 -0.03136300 -0.66747100 -0.33848000 -0.66325800 0.04412800 -0.90713100 0.41852700 -0.74332600 0.25008600 0.62042100
0.08343500 0.04223100 -0.03190100 -0.65943300 -0.35172600 -0.66440600 0.05544400 -0.90414500 0.42361100 -0.74971500 0.24250600 0.61572400
0.08339900 0.04241900 -0.03248700 -0.65015800 -0.36151300 -0.66828200 0.06346900 -0.90231900 0.42637000 -0.75714300 0.23479300 0.60959500
0.08338300 0.04252500 -0.03279600 -0.64657300 -0.36437500 -0.67020400 0.06398600 -0.90135900 0.42831800 -0.76016300 0.23405500 0.60611000
0.08336000 0.04278500 -0.03343400 -0.63606600 -0.37716000 -0.67317800 0.07098400 -0.89730700 0.43566100 -0.76836200 0.22932500 0.59751800
0.08333000 0.04305700 -0.03406100 -0.62780300 -0.38680400 -0.67545800 0.07290400 -0.89319000 0.44372900 -0.77494900 0.22933100 0.58894700
0.08330500 0.04334600 -0.03474400 -0.61911200 -0.39445500 -0.67904600 0.07445100 -0.89028200 0.44928100 -0.78176400 0.22760000 0.58055200
0.08328900 0.04348700 -0.03510400 -0.61397300 -0.39869100 -0.68123400 0.07494500 -0.88860400 0.45250800 -0.78576000 0.22677300 0.57546000
0.08325300 0.04373800 -0.03581300 -0.60528300 -0.40543400 -0.68502100 0.07605200 -0.88608700 0.45723700 -0.79236800 0.22466000 0.56716800
0.08320300 0.04395700 -0.03649300 -0.59978700 -0.41222900 -0.68580000 0.07861600 -0.88329200 0.46218400 -0.79628800 0.22329700 0.56219500
0.08316900 0.04405200 -0.03679000 -0.59607700 -0.41491000 -0.68741500 0.07888700 -0.88225800 0.46410800 -0.79904200 0.22241600 0.55862500
0.08307700 0.04420500 -0.03730900 -0.59183500 -0.41793200 -0.68924800 0.08016600 -0.88136300 0.46558700 -0.80206200 0.22029700 0.55512500
0.08293400 0.04427300 -0.03768200 -0.58874600 -0.42051500 -0.69032200 0.08110300 -0.88044400 0.46716000 -0.80423800 0.21905200 0.55246300
0.08273700 0.04422900 -0.03791100 -0.58811900 -0.42138400 -0.69032600 0.08211000 -0.88024500 0.46736000 -0.80459500 0.21818100 0.55228800
0.08261400 0.04416200 -0.03798400 -0.58813900 -0.42138900 -0.69030600 0.08230900 -0.88029200 0.46723600 -0.80456000 0.21798200 0.55241800
0.08236800 0.04399500 -0.03808300 -0.58804600 -0.42108000 -0.69057300 0.08220100 -0.88048800 0.46688500 -0.80463900 0.21778400 0.55238200
0.08205400 0.04382800 -0.03813900 -0.58642400 -0.41816700 -0.69371600 0.08074000 -0.88234700 0.46362000 -0.80596900 0.21586700 0.55119300
0.08189000 0.04376400 -0.03816800 -0.58571200 -0.41697800 -0.69503100 0.08024200 -0.88313300 0.46220700 -0.80653600 0.21495000 0.55072200
0.08157000 0.04362900 -0.03827100 -0.58153700 -0.41505200 -0.69967500 0.07818600 -0.88459300 0.45976100 -0.80975300 0.21266300 0.54687500
0.08128900 0.04346600 -0.03843300 -0.57798200 -0.41397000 -0.70325300 0.07698200 -0.88559400 0.45803600 -0.81241000 0.21059900 0.54372500
0.08101100 0.04327800 -0.03862800 -0.57759000 -0.41344400 -0.70388400 0.07750000 -0.88613500 0.45689900 -0.81263900 0.20934900 0.54386500
0.08088600 0.04319400 -0.03872200 -0.57767900 -0.41374300 -0.70363500 0.07793600 -0.88603800 0.45701300 -0.81253400 0.20916800 0.54409200
0.08062900 0.04304100 -0.03887600 -0.57688000 -0.41250200 -0.70501700 0.07774600 -0.88692600 0.45532000 -0.81311900 0.20785200 0.54372100
0.08040700 0.04296400 -0.03894700 -0.57611500 -0.41126900 -0.70636300 0.07738100 -0.88775300 0.45376800 -0.81369700 0.20676300 0.54327300
0.08030200 0.04295300 -0.03894300 -0.57628300 -0.41165400 -0.70600100 0.07762800 -0.88754100 0.45414100 -0.81355400 0.20690800 0.54343000
0.08015200 0.04296300 -0.03890600 -0.57618900 -0.41132100 -0.70627200 0.07729600 -0.88768600 0.45391400 -0.81365300 0.20694800 0.54326800
0.08008600 0.04298300 -0.03890500 -0.57582100 -0.41039400 -0.70711000 0.07669700 -0.88818800 0.45303200 -0.81396900 0.20663300 0.54291400
0.08006500 0.04299800 -0.03891300 -0.57558300 -0.40981500 -0.70764000 0.07635800 -0.88851200 0.45245400 -0.81417000 0.20639100 0.54270500
0.08006900 0.04300500 -0.03892000 -0.57344700 -0.41099200 -0.70869100 0.07545800 -0.88787700 0.45385000 -0.81575900 0.20678200 0.54016300
0.08006000 0.04301000 -0.03893300 -0.57345800 -0.41091900 -0.70872500 0.07560400 -0.88795900 0.45366500 -0.81573800 0.20657600 0.54027400
0.08003400 0.04302500 -0.03894100 -0.57336400 -0.41066700 -0.70894700 0.07550100 -0.88810900 0.45338700 -0.81581400 0.20643000 0.54021600
0.08001500 0.04302600 -0.03894500 -0.57322900 -0.41033100 -0.70924900 0.07529000 -0.88829200 0.45306400 -0.81592800 0.20631000 0.54008900
0.07993600 0.04299800 -0.03896700 -0.57202500 -0.40798300 -0.71157200 0.07404600 -0.88966500 0.45056900 -0.81688600 0.20504800 0.53912000
0.07975600 0.04290500 -0.03904800 -0.56924200 -0.40307400 -0.71658400 0.07184400 -0.89263000 0.44502700 -0.81902400 0.20184600 0.53708100
0.07943300 0.04273500 -0.03921900 -0.56454800 -0.39485100 -0.72482900 0.06834400 -0.89750100 0.43568300 -0.82256500 0.19642600 0.53366800
0.07920900 0.04262200 -0.03934600 -0.56135000 -0.38906700 -0.73041900 0.06581900 -0.90079100 0.42923300 -0.82495700 0.19287400 0.53126700
0.07862000 0.04231900 -0.03963400 -0.55692100 -0.38472800 -0.73608500 0.06292500 -0.90324400 0.42448800 -0.82817800 0.19008800 0.52724500
0.07787700 0.04194200 -0.03995100 -0.55376700 -0.38013800 -0.74083400 0.06041900 -0.90570700 0.41957500 -0.83047600 0.18758600 0.52451800
0.07747100 0.04174200 -0.04012300 -0.54435300 -0.37988200 -0.74790900 0.06136400 -0.90722700 0.41614000 -0.83660800 0.18063200 0.51716300
0.07662400 0.04137400 -0.04049600 -0.51794700 -0.38084200 -0.76595600 0.07241200 -0.91172900 0.40435700 -0.85234100 0.15397100 0.49980500
0.07581600 0.04095500 -0.04091200 -0.48887000 -0.38712700 -0.78175200 0.08287700 -0.91269600 0.40014300 -0.86841000 0.13082900 0.47827400
0.07547200 0.04074100 -0.04111500 -0.47454200 -0.38985700 -0.78918900 0.08825400 -0.91312400 0.39801200 -0.87579600 0.11922400 0.46772300
0.07478200 0.04033100 -0.04155300 -0.45337700 -0.39014500 -0.80139500 0.09579900 -0.91523400 0.39136800 -0.88615500 0.10066400 0.45232200
0.07412200 0.04000400 -0.04200700 -0.43966300 -0.39408400 -0.80708900 0.10922900 -0.91539100 0.38746300 -0.89149600 0.08219600 0.44550900
0.07354700 0.03970100 -0.04250400 -0.43164900 -0.38915100 -0.81378000 0.11151300 -0.91825500 0.37996200 -0.89512100 0.07326300 0.43976000
0.07329900 0.03955800 -0.04277900 -0.42537900 -0.38892700 -0.81718200 0.11531500 -0.91888100 0.37730300 -0.89763800 0.06626300 0.43572200
0.07286700 0.03934400 -0.04336000 -0.41404800 -0.39025200 -0.82235300 0.13029400 -0.91953900 0.37077000 -0.90088100 0.04636900 0.43158000
0.07248400 0.03919700 -0.04395900 -0.40468900 -0.39128100 -0.82651400 0.13490900 -0.91948900 0.36924000 -0.90444700 0.03792300 0.42489500
0.07229900 0.03913700 -0.04428300 -0.40080400 -0.39137300 -0.82836000 0.13459400 -0.91950600 0.36931300 -0.90622200 0.03653000 0.42121900
0.07196700 0.03900600 -0.04490700 -0.38731400 -0.39562100 -0.83274900 0.14434700 -0.91813200 0.36904900 -0.91057700 0.02273300 0.41271200
0.07168700 0.03879600 -0.04554000 -0.37541400 -0.39786200 -0.83711900 0.15426300 -0.91740400 0.36683900 -0.91392900 0.00858000 0.40578200
0.07144100 0.03855900 -0.04607500 -0.37183000 -0.39568100 -0.83974900 0.15413900 -0.91836700 0.36447400 -0.91541400 0.00608400 0.40246600
0.07132300 0.03841000 -0.04629900 -0.37135900 -0.39428100 -0.84061500 0.15425600 -0.91897500 0.36288900 -0.91558500 0.00509200 0.40209000
0.07115500 0.03803900 -0.04667500 -0.36960800 -0.38974600 -0.84349600 0.15341600 -0.92091600 0.35829500 -0.91643400 0.00302300 0.40017100
0.07104000 0.03761700 -0.04693000 -0.36982100 -0.38200400 -0.84693800 0.15217700 -0.92416000 0.35038500 -0.91655500 0.00069500 0.39990600
0.07099300 0.03739200 -0.04701600 -0.36929200 -0.38094100 -0.84764700 0.15146600 -0.92459800 0.34953500 -0.91688600 0.00069100 0.39914700
0.07091700 0.03702900 -0.04714300 -0.37146700 -0.37094800 -0.85112200 0.15008800 -0.92865100 0.33923300 -0.91623400 -0.00173000 0.40063800
0.07085000 0.03678300 -0.04728200 -0.37191000 -0.36435000 -0.85377400 0.14885000 -0.93125500 0.33257500 -0.91625600 -0.00339700 0.40057700
0.07073500 0.03663800 -0.04742900 -0.37099500 -0.36236400 -0.85501700 0.14829700 -0.93202700 0.33065500 -0.91671700 -0.00412500 0.39951400
0.07068400 0.03658100 -0.04749700 -0.37078600 -0.36186100 -0.85532000 0.14825500 -0.93222100 0.33012600 -0.91680800 -0.00440000 0.39930200
0.07062400 0.03651400 -0.04761700 -0.37078200 -0.36208200 -0.85522900 0.14867000 -0.93213300 0.33018700 -0.91674200 -0.00472000 0.39944900
0.07059300 0.03652800 -0.04773900 -0.37077000 -0.36241600 -0.85509200 0.14933900 -0.93200100 0.33025800 -0.91663900 -0.00524900 0.39968100
0.07057400 0.03655700 -0.04782000 -0.37070400 -0.36249500 -0.85508700 0.14977200 -0.93196800 0.33015600 -0.91659500 -0.00567800 0.39977500
0.07053500 0.03659900 -0.04800600 -0.36568000 -0.36554700 -0.85595100 0.15544100 -0.93071500 0.33106900 -0.91766800 -0.01198500 0.39716400
0.07045500 0.03663900 -0.04819900 -0.36315600 -0.36691000 -0.85644200 0.15577800 -0.93016900 0.33244100 -0.91861300 -0.01268700 0.39495300
0.07033400 0.03671400 -0.04838700 -0.35835200 -0.37085800 -0.85676500 0.16778400 -0.92835500 0.33166800 -0.91838500 -0.02489700 0.39490200
0.07024900 0.03673600 -0.04847600 -0.35839800 -0.37128600 -0.85656100 0.16835500 -0.92817400 0.33188500 -0.91826300 -0.02526000 0.39516300
0.07006200 0.03674400 -0.04866400 -0.35704000 -0.37300000 -0.85638300 0.16906600 -0.92747400 0.33347700 -0.91866100 -0.02572000 0.39420700
0.06985500 0.03673600 -0.04891900 -0.35347600 -0.37545300 -0.85679000 0.16939000 -0.92646700 0.33610200 -0.91997800 -0.02632800 0.39108300
0.06974700 0.03671900 -0.04906000 -0.35118300 -0.37690700 -0.85709400 0.16942700 -0.92586800 0.33773000 -0.92085000 -0.02661000 0.38900700
0.06952100 0.03663600 -0.04936200 -0.34592200 -0.37923200 -0.85820700 0.16907900 -0.92489800 0.34055000 -0.92290200 -0.02730100 0.38406300
0.06929200 0.03650100 -0.04964400 -0.34079400 -0.38129200 -0.85934500 0.16848400 -0.92403500 0.34317900 -0.92491700 -0.02783200 0.37914700
0.06905300 0.03625000 -0.04992400 -0.33280300 -0.38357800 -0.86145700 0.17250800 -0.92288000 0.34428400 -0.92708200 -0.03403000 0.37330800
0.06895300 0.03604200 -0.05008700 -0.32640900 -0.37908700 -0.86588000 0.16964200 -0.92467400 0.34087800 -0.92988000 -0.03562400 0.36613100
0.06881600 0.03557400 -0.05042600 -0.31416800 -0.37075700 -0.87397700 0.17622700 -0.92736500 0.33005600 -0.93286700 -0.05032600 0.35668600
0.06869500 0.03513500 -0.05083200 -0.30253200 -0.36208800 -0.88168300 0.17727000 -0.93026700 0.32121400 -0.93650900 -0.05911900 0.34562300
0.06865000 0.03495300 -0.05107100 -0.29628600 -0.36073000 -0.88435700 0.18140100 -0.93033200 0.31870800 -0.93771400 -0.06599500 0.34108100
0.06857400 0.03467800 -0.05163000 -0.27863900 -0.36116200 -0.88990000 0.19515200 -0.92855700 0.31574600 -0.94035900 -0.08568700 0.32921400
0.06849300 0.03467000 -0.05217200 -0.26552000 -0.36270700 -0.89327500 0.21142700 -0.92588500 0.31310300 -0.94063600 -0.10572800 0.32252700
0.06846000 0.03476500 -0.05242300 -0.25990600 -0.36384000 -0.89446500 0.21710500 -0.92460100 0.31301400 -0.94091100 -0.11283900 0.31930100
0.06842100 0.03501600 -0.05285600 -0.24906700 -0.36632200 -0.89653300 0.22247600 -0.92259100 0.31516300 -0.94258600 -0.12096100 0.31128500
0.06845500 0.03527100 -0.05319800 -0.24091600 -0.36720800 -0.89839700 0.22215100 -0.92195000 0.31726300 -0.94477900 -0.12314600 0.30368800
0.06851200 0.03553700 -0.05343800 -0.23185600 -0.36863600 -0.90019300 0.22723100 -0.92033300 0.31835700 -0.94583700 -0.13073900 0.29715000
0.06854000 0.03566800 -0.05351900 -0.22802700 -0.36935200 -0.90087800 0.23284200 -0.91909400 0.31788400 -0.94540300 -0.13727700 0.29557900
0.06858600 0.03592100 -0.05362500 -0.22846700 -0.37667700 -0.89772800 0.23513900 -0.91616700 0.32457200 -0.94472800 -0.13693700 0.29788600
0.06860700 0.03606600 -0.05370200 -0.22810900 -0.37581300 -0.89818100 0.23566900 -0.91638200 0.32357700 -0.94468200 -0.13786300 0.29760300
0.06863200 0.03608000 -0.05376300 -0.22340500 -0.37723100 -0.89876900 0.24060800 -0.91488200 0.32418700 -0.94456200 -0.14382600 0.29515400
0.06868800 0.03601200 -0.05390300 -0.21503100 -0.37977300 -0.89974000 0.24459800 -0.91287100 0.32685900 -0.94548000 -0.14979000 0.28918800
0.06867800 0.03598400 -0.05399200 -0.21234200 -0.38076900 -0.89995800 0.24417100 -0.91242100 0.32843100 -0.94619800 -0.15000400 0.28671800
0.06866300 0.03602500 -0.05396500 -0.21321700 -0.38349200 -0.89859400 0.24479700 -0.91137400 0.33086200 -0.94583900 -0.14942800 0.28819800
0.06865900 0.03605200 -0.05391200 -0.21322000 -0.38337400 -0.89864300 0.24462200 -0.91144600 0.33079500 -0.94588400 -0.14929600 0.28812000
0.06869600 0.03604800 -0.05380900 -0.21324100 -0.38304500 -0.89877900 0.24410700 -0.91164900 0.33061400 -0.94601200 -0.14889800 0.28790500
0.06882700 0.03598500 -0.05378600 -0.21323400 -0.38268700 -0.89893300 0.24376600 -0.91183400 0.33035600 -0.94610200 -0.14868700 0.28771900
0.06889900 0.03596100 -0.05380800 -0.21320100 -0.38252900 -0.89900800 0.24376000 -0.91189100 0.33020300 -0.94611100 -0.14874300 0.28766100
0.06895100 0.03591100 -0.05384700 -0.21583600 -0.38146900 -0.89882900 0.24451800 -0.91231200 0.32847600 -0.94531700 -0.14888300 0.29018600
0.06903200 0.03584900 -0.05387000 -0.21574400 -0.38128400 -0.89893000 0.24438000 -0.91239600 0.32834400 -0.94537400 -0.14884300 0.29002200
0.06907500 0.03580300 -0.05385400 -0.21580500 -0.38132000 -0.89890000 0.24419100 -0.91241600 0.32842900 -0.94540900 -0.14862700 0.29001900
0.06907800 0.03581100 -0.05384300 -0.21579900 -0.38127600 -0.89892000 0.24415800 -0.91243700 0.32839600 -0.94541900 -0.14861100 0.28999500
0.06904400 0.03585500 -0.05382000 -0.21854500 -0.38045100 -0.89860700 0.24498300 -0.91276600 0.32686500 -0.94457400 -0.14870900 0.29268400
0.06900300 0.03589500 -0.05384600 -0.21838100 -0.38058900 -0.89858800 0.24517500 -0.91267600 0.32697200 -0.94456200 -0.14890700 0.29262200
0.06900700 0.03592600 -0.05385500 -0.21834700 -0.38057900 -0.89860000 0.24529600 -0.91265900 0.32693000 -0.94453900 -0.14903900 0.29263100
0.06902200 0.03602800 -0.05383000 -0.21903700 -0.38337000 -0.89724500 0.24606400 -0.91155700 0.32941500 -0.94417900 -0.14862600 0.29399800
0.06899500 0.03615000 -0.05373800 -0.21897700 -0.38315100 -0.89735300 0.24597100 -0.91164900 0.32923200 -0.94421700 -0.14862900 0.29387400
0.06897100 0.03628700 -0.05367800 -0.21967100 -0.38594500 -0.89598500 0.24668800 -0.91054600 0.33173600 -0.94386800 -0.14815600 0.29522900
0.06896000 0.03635700 -0.05366800 -0.22019900 -0.38812500 -0.89491300 0.24731100 -0.90966900 0.33367300 -0.94358200 -0.14784800 0.29629600
0.06892700 0.03648500 -0.05371400 -0.21782400 -0.39144000 -0.89405000 0.24753000 -0.90825200 0.33735000 -0.94407600 -0.14782200 0.29473200
0.06884800 0.03662000 -0.05382000 -0.21636800 -0.39733000 -0.89180300 0.24874700 -0.90573000 0.34318400 -0.94409100 -0.14757900 0.29480600
0.06880000 0.03670200 -0.05389000 -0.21282100 -0.40087000 -0.89107200 0.24858100 -0.90417100 0.34739200 -0.94494100 -0.14757200 0.29207500
0.06863700 0.03692100 -0.05403500 -0.20731300 -0.41685300 -0.88501600 0.25026500 -0.89716500 0.36395200 -0.94572100 -0.14603600 0.29031800
0.06837800 0.03718200 -0.05413900 -0.19597400 -0.43065700 -0.88098100 0.24951500 -0.89073200 0.37991900 -0.94833300 -0.14536300 0.28201600
0.06821300 0.03734700 -0.05419000 -0.18087300 -0.44038600 -0.87939900 0.24622000 -0.88594900 0.39302400 -0.95218600 -0.14543800 0.26867600
0.06811400 0.03738700 -0.05416800 -0.17561300 -0.44318400 -0.87906000 0.24475100 -0.88455600 0.39706000 -0.95354900 -0.14542200 0.26380900
0.06788200 0.03740600 -0.05407200 -0.16905600 -0.44678900 -0.87852000 0.24243600 -0.88281500 0.40232000 -0.95532300 -0.14497100 0.25756300
0.06770100 0.03731500 -0.05395900 -0.16949100 -0.44780900 -0.87791700 0.24192000 -0.88245500 0.40341900 -0.95537700 -0.14401000 0.25790200
0.06764500 0.03725700 -0.05389100 -0.16977400 -0.44834900 -0.87758700 0.24154900 -0.88228200 0.40401900 -0.95542100 -0.14338900 0.25808700
0.06757500 0.03712800 -0.05370300 -0.17420100 -0.44752000 -0.87714200 0.24179200 -0.88293100 0.40245400 -0.95456300 -0.14197800 0.26201400
0.06756700 0.03705100 -0.05350100 -0.18154800 -0.44593900 -0.87645700 0.23694600 -0.88484600 0.40112700 -0.95440800 -0.13484900 0.26630600
0.06758200 0.03701100 -0.05339800 -0.18143800 -0.44600200 -0.87644800 0.23628500 -0.88490300 0.40139000 -0.95459300 -0.13426400 0.26593900
0.06761700 0.03696700 -0.05320900 -0.18151700 -0.44572600 -0.87657200 0.23530100 -0.88517300 0.40137400 -0.95482100 -0.13340200 0.26555400
0.06766300 0.03700700 -0.05301300 -0.18153800 -0.44522600 -0.87682200 0.23450300 -0.88551400 0.40108800 -0.95501400 -0.13280400 0.26516100
0.06767400 0.03707900 -0.05278500 -0.18450400 -0.44430500 -0.87667000 0.22856400 -0.88692500 0.40139900 -0.95588500 -0.12631600 0.26519300
0.06765600 0.03713600 -0.05269600 -0.18450400 -0.44416200 -0.87674200 0.22831900 -0.88702300 0.40132200 -0.95594300 -0.12613200 0.26507000
0.06755000 0.03728900 -0.05261500 -0.18449900 -0.44429800 -0.87667400 0.22841700 -0.88694700 0.40143300 -0.95592000 -0.12618400 0.26512700
0.06745000 0.03739700 -0.05253900 -0.18450700 -0.44438700 -0.87662800 0.22840700 -0.88690900 0.40152500 -0.95592200 -0.12614400 0.26514200
0.06731900 0.03752400 -0.05242800 -0.18759200 -0.44442900 -0.87595100 0.22327000 -0.88773300 0.40259100 -0.95653500 -0.12005100 0.26575900
0.06722900 0.03759600 -0.05238700 -0.18767400 -0.44478500 -0.87575300 0.22335600 -0.88756300 0.40291800 -0.95649800 -0.11998700 0.26591800
0.06704800 0.03765100 -0.05237900 -0.18780900 -0.44543600 -0.87539400 0.22359000 -0.88724200 0.40349500 -0.95641700 -0.11995000 0.26622700
0.06686100 0.03763600 -0.05239300 -0.18806500 -0.44639900 -0.87484700 0.22377800 -0.88678800 0.40438700 -0.95632300 -0.11972100 0.26666900
0.06676700 0.03765100 -0.05237100 -0.18818500 -0.44680800 -0.87461300 0.22379700 -0.88660300 0.40478000 -0.95629500 -0.11956300 0.26684000
0.06656400 0.03770700 -0.05233900 -0.18840900 -0.44768200 -0.87411800 0.22396800 -0.88619000 0.40559100 -0.95621100 -0.11935800 0.26723200
0.06637500 0.03770600 -0.05231500 -0.18864900 -0.44849700 -0.87364800 0.22400400 -0.88582100 0.40637600 -0.95615500 -0.11903900 0.26757400
0.06631700 0.03769700 -0.05229100 -0.18872600 -0.44868500 -0.87353400 0.22391200 -0.88574900 0.40658300 -0.95616100 -0.11886200 0.26763000
0.06623100 0.03768100 -0.05224200 -0.18891400 -0.44914900 -0.87325600 0.22374200 -0.88556500 0.40707700 -0.95616400 -0.11848200 0.26778900
0.06618300 0.03768100 -0.05223000 -0.18898900 -0.44938300 -0.87311900 0.22373200 -0.88546200 0.40730800 -0.95615100 -0.11836800 0.26788400
0.06617000 0.03772100 -0.05219300 -0.18900300 -0.44940200 -0.87310600 0.22368500 -0.88545900 0.40733900 -0.95616000 -0.11831300 0.26787900
0.06617800 0.03773900 -0.05215800 -0.18899200 -0.44928800 -0.87316700 0.22356700 -0.88552600 0.40725800 -0.95619000 -0.11824300 0.26780300
0.06619900 0.03773300 -0.05202800 -0.18908500 -0.44913500 -0.87322600 0.22297100 -0.88567700 0.40725700 -0.95631100 -0.11769800 0.26761200
0.06620100 0.03769600 -0.05183600 -0.18929800 -0.44911000 -0.87319200 0.22205100 -0.88581400 0.40746300 -0.95648200 -0.11676100 0.26740800
0.06619200 0.03766700 -0.05171400 -0.18945600 -0.44916300 -0.87313100 0.22146500 -0.88586900 0.40766100 -0.95658700 -0.11613400 0.26730800
0.06620000 0.03760700 -0.05140300 -0.18980200 -0.44911600 -0.87308000 0.21997100 -0.88609100 0.40798800 -0.95686300 -0.11461600 0.26697400
0.06622400 0.03754000 -0.05107800 -0.19015400 -0.44902400 -0.87305100 0.21839600 -0.88634100 0.40829200 -0.95715400 -0.11303200 0.26660600
0.06622000 0.03750400 -0.05078100 -0.19046700 -0.44897700 -0.87300600 0.21702400 -0.88654100 0.40858900 -0.95740300 -0.11164100 0.26629600
0.06620300 0.03750100 -0.05064400 -0.19061000 -0.44898400 -0.87297200 0.21643000 -0.88661500 0.40874400 -0.95751000 -0.11102700 0.26617100
0.06615700 0.03752700 -0.05041800 -0.19157900 -0.45175700 -0.87132700 0.21622800 -0.88538600 0.41150400 -0.95736100 -0.10957000 0.26730300
0.06614800 0.03760200 -0.05029000 -0.19161400 -0.45161200 -0.87139500 0.21585500 -0.88549900 0.41145600 -0.95743900 -0.10925400 0.26715600
0.06615600 0.03764700 -0.05026100 -0.19155300 -0.45141600 -0.87151000 0.21582000 -0.88559200 0.41127400 -0.95745900 -0.10930900 0.26706300
0.06615600 0.03776300 -0.05023100 -0.19149500 -0.45137500 -0.87154300 0.21598500 -0.88558900 0.41119300 -0.95743300 -0.10949900 0.26707600
0.06617600 0.03781100 -0.05022400 -0.19136200 -0.45101700 -0.87175900 0.21602200 -0.88574700 0.41083400 -0.95745200 -0.10970100 0.26692800
0.06625000 0.03778000 -0.05025600 -0.19123900 -0.45062100 -0.87199000 0.21600400 -0.88592900 0.41045200 -0.95748000 -0.10985900 0.26676000
0.06632700 0.03778800 -0.05031500 -0.19106000 -0.45022300 -0.87223500 0.21620900 -0.88608300 0.41001100 -0.95747000 -0.11024900 0.26663800
0.06645300 0.03784200 -0.05045100 -0.19020200 -0.44773600 -0.87370100 0.21635400 -0.88718400 0.40754600 -0.95760800 -0.11151300 0.26561400
0.06659100 0.03779000 -0.05056600 -0.18772100 -0.43891700 -0.87869800 0.21451000 -0.89132700 0.39939900 -0.95851200 -0.11351400 0.26147300
0.06668000 0.03774900 -0.05062100 -0.18623800 -0.43358500 -0.88165700 0.21332300 -0.89379400 0.39449200 -0.95906600 -0.11460800 0.25895200
0.06676900 0.03773600 -0.05067700 -0.18378100 -0.42489600 -0.88638900 0.21146100 -0.89772500 0.38648600 -0.95995200 -0.11640800 0.25483300
0.06679200 0.03780900 -0.05071900 -0.18313100 -0.42309500 -0.88738500 0.21154200 -0.89846500 0.38472100 -0.96005800 -0.11726500 0.25403900
0.06683700 0.03786900 -0.05079800 -0.18207000 -0.41976400 -0.88918300 0.21129300 -0.89987500 0.38154700 -0.96031500 -0.11841000 0.25253400
0.06684700 0.03790100 -0.05084200 -0.18201400 -0.41979100 -0.88918200 0.21157100 -0.89982700 0.38150800 -0.96026400 -0.11868600 0.25259700
0.06686500 0.03793200 -0.05090400 -0.18188700 -0.41964400 -0.88927800 0.21189800 -0.89984200 0.38129000 -0.96021600 -0.11908500 0.25259100
0.06688600 0.03791000 -0.05094100 -0.18046000 -0.41458000 -0.89193900 0.21078800 -0.90206000 0.37663700 -0.96073000 -0.12004200 0.25017400
0.06691900 0.03788800 -0.05096100 -0.18227000 -0.41085900 -0.89329200 0.20485700 -0.90444200 0.37418800 -0.96167000 -0.11479400 0.24902000
0.06703100 0.03782600 -0.05099500 -0.18310900 -0.40395900 -0.89626200 0.19815800 -0.90813000 0.36882400 -0.96291400 -0.11006700 0.24633400
0.06712700 0.03776900 -0.05100900 -0.18196500 -0.40006700 -0.89823900 0.19723000 -0.90977500 0.36525000 -0.96332100 -0.11069700 0.24445300
0.06722500 0.03777500 -0.05102300 -0.18183100 -0.39967800 -0.89844000 0.19725300 -0.90992500 0.36486600 -0.96334200 -0.11087600 0.24429000
0.06728400 0.03777800 -0.05102200 -0.18439700 -0.39888600 -0.89826800 0.19195400 -0.91095700 0.36511600 -0.96392400 -0.10510000 0.24454500
0.06735100 0.03775700 -0.05100600 -0.18437700 -0.39872000 -0.89834600 0.19181300 -0.91103900 0.36498600 -0.96395600 -0.10502000 0.24445400
0.06738900 0.03773000 -0.05097800 -0.18442700 -0.39872200 -0.89833500 0.19162200 -0.91106100 0.36503100 -0.96398500 -0.10481900 0.24442800
0.06738900 0.03771800 -0.05096200 -0.18446000 -0.39875400 -0.89831400 0.19152900 -0.91106000 0.36508300 -0.96399700 -0.10471100 0.24442700
0.06737500 0.03768000 -0.05093300 -0.18456800 -0.39892900 -0.89821400 0.19133700 -0.91101400 0.36529700 -0.96401400 -0.10443900 0.24447400
0.06736400 0.03763800 -0.05089000 -0.18464700 -0.39895700 -0.89818500 0.19104400 -0.91103800 0.36539200 -0.96405700 -0.10412500 0.24443800
0.06735600 0.03762600 -0.05085100 -0.18471500 -0.39902600 -0.89814000 0.19085700 -0.91103300 0.36550200 -0.96408100 -0.10390300 0.24443900
0.06734400 0.03763100 -0.05083600 -0.18473600 -0.39906000 -0.89812100 0.19081300 -0.91102400 0.36554500 -0.96408600 -0.10384500 0.24444500
0.06733000 0.03764100 -0.05080700 -0.18738100 -0.39846100 -0.89784000 0.18543800 -0.91194400 0.36601900 -0.96462400 -0.09790900 0.24477000
0.06731600 0.03764600 -0.05076800 -0.18742000 -0.39848900 -0.89781900 0.18529900 -0.91194800 0.36607800 -0.96464300 -0.09775400 0.24475700
0.06731700 0.03763800 -0.05075100 -0.19006100 -0.39786200 -0.89754200 0.17991800 -0.91283800 0.36654400 -0.96514500 -0.09181800 0.24507700
0.06733000 0.03763300 -0.05071900 -0.19532300 -0.39658500 -0.89697700 0.16920300 -0.91450600 0.36749000 -0.96603200 -0.07999200 0.24572800
0.06737300 0.03774300 -0.05069200 -0.20801800 -0.39263300 -0.89586100 0.14292800 -0.91826700 0.36926500 -0.96762500 -0.05123000 0.24713400
0.06738300 0.03782400 -0.05064700 -0.21060500 -0.39173600 -0.89564900 0.13748500 -0.91896100 0.36960300 -0.96785400 -0.04529800 0.24739500
0.06741300 0.03798900 -0.05049300 -0.21305000 -0.39056500 -0.89558200 0.13189500 -0.91973300 0.36972100 -0.96809700 -0.03935400 0.24746300
0.06744100 0.03814100 -0.05026100 -0.21296500 -0.39004100 -0.89583100 0.13121700 -0.91997500 0.36935900 -0.96820800 -0.03888800 0.24710200
0.06748100 0.03833600 -0.04998700 -0.21290700 -0.38952800 -0.89606700 0.13045800 -0.92021600 0.36902900 -0.96832300 -0.03833100 0.24673800
0.06748700 0.03841900 -0.04982600 -0.21285900 -0.38914200 -0.89624700 0.12991300 -0.92039600 0.36877300 -0.96840700 -0.03793800 0.24646800
0.06750900 0.03850500 -0.04949900 -0.21290600 -0.38856000 -0.89648800 0.12860700 -0.92068600 0.36850500 -0.96857100 -0.03683800 0.24599100
0.06749400 0.03849900 -0.04918100 -0.21319700 -0.38846000 -0.89646200 0.12719300 -0.92078400 0.36875000 -0.96869400 -0.03540800 0.24571700
0.06748200 0.03845800 -0.04906200 -0.21339700 -0.38858500 -0.89636000 0.12659500 -0.92075700 0.36902300 -0.96872800 -0.03472600 0.24568000
0.06741100 0.03833200 -0.04889600 -0.21386200 -0.38912000 -0.89601700 0.12565300 -0.92057700 0.36979400 -0.96874800 -0.03350300 0.24577000
0.06728600 0.03817900 -0.04881500 -0.21435500 -0.38991400 -0.89555400 0.12506100 -0.92027600 0.37074400 -0.96871600 -0.03252800 0.24602900
0.06710800 0.03805200 -0.04879700 -0.21481400 -0.39084300 -0.89503900 0.12484500 -0.91990400 0.37173800 -0.96864200 -0.03188700 0.24640200
0.06701700 0.03798700 -0.04880100 -0.21500700 -0.39124900 -0.89481600 0.12477500 -0.91974000 0.37216600 -0.96860800 -0.03163200 0.24656800
0.06684700 0.03788900 -0.04876000 -0.21539700 -0.39199000 -0.89439700 0.12449600 -0.91944600 0.37298600 -0.96855700 -0.03100900 0.24684700
0.06671000 0.03785200 -0.04863100 -0.21578900 -0.39259400 -0.89403800 0.12396500 -0.91921600 0.37372900 -0.96853800 -0.03018300 0.24702500
0.06666600 0.03785000 -0.04855100 -0.21594200 -0.39277000 -0.89392400 0.12365000 -0.91915400 0.37398600 -0.96854400 -0.02977500 0.24705000
0.06657200 0.03783600 -0.04830600 -0.21640400 -0.39325900 -0.89359700 0.12264700 -0.91898500 0.37473100 -0.96856900 -0.02850400 0.24710400
0.06654300 0.03780300 -0.04795200 -0.21938500 -0.39244700 -0.89322700 0.11570200 -0.91953500 0.37558900 -0.96875300 -0.02094900 0.24713900
0.06659000 0.03787200 -0.04752700 -0.22473000 -0.39026000 -0.89285600 0.10327300 -0.92067200 0.37642500 -0.96893200 -0.00761400 0.24720600
0.06663900 0.03797600 -0.04729400 -0.22987600 -0.38815700 -0.89246200 0.09178700 -0.92158000 0.37717900 -0.96888100 0.00478800 0.24747700
0.06679200 0.03826400 -0.04678900 -0.23471200 -0.38498500 -0.89257800 0.07936200 -0.92275300 0.37713100 -0.96881900 0.01768100 0.24713400
0.06702600 0.03864900 -0.04624400 -0.23925500 -0.38127700 -0.89296300 0.06685600 -0.92396000 0.37659900 -0.96865100 0.03040300 0.24655300
0.06715600 0.03888100 -0.04598100 -0.23896400 -0.38035300 -0.89343500 0.06608500 -0.92432900 0.37582900 -0.96877600 0.03076700 0.24601700
0.06748400 0.03946900 -0.04540200 -0.24499000 -0.38038700 -0.89178700 0.05518700 -0.92379800 0.37888000 -0.96795300 0.04360700 0.24731400
0.06788200 0.04003600 -0.04480300 -0.25352400 -0.38637800 -0.88681200 0.04671600 -0.92058400 0.38773700 -0.96619900 0.05687200 0.25144000
0.06830700 0.04056100 -0.04414100 -0.25354000 -0.39553100 -0.88276300 0.02769700 -0.91517600 0.40209900 -0.96692700 0.07749900 0.24298900
0.06851500 0.04081400 -0.04376200 -0.24969300 -0.40088200 -0.88144500 0.01367200 -0.91164700 0.41074400 -0.96822800 0.09050800 0.23311300
0.06887700 0.04137500 -0.04298600 -0.23874200 -0.41377200 -0.87851800 -0.02170700 -0.90217900 0.43081400 -0.97084000 0.12192300 0.20640700
0.06923800 0.04203400 -0.04223200 -0.22123000 -0.42766200 -0.87644800 -0.06550100 -0.89017100 0.45089200 -0.97301900 0.15715900 0.16892000
0.06944700 0.04236100 -0.04193500 -0.21077500 -0.43594500 -0.87494200 -0.08782600 -0.88298500 0.46110900 -0.97358000 0.17403300 0.14782400
0.06978700 0.04313900 -0.04146500 -0.18958100 -0.45773400 -0.86864100 -0.13757100 -0.86357500 0.48508900 -0.97217900 0.21146400 0.10074600
0.07010300 0.04391800 -0.04111000 -0.16154200 -0.48639500 -0.85867500 -0.18307700 -0.84022900 0.51038900 -0.96973500 0.23965400 0.04668400
0.07034500 0.04459600 -0.04078200 -0.13228300 -0.51878800 -0.84460600 -0.23042100 -0.81265600 0.53525200 -0.96405700 0.26541900 -0.01203900
0.07042600 0.04487800 -0.04064300 -0.11307000 -0.53554800 -0.83690000 -0.24426500 -0.80146900 0.54587600 -0.96309300 0.26614800 -0.04019300
0.07050200 0.04531600 -0.04048200 -0.08845400 -0.56128200 -0.82288300 -0.27872200 -0.77917300 0.56142800 -0.95628900 0.27901600 -0.08752100
0.07056700 0.04559900 -0.04040500 -0.06469300 -0.56413700 -0.82314200 -0.33853000 -0.76354800 0.54990100 -0.93872800 0.31423300 -0.14158100
0.07057200 0.04567100 -0.04035300 -0.04678600 -0.56103400 -0.82646900 -0.36282700 -0.76132200 0.53734900 -0.93068000 0.32500600 -0.16793900
0.07051000 0.04565200 -0.04031300 -0.02166600 -0.56372200 -0.82567900 -0.41245100 -0.74727700 0.52101700 -0.91072100 0.35184100 -0.21631800
0.07041100 0.04554500 -0.04028700 -0.01310600 -0.58299500 -0.81236900 -0.46234600 -0.71683900 0.52189700 -0.88660200 0.38243600 -0.26015000
0.07037600 0.04548600 -0.04029400 -0.00354100 -0.59093700 -0.80670900 -0.49347100 -0.70061500 0.51538600 -0.86975400 0.39991300 -0.28913000
0.07023200 0.04527800 -0.04040700 0.01851600 -0.60729600 -0.79425900 -0.54992900 -0.66962400 0.49917900 -0.83500500 0.42754300 -0.34636900
0.07006400 0.04498100 -0.04058000 0.03670000 -0.62810300 -0.77726300 -0.59001300 -0.64137300 0.49043200 -0.80655800 0.44059700 -0.39412800
0.06989900 0.04443000 -0.04083400 0.05548000 -0.63757000 -0.76839100 -0.61119100 -0.63023100 0.47880300 -0.78953500 0.44307000 -0.42464300
0.06980900 0.04405100 -0.04100600 0.05356500 -0.63642200 -0.76947800 -0.61488900 -0.62818300 0.47675500 -0.78679100 0.44760700 -0.42497700
0.06956800 0.04332300 -0.04142400 0.04922700 -0.62534500 -0.77879300 -0.63766600 -0.61982000 0.45738800 -0.76873700 0.47409400 -0.42927400
0.06920300 0.04253200 -0.04176200 0.05222500 -0.60905000 -0.79141000 -0.66156200 -0.61474900 0.42944000 -0.74806900 0.50113900 -0.43503000
0.06900400 0.04213400 -0.04194400 0.05121200 -0.60307400 -0.79603900 -0.67356500 -0.60936100 0.41831500 -0.73735000 0.51476200 -0.43741600
0.06854900 0.04140200 -0.04230700 0.05736800 -0.58948000 -0.80574200 -0.69245200 -0.60488000 0.39322800 -0.71917800 0.53537900 -0.44288800
0.06797300 0.04067400 -0.04256200 0.06439100 -0.58165900 -0.81088000 -0.70144000 -0.60435100 0.37781100 -0.70981400 0.54445500 -0.44691400
0.06744200 0.03998700 -0.04272300 0.06402200 -0.57769900 -0.81373400 -0.71213900 -0.59768100 0.36828600 -0.69911200 0.55591300 -0.44966700
0.06718700 0.03973400 -0.04276600 0.06813600 -0.57234900 -0.81717400 -0.71842600 -0.59648000 0.35787300 -0.69225700 0.56269600 -0.45183300
0.06672300 0.03927700 -0.04274500 0.07890600 -0.56386500 -0.82208800 -0.72265300 -0.60041100 0.34245600 -0.68669000 0.56706300 -0.45485600
0.06646800 0.03883200 -0.04267900 0.08479500 -0.55876400 -0.82497900 -0.72442800 -0.60304000 0.33398300 -0.68411400 0.56931900 -0.45591900
0.06636500 0.03866200 -0.04262500 0.08355300 -0.55719400 -0.82616700 -0.72900200 -0.59941500 0.33053800 -0.67939200 0.57466000 -0.45627900
0.06622900 0.03844700 -0.04246200 0.07974800 -0.55755300 -0.82630100 -0.73250200 -0.59499700 0.33078300 -0.67607600 0.57888800 -0.45585900
0.06621400 0.03833700 -0.04226400 0.06752100 -0.55954400 -0.82604400 -0.74262600 -0.58109300 0.33291700 -0.66629200 0.59096400 -0.45476900
0.06623100 0.03830300 -0.04208200 0.05458300 -0.56185100 -0.82543500 -0.75230300 -0.56670100 0.33599000 -0.65655100 0.60263800 -0.45361500
0.06624300 0.03841100 -0.04196600 0.04493200 -0.56450600 -0.82420400 -0.75790800 -0.55674900 0.34000500 -0.65081100 0.60939500 -0.45286000
0.06629600 0.03870500 -0.04174300 0.01642100 -0.57264100 -0.81964100 -0.77177300 -0.52843300 0.35372700 -0.63568400 0.62676900 -0.45062700
0.06640800 0.03907700 -0.04154700 -0.01042700 -0.58169400 -0.81334000 -0.77868500 -0.50556200 0.37155700 -0.62732700 0.63721100 -0.44768500
0.06642900 0.03928600 -0.04143900 -0.02711400 -0.58557000 -0.81016700 -0.78500300 -0.48930700 0.37993100 -0.61889700 0.64628600 -0.44640800
0.06648900 0.03983200 -0.04120500 -0.05267600 -0.59143700 -0.80462800 -0.79275700 -0.46520800 0.39384700 -0.60725600 0.65862100 -0.44436100
0.06650400 0.04048800 -0.04093600 -0.08229400 -0.59685100 -0.79811900 -0.80133900 -0.43649900 0.40905000 -0.59252100 0.67322700 -0.44236000
0.06648600 0.04114600 -0.04064100 -0.10482400 -0.60423500 -0.78988000 -0.80056700 -0.41993900 0.42748300 -0.59000200 0.67716300 -0.43971100
0.06646900 0.04146400 -0.04052800 -0.11913200 -0.61043800 -0.78305200 -0.79686400 -0.41169100 0.44217200 -0.59229500 0.67666300 -0.43739200
