0.07665100 0.04227300 -0.05772200 -0.02398300 0.64068400 -0.76742900 -0.92270900 -0.30962300 -0.22965200 -0.38474800 0.70260700 0.59859100
0.07616100 0.04240900 -0.05796400 -0.02700200 0.64051100 -0.76747300 -0.92212700 -0.31237600 -0.22825700 -0.38594200 0.70154500 0.59906800
0.07580600 0.04251100 -0.05805100 -0.02895700 0.64043700 -0.76746300 -0.92184800 -0.31395800 -0.22721200 -0.38646600 0.70090600 0.59947700
0.07557400 0.04249200 -0.05806500 -0.03053300 0.64051400 -0.76733800 -0.92182400 -0.31482300 -0.22611000 -0.38640300 0.70044800 0.60005400
0.07551400 0.04243000 -0.05809600 -0.03087100 0.64054400 -0.76729900 -0.92183800 -0.31496800 -0.22584800 -0.38634100 0.70035400 0.60020200
0.07551200 0.04221300 -0.05824700 -0.02888300 0.63999500 -0.76783400 -0.92125400 -0.31512300 -0.22800300 -0.38788400 0.70078600 0.59870100
0.07561300 0.04185900 -0.05849700 -0.02707400 0.63787500 -0.76966300 -0.91818900 -0.32027500 -0.23313500 -0.39521500 0.70038500 0.59436100
0.07567200 0.04160900 -0.05866000 -0.02707100 0.63633700 -0.77093400 -0.91573300 -0.32505900 -0.23615200 -0.40087200 0.69957800 0.59151500
0.07583100 0.04096000 -0.05906100 -0.02520300 0.63701700 -0.77043600 -0.91289300 -0.32875500 -0.24196000 -0.40741800 0.69722900 0.58981500
0.07598000 0.04011600 -0.05960100 -0.02844000 0.63458000 -0.77233300 -0.90832400 -0.33896000 -0.24505500 -0.41729700 0.69456000 0.58604400
0.07607100 0.03926200 -0.06026600 -0.02821700 0.63462800 -0.77230200 -0.90820800 -0.33902100 -0.24540300 -0.41756600 0.69448600 0.58594000
0.07611100 0.03884100 -0.06061900 -0.03059300 0.63513900 -0.77179000 -0.90866800 -0.33934400 -0.24324300 -0.41639600 0.69386000 0.58751200
0.07626100 0.03794900 -0.06134800 -0.03677100 0.63552200 -0.77120600 -0.90831900 -0.34301900 -0.23936000 -0.41665700 0.69170000 0.58987000
0.07655400 0.03700400 -0.06210600 -0.06331500 0.63413700 -0.77062300 -0.90315200 -0.36495000 -0.22611100 -0.42462500 0.68167400 0.59583000
0.07675500 0.03650500 -0.06247700 -0.07772000 0.63186100 -0.77117400 -0.89820800 -0.38005000 -0.22087100 -0.43264500 0.67550900 0.59708000
0.07717900 0.03547500 -0.06323900 -0.09561800 0.62975700 -0.77088300 -0.89342900 -0.39576400 -0.21249200 -0.43890700 0.66841300 0.60048600
0.07751300 0.03436600 -0.06405000 -0.12496600 0.62029200 -0.77435100 -0.87638600 -0.43488600 -0.20693200 -0.46511300 0.65277100 0.59796100
0.07763200 0.03319600 -0.06489800 -0.16481600 0.60432200 -0.77950500 -0.84935200 -0.48874500 -0.19932200 -0.50143500 0.62922300 0.59383500
0.07753800 0.03260400 -0.06530400 -0.18091500 0.59685000 -0.78168900 -0.83711100 -0.51065100 -0.19616000 -0.51624900 0.61887300 0.59201500
0.07712200 0.03141100 -0.06607200 -0.19497300 0.59181800 -0.78213500 -0.82942900 -0.52510100 -0.19056500 -0.52348000 0.61157100 0.59325200
0.07650300 0.03030100 -0.06677200 -0.20241300 0.59088200 -0.78095100 -0.82870800 -0.52825600 -0.18489700 -0.52179500 0.60975600 0.59659500
0.07614100 0.02984800 -0.06710200 -0.19610700 0.59014300 -0.78311600 -0.82640500 -0.52934500 -0.19195800 -0.52782200 0.60952700 0.59150600
0.07533900 0.02927700 -0.06766500 -0.17139100 0.58548600 -0.79235700 -0.81315200 -0.53815000 -0.22175900 -0.55624400 0.60630000 0.56832400
0.07441700 0.02913800 -0.06796400 -0.16458800 0.58237100 -0.79608600 -0.81044400 -0.53988200 -0.22739100 -0.56221900 0.60775800 0.56083800
0.07395400 0.02915100 -0.06800700 -0.16016400 0.58266700 -0.79677100 -0.81106000 -0.53775500 -0.23021700 -0.56260800 0.60935700 0.55870700
0.07327400 0.02923900 -0.06798400 -0.15471600 0.57856600 -0.80082600 -0.81227500 -0.53590700 -0.23024500 -0.56238000 0.61486900 0.55286800
0.07300700 0.02930400 -0.06794900 -0.15099400 0.57690900 -0.80272900 -0.81300200 -0.53441300 -0.23114800 -0.56234000 0.61771900 0.54972200
0.07334400 0.02931000 -0.06809900 -0.14721700 0.57747900 -0.80302100 -0.81307600 -0.53296400 -0.23421200 -0.56323500 0.61843800 0.54799600
0.07375400 0.02928900 -0.06825700 -0.14993000 0.57775100 -0.80232300 -0.81123300 -0.53576600 -0.23420900 -0.56517300 0.61575700 0.54901800
0.07492800 0.02922100 -0.06861900 -0.16703400 0.57195400 -0.80309800 -0.78645400 -0.56854600 -0.24133700 -0.59463200 0.59128900 0.54478200
0.07652200 0.02916500 -0.06896100 -0.18394600 0.56603200 -0.80359900 -0.76214000 -0.59842000 -0.24705400 -0.62073000 0.56701000 0.54147200
0.07818600 0.02915000 -0.06907700 -0.21094600 0.55108000 -0.80734800 -0.73174200 -0.63664900 -0.24337300 -0.64811600 0.53943200 0.53754700
0.07897300 0.02913200 -0.06897500 -0.22426600 0.54388600 -0.80863500 -0.72019400 -0.65150200 -0.23846200 -0.65652400 0.52889600 0.53781400
0.08009500 0.02913100 -0.06843900 -0.23342900 0.53847400 -0.80966300 -0.71130500 -0.66229400 -0.23539400 -0.66299000 0.52097000 0.53761800
0.08058600 0.02927700 -0.06763000 -0.23483600 0.53740900 -0.80996400 -0.70952700 -0.66431700 -0.23505700 -0.66439600 0.51949200 0.53731200
0.08059000 0.02929600 -0.06715600 -0.23538600 0.53758900 -0.80968500 -0.71069500 -0.66347500 -0.23390500 -0.66295100 0.52038200 0.53823500
0.08035600 0.02910300 -0.06623800 -0.23751200 0.53605000 -0.81008400 -0.70877200 -0.66590400 -0.23283600 -0.66425100 0.51886400 0.53809700
0.07978700 0.02872800 -0.06535700 -0.24689200 0.52841700 -0.81229200 -0.70338700 -0.67430200 -0.22486000 -0.66655000 0.51584000 0.53816200
0.07944000 0.02848700 -0.06491900 -0.24856800 0.52598100 -0.81336100 -0.70484200 -0.67419500 -0.22058300 -0.66438700 0.51846100 0.53831700
0.07863300 0.02785800 -0.06397700 -0.25138700 0.52368500 -0.81397600 -0.70841300 -0.67259200 -0.21393800 -0.65951000 0.52285100 0.54006600
0.07780500 0.02716800 -0.06299300 -0.25582900 0.52341700 -0.81276400 -0.71174500 -0.67092200 -0.20803900 -0.65419300 0.52525900 0.54418100
0.07701100 0.02651300 -0.06199200 -0.26137700 0.52542800 -0.80969600 -0.71472200 -0.66914600 -0.20350400 -0.64873200 0.52551700 0.55043400
0.07663100 0.02618400 -0.06144200 -0.26079800 0.52744500 -0.80856900 -0.72038500 -0.66389500 -0.20071700 -0.64267300 0.53013500 0.55310600
0.07597500 0.02552600 -0.06027500 -0.26205500 0.53247300 -0.80485900 -0.72794400 -0.65661000 -0.19738200 -0.63357900 0.53416800 0.55967900
0.07541500 0.02483700 -0.05916700 -0.25416800 0.55028900 -0.79534800 -0.74670900 -0.63429500 -0.20023400 -0.61467300 0.54300100 0.57212400
0.07515100 0.02453800 -0.05870500 -0.25649400 0.55685700 -0.79001200 -0.74785400 -0.63213700 -0.20276900 -0.61231000 0.53880500 0.57858700
0.07457500 0.02399900 -0.05784700 -0.25149100 0.57458700 -0.77884500 -0.76102800 -0.61458100 -0.20766500 -0.59798600 0.54049800 0.59183900
0.07402900 0.02347300 -0.05705500 -0.24346400 0.58440900 -0.77407400 -0.77444800 -0.59760500 -0.20759700 -0.58391300 0.54893800 0.59809100
0.07345700 0.02300500 -0.05630800 -0.24640100 0.58632500 -0.77169200 -0.77650100 -0.59589700 -0.20482100 -0.57994100 0.54875100 0.60211200
0.07316400 0.02279000 -0.05592900 -0.24854500 0.58841600 -0.76940900 -0.77735000 -0.59507700 -0.20398300 -0.57788500 0.54740200 0.60530800
0.07265200 0.02240500 -0.05515300 -0.23915600 0.60248100 -0.76145800 -0.79294100 -0.57379200 -0.20495200 -0.56039900 0.55477600 0.61495900
0.07221600 0.02218000 -0.05441100 -0.23926000 0.61356100 -0.75252600 -0.79739200 -0.56638300 -0.20826700 -0.55400300 0.55022900 0.62476200
0.07206500 0.02207900 -0.05406100 -0.24023300 0.61743800 -0.74903700 -0.79801600 -0.56495400 -0.20975400 -0.55268200 0.54735400 0.62844600
0.07190500 0.02186500 -0.05348900 -0.24072600 0.62041800 -0.74641200 -0.79946400 -0.56281900 -0.20997900 -0.55037000 0.54618300 0.63148700
0.07186600 0.02171500 -0.05297900 -0.24212300 0.62476200 -0.74232600 -0.80044100 -0.56101300 -0.21108600 -0.54833300 0.54308000 0.63592000
0.07194400 0.02154000 -0.05248000 -0.23976100 0.63000100 -0.73865500 -0.80116600 -0.55811400 -0.21596400 -0.54831100 0.54000600 0.63855000
0.07203800 0.02141900 -0.05224100 -0.23750700 0.63488700 -0.73519200 -0.80114800 -0.55602600 -0.22135000 -0.54931900 0.53642600 0.64069800
0.07227300 0.02111300 -0.05175400 -0.23539300 0.64470600 -0.72728500 -0.80177000 -0.55176300 -0.22961200 -0.54932200 0.52906600 0.64678700
0.07248800 0.02073100 -0.05120400 -0.23576400 0.65613900 -0.71686400 -0.80312800 -0.54688800 -0.23642700 -0.54717400 0.51999300 0.65590000
0.07260300 0.02053200 -0.05092900 -0.23620600 0.66193000 -0.71137500 -0.80376400 -0.54449400 -0.23976600 -0.54604800 0.51514400 0.66064800
0.07277100 0.02018300 -0.05041800 -0.23698800 0.66910400 -0.70436800 -0.80502000 -0.54111700 -0.24317300 -0.54385500 0.50940200 0.66688000
0.07284000 0.01988000 -0.04998600 -0.23310900 0.67346700 -0.70149900 -0.80493600 -0.53840000 -0.24940400 -0.54565200 0.50652400 0.66760400
0.07285200 0.01977300 -0.04981600 -0.22875200 0.67566000 -0.70082400 -0.80412700 -0.53691000 -0.25516100 -0.54868200 0.50518300 0.66613600
0.07278000 0.01968300 -0.04953300 -0.22471600 0.67664100 -0.70118300 -0.80345300 -0.53580700 -0.25956100 -0.55132900 0.50504100 0.66405400
0.07263300 0.01968200 -0.04932000 -0.22340300 0.67678300 -0.70146600 -0.80312900 -0.53560500 -0.26097800 -0.55233500 0.50506500 0.66320000
0.07247500 0.01971100 -0.04918700 -0.22447000 0.67659200 -0.70130900 -0.80320700 -0.53596700 -0.25999200 -0.55178700 0.50493700 0.66375200
0.07240100 0.01972700 -0.04916500 -0.22532300 0.67864800 -0.69904500 -0.80298400 -0.53569500 -0.26123900 -0.55176500 0.50246000 0.66564800
0.07232400 0.01980600 -0.04929300 -0.22382700 0.68058800 -0.69763900 -0.80160100 -0.53570600 -0.26543100 -0.55437900 0.49981800 0.66546600
0.07250600 0.02030200 -0.05019400 -0.23380300 0.67562300 -0.69919100 -0.78892800 -0.55213000 -0.26970900 -0.56826700 0.48855300 0.66210800
0.07268700 0.02074800 -0.05099200 -0.24986800 0.66607400 -0.70278800 -0.77348300 -0.57392800 -0.26894300 -0.58248600 0.47639400 0.65860300
0.07324500 0.02217200 -0.05336800 -0.27265300 0.63058100 -0.72665400 -0.74408500 -0.61699600 -0.25622800 -0.60991500 0.47083100 0.63743200
0.07396800 0.02411000 -0.05626400 -0.28274100 0.57863100 -0.76501100 -0.73184500 -0.64569400 -0.21790000 -0.62004700 0.49826100 0.60603200
0.07469100 0.02645500 -0.05933800 -0.29322300 0.51803300 -0.80353000 -0.72896900 -0.66493700 -0.16266900 -0.61856600 0.53805100 0.57260500
0.07504100 0.02763100 -0.06080000 -0.29115000 0.48823400 -0.82271400 -0.72379300 -0.67476200 -0.14429000 -0.62558300 0.55346500 0.54983700
0.07571900 0.02960300 -0.06343300 -0.28540400 0.43132400 -0.85586400 -0.71367600 -0.69168900 -0.11059700 -0.63969500 0.57924500 0.50523700
0.07628600 0.03071800 -0.06548100 -0.26556700 0.39711100 -0.87850800 -0.71089900 -0.69617700 -0.09979200 -0.65122600 0.59802900 0.46718700
0.07647300 0.03096200 -0.06629600 -0.25454600 0.39258400 -0.88378900 -0.71285600 -0.69372800 -0.10284300 -0.65348400 0.60383600 0.45644100
0.07642700 0.03097800 -0.06734100 -0.22332300 0.40137400 -0.88827000 -0.72093400 -0.68133700 -0.12661700 -0.65603300 0.61210800 0.44152300
0.07594500 0.03060100 -0.06765900 -0.21902200 0.40422100 -0.88805000 -0.72538300 -0.67617200 -0.12887600 -0.65257000 0.61595000 0.44131200
0.07495900 0.03017300 -0.06725500 -0.22236900 0.40646600 -0.88619100 -0.72676400 -0.67499900 -0.12723500 -0.64989600 0.61576000 0.44550400
0.07433800 0.02999300 -0.06688600 -0.22344200 0.40820500 -0.88512200 -0.73151700 -0.67036100 -0.12449500 -0.64417100 0.61966500 0.44839500
0.07300800 0.02966200 -0.06597600 -0.22848000 0.41181800 -0.88215700 -0.73685700 -0.66535500 -0.11976100 -0.63626700 0.62266200 0.45547200
0.07167600 0.02936900 -0.06504300 -0.23318100 0.41946300 -0.87731200 -0.74510700 -0.65678200 -0.11598100 -0.62485300 0.62664700 0.46569400
0.07100800 0.02929300 -0.06459200 -0.23664900 0.42330200 -0.87453500 -0.74662100 -0.65521400 -0.11510900 -0.62173400 0.62570600 0.47110300
0.06981100 0.02936900 -0.06384400 -0.24065500 0.43384900 -0.86825000 -0.75058500 -0.65034600 -0.11692400 -0.61539100 0.62355800 0.48214900
0.06885200 0.02952200 -0.06323400 -0.23611900 0.44607000 -0.86328900 -0.76239400 -0.63588000 -0.12004200 -0.60249600 0.62982300 0.49022400
0.06819500 0.02963100 -0.06280300 -0.22992400 0.45700100 -0.85923400 -0.77410100 -0.62097000 -0.12313200 -0.58983100 0.63682400 0.49654100
0.06798000 0.02966000 -0.06266600 -0.22764300 0.45898800 -0.85878200 -0.77801800 -0.61607500 -0.12303600 -0.58554700 0.64014000 0.49734600
0.06768800 0.02955900 -0.06252600 -0.21871700 0.46163200 -0.85968400 -0.78104800 -0.61092700 -0.12934400 -0.58491500 0.64316600 0.49417700
0.06757100 0.02934800 -0.06250100 -0.19741200 0.46558300 -0.86270400 -0.78319100 -0.60418900 -0.14685100 -0.58960900 0.64667300 0.48391500
0.06756800 0.02925100 -0.06249500 -0.18636500 0.46681800 -0.86449200 -0.78256400 -0.60253600 -0.15666200 -0.59402100 0.64732400 0.47760700
0.06758200 0.02913000 -0.06238300 -0.17883300 0.46828800 -0.86528800 -0.78347400 -0.59975700 -0.16266100 -0.59513600 0.64884200 0.47414800
0.06757800 0.02903400 -0.06218700 -0.17772500 0.47139900 -0.86382600 -0.78406400 -0.59829600 -0.16518100 -0.59469000 0.64793800 0.47593900
0.06752600 0.02892200 -0.06199300 -0.17900800 0.47133700 -0.86359500 -0.78456100 -0.59803200 -0.16377100 -0.59364900 0.64822700 0.47684500
0.06747600 0.02883100 -0.06188600 -0.17963300 0.47138900 -0.86343600 -0.78490700 -0.59777300 -0.16305600 -0.59300200 0.64842800 0.47737700
0.06735100 0.02865800 -0.06167400 -0.18131200 0.47177000 -0.86287700 -0.78548300 -0.59741600 -0.16158200 -0.59172700 0.64847900 0.47888600
0.06722500 0.02855800 -0.06141500 -0.18378900 0.47642900 -0.85978800 -0.78554600 -0.59698100 -0.16288300 -0.59087900 0.64546700 0.48397600
0.06715700 0.02854900 -0.06125500 -0.18740000 0.47886500 -0.85765300 -0.78597100 -0.59680100 -0.16148300 -0.58917700 0.64382800 0.48821500
0.06703300 0.02860500 -0.06087700 -0.18880600 0.48841000 -0.85194300 -0.78573400 -0.59551800 -0.16727100 -0.58904500 0.63781900 0.49619700
0.06691000 0.02872300 -0.06049400 -0.18990700 0.49374100 -0.84861900 -0.78574200 -0.59468700 -0.17016300 -0.58867900 0.63448100 0.50088800
0.06677000 0.02882800 -0.06013100 -0.19080200 0.49589900 -0.84715800 -0.78606600 -0.59409800 -0.17072300 -0.58795700 0.63334900 0.50316500
0.06669000 0.02884000 -0.05997600 -0.19133800 0.49588000 -0.84704800 -0.78634800 -0.59391400 -0.17006300 -0.58740500 0.63353600 0.50357300
0.06651200 0.02879000 -0.05969300 -0.19279700 0.49587200 -0.84672200 -0.78692200 -0.59361000 -0.16846000 -0.58615800 0.63382700 0.50465900
0.06637300 0.02872900 -0.05944400 -0.19417600 0.49837000 -0.84493900 -0.78722100 -0.59308600 -0.16890800 -0.58530100 0.63235700 0.50749000
0.06632400 0.02870500 -0.05934200 -0.19453500 0.49836800 -0.84485700 -0.78746200 -0.59290400 -0.16842400 -0.58485700 0.63252900 0.50778700
0.06627300 0.02864200 -0.05921900 -0.19505400 0.49842600 -0.84470300 -0.78780500 -0.59263300 -0.16777400 -0.58422300 0.63273700 0.50825800
0.06628600 0.02850700 -0.05918300 -0.20597100 0.49032000 -0.84685300 -0.77386300 -0.61128900 -0.16571200 -0.59892500 0.62121700 0.50534800
0.06628400 0.02842100 -0.05915400 -0.21484200 0.48655300 -0.84682200 -0.76266300 -0.62520200 -0.16572800 -0.61007100 0.61023500 0.50539600
0.06623300 0.02830800 -0.05904600 -0.22387600 0.48469400 -0.84554700 -0.75138800 -0.63837900 -0.16699300 -0.62072100 0.59794800 0.50711100
0.06616800 0.02824100 -0.05887500 -0.23872400 0.48108500 -0.84354400 -0.73182100 -0.66011500 -0.16936600 -0.63831600 0.57689200 0.50965400
0.06617800 0.02824500 -0.05872200 -0.25759400 0.47430500 -0.84183000 -0.70841400 -0.68519500 -0.16928400 -0.65711000 0.55275800 0.51250700
0.06621100 0.02828300 -0.05865200 -0.26875900 0.47080500 -0.84030300 -0.69603900 -0.69796600 -0.16843800 -0.66580500 0.53961500 0.51528400
0.06631900 0.02841000 -0.05854000 -0.28254600 0.46978200 -0.83634400 -0.67912200 -0.71371500 -0.17146900 -0.67746500 0.51953200 0.52069700
0.06653800 0.02843400 -0.05850500 -0.30583100 0.46156900 -0.83271900 -0.64952900 -0.74063200 -0.17197500 -0.69611700 0.48828000 0.52631100
0.06668300 0.02838500 -0.05853700 -0.32276400 0.45285400 -0.83111100 -0.62870700 -0.75896900 -0.16938500 -0.70749500 0.46785400 0.52968100
0.06695700 0.02822900 -0.05862900 -0.34087100 0.44635200 -0.82739000 -0.60155600 -0.77989400 -0.17289800 -0.72245100 0.43878600 0.53435000
0.06722200 0.02812400 -0.05870000 -0.36110400 0.43921600 -0.82261200 -0.57355200 -0.80015800 -0.17545300 -0.73528200 0.40845400 0.54085400
0.06746900 0.02802200 -0.05875100 -0.38358900 0.42553800 -0.81961900 -0.54668600 -0.81993000 -0.16984600 -0.74430600 0.38292400 0.54715200
0.06757400 0.02795300 -0.05879400 -0.39242500 0.41464000 -0.82102000 -0.53210700 -0.83043100 -0.16506000 -0.75024200 0.37209700 0.54651500
0.06775000 0.02781000 -0.05891900 -0.40911600 0.39381100 -0.82312600 -0.49681700 -0.85277700 -0.16106600 -0.76537300 0.34304900 0.54453700
0.06778500 0.02769500 -0.05901600 -0.42758100 0.38311500 -0.81877700 -0.47625400 -0.86532400 -0.15618600 -0.76834500 0.32316400 0.55245700
0.06776600 0.02765200 -0.05906400 -0.44696700 0.36762400 -0.81551900 -0.45550900 -0.87814400 -0.14620000 -0.76989000 0.30613000 0.55995700
0.06775500 0.02762500 -0.05908500 -0.45308400 0.36164800 -0.81481600 -0.44459400 -0.88390300 -0.14509200 -0.77269000 0.29652400 0.56126800
0.06770300 0.02752500 -0.05914200 -0.46301400 0.35386100 -0.81264900 -0.42908400 -0.89174000 -0.14382500 -0.77556600 0.28210200 0.56472500
0.06763600 0.02733000 -0.05920300 -0.47198300 0.35956400 -0.80495000 -0.42629300 -0.89229200 -0.14862200 -0.77169000 0.27299700 0.57442700
0.06760700 0.02722800 -0.05921400 -0.47674500 0.36270800 -0.80072200 -0.42550500 -0.89229400 -0.15084500 -0.76919300 0.26879700 0.57973200
0.06752600 0.02701300 -0.05916200 -0.48568500 0.36779100 -0.79299300 -0.42412100 -0.89239200 -0.15413100 -0.76435000 0.26146600 0.58940900
0.06743800 0.02678600 -0.05906800 -0.49203300 0.37114700 -0.78749700 -0.42344200 -0.89238700 -0.15601300 -0.76065700 0.25669600 0.59624400
0.06741000 0.02667400 -0.05902900 -0.49438600 0.37235200 -0.78545200 -0.42326600 -0.89236400 -0.15661900 -0.75922700 0.25502500 0.59877700
0.06737300 0.02652200 -0.05900800 -0.49703700 0.37285000 -0.78354000 -0.42284200 -0.89258500 -0.15651100 -0.75773200 0.25352200 0.60130400
0.06733200 0.02643900 -0.05905700 -0.50050700 0.37636800 -0.77964000 -0.42245600 -0.89223500 -0.15951800 -0.75566000 0.24952400 0.60556900
0.06729000 0.02637700 -0.05911000 -0.50562100 0.38173700 -0.77370800 -0.42183100 -0.89166800 -0.16426800 -0.75259900 0.24331700 0.61187500
0.06726800 0.02636300 -0.05912200 -0.50758800 0.38308600 -0.77175000 -0.42140700 -0.89165300 -0.16543900 -0.75151100 0.24124600 0.61402800
0.06722600 0.02635200 -0.05912600 -0.51002700 0.38480100 -0.76928500 -0.42089400 -0.89161500 -0.16694300 -0.75014600 0.23864200 0.61670800
0.06716000 0.02631100 -0.05909700 -0.51301900 0.38821000 -0.76557400 -0.42083900 -0.89109200 -0.16985000 -0.74813400 0.23504700 0.62052100
0.06708000 0.02623800 -0.05903600 -0.51589100 0.39059500 -0.76242400 -0.42075300 -0.89078600 -0.17165500 -0.74620500 0.23223700 0.62389200
0.06701800 0.02620900 -0.05899700 -0.51726900 0.39166000 -0.76094200 -0.42069400 -0.89066000 -0.17244900 -0.74528300 0.23092200 0.62548100
0.06684800 0.02616100 -0.05891900 -0.52137400 0.39543400 -0.75617400 -0.42049300 -0.89014600 -0.17556700 -0.74253100 0.22643000 0.63037700
0.06675200 0.02614100 -0.05890100 -0.52330100 0.39664900 -0.75420500 -0.42017500 -0.89009600 -0.17658100 -0.74135600 0.22449400 0.63245000
0.06654300 0.02610800 -0.05891800 -0.52685200 0.39903600 -0.75046300 -0.41949300 -0.88998900 -0.17872600 -0.73922300 0.22065200 0.63628600
0.06632600 0.02606000 -0.05898700 -0.52745500 0.39803700 -0.75057000 -0.41892400 -0.89043900 -0.17781700 -0.73911500 0.22064100 0.63641500
0.06615800 0.02599200 -0.05906300 -0.52946200 0.39911900 -0.74858100 -0.41840800 -0.89047700 -0.17883900 -0.73797300 0.21852300 0.63846900
0.06606500 0.02596700 -0.05908100 -0.52979000 0.39870100 -0.74857000 -0.41819100 -0.89066400 -0.17841400 -0.73786000 0.21852300 0.63859900
0.06591700 0.02591400 -0.05912500 -0.53149000 0.40010200 -0.74661600 -0.41793500 -0.89052500 -0.17970800 -0.73678200 0.21652400 0.64052200
0.06583000 0.02581700 -0.05918900 -0.53461900 0.40323300 -0.74268700 -0.41764700 -0.89006900 -0.18261200 -0.73467800 0.21255300 0.64425700
0.06580400 0.02575800 -0.05921900 -0.53479200 0.40275200 -0.74282400 -0.41748100 -0.89024700 -0.18212000 -0.73464600 0.21271900 0.64423900
0.06580500 0.02562800 -0.05929800 -0.53642900 0.40406800 -0.74092700 -0.41728100 -0.89009700 -0.18330800 -0.73356600 0.21084300 0.64608400
0.06579900 0.02553300 -0.05937600 -0.53650200 0.40394900 -0.74093800 -0.41722500 -0.89014800 -0.18319000 -0.73354400 0.21085600 0.64610400
0.06583100 0.02545900 -0.05943500 -0.53615900 0.40428700 -0.74100200 -0.41745300 -0.88997400 -0.18351300 -0.73366500 0.21094100 0.64593900
0.06585400 0.02543500 -0.05945300 -0.53602400 0.40442200 -0.74102600 -0.41754300 -0.88990500 -0.18364200 -0.73371300 0.21097400 0.64587500
0.06588100 0.02542100 -0.05947000 -0.53584200 0.40459300 -0.74106400 -0.41764100 -0.88982200 -0.18382500 -0.73379000 0.21099800 0.64577900
0.06587600 0.02542400 -0.05946800 -0.53340900 0.40876500 -0.74053000 -0.42308800 -0.88702600 -0.18487600 -0.73244100 0.21469500 0.64609100
0.06587800 0.02542800 -0.05946500 -0.53328600 0.40887700 -0.74055600 -0.42316300 -0.88696700 -0.18498800 -0.73248700 0.21472500 0.64602900
0.06587200 0.02544100 -0.05945400 -0.53327500 0.40888500 -0.74055900 -0.42316800 -0.88696300 -0.18499700 -0.73249200 0.21472700 0.64602300
0.06582800 0.02545600 -0.05944400 -0.53128700 0.41260100 -0.73992800 -0.42827200 -0.88437500 -0.18563700 -0.73096900 0.21826400 0.64656300
0.06579400 0.02546900 -0.05943500 -0.53115700 0.41270300 -0.73996400 -0.42837300 -0.88431000 -0.18571700 -0.73100400 0.21833600 0.64649900
0.06579300 0.02546500 -0.05943800 -0.53117400 0.41268600 -0.73996100 -0.42836000 -0.88431900 -0.18570300 -0.73099900 0.21833000 0.64650600
0.06579400 0.02546500 -0.05943200 -0.52900000 0.41654300 -0.73935700 -0.43359600 -0.88160600 -0.18645100 -0.72948700 0.22195000 0.64698100
0.06579000 0.02546800 -0.05943000 -0.52807300 0.42208200 -0.73687500 -0.43873200 -0.87855500 -0.18882400 -0.72708400 0.22357800 0.64912200
0.06579500 0.02545500 -0.05944000 -0.52806800 0.42203100 -0.73690700 -0.43871200 -0.87857300 -0.18878200 -0.72710000 0.22360000 0.64909800
0.06580500 0.02545000 -0.05944300 -0.52803400 0.42206300 -0.73691400 -0.43873200 -0.87855700 -0.18881500 -0.72711300 0.22360700 0.64908100
0.06584200 0.02543400 -0.05945500 -0.52579100 0.42576800 -0.73638500 -0.44358500 -0.87592100 -0.18971900 -0.72579200 0.22689700 0.64941600
0.06595200 0.02541700 -0.05950200 -0.52368100 0.42902600 -0.73599800 -0.44772900 -0.87360400 -0.19066800 -0.72477200 0.22967900 0.64957800
0.06603700 0.02543900 -0.05955300 -0.51575000 0.43421400 -0.73855200 -0.45944700 -0.86778600 -0.18935000 -0.72312400 0.24166800 0.64705900
0.06631600 0.02556700 -0.05974300 -0.49215100 0.45099000 -0.74457600 -0.49478400 -0.84865900 -0.18698900 -0.71622200 0.27637800 0.64081200
0.06702700 0.02570900 -0.06019700 -0.45813700 0.46785500 -0.75579100 -0.53932900 -0.82218500 -0.18203000 -0.70656500 0.32422500 0.62900100
0.06753300 0.02580500 -0.06052000 -0.44337300 0.47046700 -0.76294100 -0.55415600 -0.81288800 -0.17922700 -0.70450700 0.34332500 0.62112600
0.06912400 0.02610400 -0.06150800 -0.40187500 0.48072600 -0.77935700 -0.59241300 -0.78548900 -0.17903100 -0.69824200 0.38975300 0.60045700
0.07128100 0.02649100 -0.06286100 -0.34591100 0.50529300 -0.79058500 -0.64971700 -0.73689200 -0.18670000 -0.67691400 0.44907500 0.58319600
0.07355600 0.02690800 -0.06425500 -0.27922300 0.54839900 -0.78822000 -0.72374000 -0.65966800 -0.20257800 -0.63105700 0.51390300 0.58109300
0.07463500 0.02703700 -0.06482200 -0.26325500 0.55791100 -0.78704000 -0.73612100 -0.64347500 -0.20991800 -0.62355600 0.52409500 0.58008800
0.07691700 0.02718500 -0.06590100 -0.24811400 0.56350900 -0.78796900 -0.73917300 -0.63587800 -0.22199300 -0.62614800 0.52736600 0.57430200
0.07841800 0.02745400 -0.06651100 -0.24715400 0.56575400 -0.78666200 -0.73809800 -0.63591300 -0.22544200 -0.62779400 0.52491500 0.57475000
0.07881700 0.02767600 -0.06656900 -0.25692600 0.56442800 -0.78448000 -0.73855700 -0.63821000 -0.21730200 -0.62331500 0.52355300 0.58083500
0.07911800 0.02811100 -0.06621800 -0.27367700 0.56114700 -0.78116200 -0.74002500 -0.64163600 -0.20165500 -0.61438000 0.52289100 0.59086400
0.07904700 0.02834100 -0.06557200 -0.27292000 0.56464300 -0.77890400 -0.74741400 -0.63420800 -0.19786300 -0.60571000 0.52816400 0.59511100
0.07873200 0.02808600 -0.06483800 -0.26643300 0.57162900 -0.77604900 -0.76033800 -0.61948100 -0.19526400 -0.59236700 0.53803500 0.59968200
0.07850200 0.02771900 -0.06447200 -0.26701000 0.57229800 -0.77535700 -0.76184300 -0.61807400 -0.19385100 -0.59016900 0.53894100 0.60103300
0.07780700 0.02667600 -0.06378500 -0.26677000 0.57922200 -0.77028200 -0.76244700 -0.61571000 -0.19893300 -0.58949700 0.53423000 0.60588000
0.07674700 0.02549600 -0.06303200 -0.27713400 0.59036800 -0.75806300 -0.76293400 -0.61479800 -0.19988100 -0.58406000 0.52295900 0.62079500
0.07610400 0.02488900 -0.06258800 -0.28442100 0.59603100 -0.75089900 -0.76330600 -0.61469000 -0.19879400 -0.58005800 0.51662500 0.62978500
0.07479300 0.02375500 -0.06162800 -0.29077000 0.61169500 -0.73571700 -0.77157100 -0.60462200 -0.19775900 -0.56580000 0.51015600 0.64777200
0.07361700 0.02272200 -0.06066400 -0.30059600 0.61391800 -0.72989400 -0.77318300 -0.60492900 -0.19038500 -0.55841600 0.50711300 0.65651100
0.07252700 0.02191700 -0.05975900 -0.30978300 0.61443500 -0.72560500 -0.77438100 -0.60585100 -0.18242200 -0.55169600 0.50538400 0.66348800
0.07202400 0.02162500 -0.05938500 -0.31415400 0.61812900 -0.72057100 -0.77453800 -0.60578400 -0.18197800 -0.54899600 0.50094100 0.66907400
0.07123100 0.02116800 -0.05884300 -0.31651900 0.63101800 -0.70825800 -0.77354500 -0.60385800 -0.19230800 -0.54903800 0.48700100 0.67925300
0.07070600 0.02083600 -0.05845700 -0.31077000 0.64339300 -0.69961800 -0.77068400 -0.60137100 -0.21070500 -0.55629700 0.47370400 0.68274100
0.07054100 0.02070200 -0.05827700 -0.30716000 0.64679900 -0.69807000 -0.76994300 -0.60002000 -0.21716600 -0.55932000 0.47077000 0.68230200
0.07033400 0.02050000 -0.05796700 -0.30232700 0.64990900 -0.69729100 -0.77117200 -0.59673000 -0.22182100 -0.56025900 0.47067000 0.68159900
0.07021700 0.02029500 -0.05765100 -0.29738700 0.65191200 -0.69754500 -0.77365500 -0.59266700 -0.22406000 -0.55948000 0.47302700 0.68060700
0.07018000 0.02017200 -0.05747500 -0.29603200 0.65259200 -0.69748700 -0.77466700 -0.59122300 -0.22437800 -0.55879800 0.47389700 0.68056200
0.07011200 0.01992400 -0.05702400 -0.29627400 0.65304800 -0.69695700 -0.77613500 -0.58989400 -0.22279800 -0.55662900 0.47492300 0.68162400
0.07011900 0.01960200 -0.05647200 -0.29758500 0.65703200 -0.69264000 -0.77757700 -0.58774400 -0.22345100 -0.55391000 0.47208500 0.68579700
0.07011700 0.01918300 -0.05578800 -0.30270800 0.66379300 -0.68391900 -0.77575100 -0.58848200 -0.22781100 -0.55369400 0.46159100 0.69307700
0.07011000 0.01899000 -0.05542300 -0.30741800 0.66636200 -0.67930400 -0.77298900 -0.59120800 -0.23013000 -0.55496000 0.45434900 0.69683900
0.07011600 0.01869600 -0.05463500 -0.31985200 0.66989700 -0.67002300 -0.76782400 -0.59759000 -0.23093700 -0.55510400 0.44059400 0.70550300
0.07015200 0.01850600 -0.05396200 -0.32138000 0.67389400 -0.66526700 -0.76918500 -0.59554500 -0.23168700 -0.55232900 0.43725500 0.70974500
0.07015900 0.01842800 -0.05368700 -0.32580800 0.67329100 -0.66372200 -0.76617100 -0.59934200 -0.23188400 -0.55392200 0.43297500 0.71112700
0.07019600 0.01837400 -0.05329400 -0.33048800 0.67254500 -0.66216200 -0.76329100 -0.60311100 -0.23160600 -0.55512400 0.42888000 0.71266900
0.07018300 0.01847900 -0.05311800 -0.33641600 0.66948100 -0.66228200 -0.76047800 -0.60792900 -0.22824100 -0.55542400 0.42686800 0.71364300
0.07008500 0.01855000 -0.05311100 -0.33690800 0.66924500 -0.66227100 -0.76020600 -0.60834900 -0.22802700 -0.55549800 0.42663800 0.71372200
0.07004400 0.01851700 -0.05314000 -0.33723200 0.66912000 -0.66223200 -0.76011200 -0.60855100 -0.22780400 -0.55543100 0.42654800 0.71382900
0.06993900 0.01840100 -0.05320500 -0.34406000 0.66573500 -0.66213100 -0.75679900 -0.61402400 -0.22411400 -0.55576600 0.42399200 0.71509000
0.06980100 0.01832200 -0.05324800 -0.34536400 0.66524200 -0.66194800 -0.75645800 -0.61478700 -0.22317300 -0.55542200 0.42366100 0.71555300
0.06972100 0.01831100 -0.05324700 -0.34583200 0.66506800 -0.66187800 -0.75634400 -0.61505300 -0.22282700 -0.55528600 0.42354800 0.71572600
0.06957800 0.01832900 -0.05319900 -0.34638700 0.66488500 -0.66177200 -0.75626700 -0.61531600 -0.22236300 -0.55504500 0.42345300 0.71596800
0.06945600 0.01834900 -0.05312100 -0.34696000 0.66471400 -0.66164300 -0.75624300 -0.61553800 -0.22182700 -0.55471900 0.42339900 0.71625300
0.06934800 0.01838200 -0.05301400 -0.34956900 0.66424900 -0.66073600 -0.75684400 -0.61589900 -0.21875800 -0.55225700 0.42360400 0.71803200
0.06928600 0.01841000 -0.05296100 -0.34978600 0.66419100 -0.66068000 -0.75684900 -0.61596900 -0.21854100 -0.55211300 0.42359300 0.71815000
0.06916900 0.01847600 -0.05286000 -0.35219200 0.66379000 -0.65980400 -0.75744300 -0.61625200 -0.21566500 -0.54976200 0.42380900 0.71982300
0.06909400 0.01855900 -0.05273100 -0.35224600 0.66173700 -0.66183500 -0.75754500 -0.61685400 -0.21357700 -0.54958800 0.42613800 0.71858000
0.06904200 0.01863100 -0.05260900 -0.35227100 0.66187100 -0.66168700 -0.75769700 -0.61669900 -0.21348500 -0.54936200 0.42615400 0.71874400
0.06901800 0.01864200 -0.05256900 -0.35223500 0.66191600 -0.66166100 -0.75778600 -0.61660700 -0.21343700 -0.54926300 0.42621800 0.71878200
0.06896400 0.01862200 -0.05252800 -0.35259400 0.66182200 -0.66156400 -0.75780700 -0.61671000 -0.21306200 -0.54900200 0.42621500 0.71898200
0.06892800 0.01859000 -0.05249600 -0.35276300 0.66180400 -0.66149300 -0.75789100 -0.61669300 -0.21281300 -0.54877900 0.42626700 0.71912200
0.06890700 0.01857900 -0.05247200 -0.35291700 0.66176900 -0.66144500 -0.75791800 -0.61672200 -0.21263400 -0.54864300 0.42627900 0.71921900
0.06887900 0.01855500 -0.05243400 -0.35302300 0.66177600 -0.66138100 -0.75802200 -0.61666500 -0.21242700 -0.54843000 0.42635000 0.71933800
0.06887300 0.01853700 -0.05240900 -0.35312500 0.66176800 -0.66133500 -0.75808100 -0.61664700 -0.21226700 -0.54828300 0.42638900 0.71942700
0.06887100 0.01853400 -0.05241200 -0.35300800 0.66181500 -0.66135000 -0.75811900 -0.61657300 -0.21234700 -0.54830600 0.42642300 0.71939000
0.06886100 0.01852100 -0.05242200 -0.35107500 0.66207600 -0.66211800 -0.75750800 -0.61647900 -0.21478500 -0.55038700 0.42615500 0.71795900
0.06885400 0.01851700 -0.05242600 -0.35116900 0.66204600 -0.66209800 -0.75749800 -0.61652000 -0.21470400 -0.55034100 0.42614100 0.71800200
0.06885400 0.01851600 -0.05242700 -0.35117000 0.66204600 -0.66209700 -0.75749800 -0.61652100 -0.21470400 -0.55034100 0.42614000 0.71800200
0.06885400 0.01851600 -0.05242700 -0.35117000 0.66204600 -0.66209800 -0.75749800 -0.61652100 -0.21470300 -0.55034100 0.42614000 0.71800200
0.06885400 0.01851800 -0.05242500 -0.35115000 0.66205400 -0.66210000 -0.75750400 -0.61650800 -0.21471700 -0.55034500 0.42614600 0.71799600
0.06886500 0.01851700 -0.05242500 -0.35110400 0.66207200 -0.66210600 -0.75751900 -0.61647900 -0.21474700 -0.55035300 0.42616000 0.71798100
0.06887000 0.01851600 -0.05242600 -0.35108100 0.66208100 -0.66210900 -0.75752600 -0.61646500 -0.21476200 -0.55035800 0.42616700 0.71797400
0.06887500 0.01852000 -0.05243600 -0.35102600 0.66209300 -0.66212700 -0.75751400 -0.61645700 -0.21483000 -0.55041100 0.42616000 0.71793700
0.06888700 0.01851900 -0.05242900 -0.35097700 0.66211700 -0.66212900 -0.75754500 -0.61641300 -0.21484800 -0.55040000 0.42618600 0.71793000
0.06890200 0.01851500 -0.05243200 -0.35092800 0.66213600 -0.66213600 -0.75756100 -0.61638200 -0.21488000 -0.55040900 0.42620100 0.71791400
0.06892900 0.01850100 -0.05244900 -0.35081400 0.66217500 -0.66215700 -0.75758200 -0.61632400 -0.21497100 -0.55045200 0.42622400 0.71786700
0.06896900 0.01848700 -0.05245800 -0.35065000 0.66223900 -0.66218000 -0.75763500 -0.61622200 -0.21507900 -0.55048400 0.42627400 0.71781400
0.06903700 0.01847700 -0.05246400 -0.35031400 0.66237100 -0.66222600 -0.75774300 -0.61601000 -0.21530400 -0.55055000 0.42637300 0.71770400
0.06907400 0.01846900 -0.05246800 -0.35015300 0.66243400 -0.66224800 -0.75779400 -0.61590900 -0.21541000 -0.55058100 0.42642100 0.71765100
0.06914100 0.01843900 -0.05248900 -0.34991300 0.66252700 -0.66228200 -0.75787100 -0.61575900 -0.21556900 -0.55062700 0.42649500 0.71757200
0.06919400 0.01842000 -0.05250300 -0.34968100 0.66261700 -0.66231400 -0.75794500 -0.61561400 -0.21572300 -0.55067200 0.42656400 0.71749700
0.06922600 0.01841500 -0.05250500 -0.34750400 0.66297800 -0.66309800 -0.75741500 -0.61535500 -0.21831100 -0.55277600 0.42637700 0.71598900
0.06926700 0.01842000 -0.05250000 -0.34727700 0.66307200 -0.66312400 -0.75749600 -0.61520400 -0.21845600 -0.55280900 0.42645000 0.71592000
0.06925300 0.01844100 -0.05248300 -0.34726900 0.66307600 -0.66312300 -0.75749900 -0.61519800 -0.21846300 -0.55281000 0.42645000 0.71591900
0.06922300 0.01847500 -0.05244400 -0.34728600 0.66308300 -0.66310800 -0.75752500 -0.61518000 -0.21842300 -0.55276400 0.42646600 0.71594500
0.06922400 0.01849200 -0.05243000 -0.34721000 0.66311400 -0.66311700 -0.75754900 -0.61513200 -0.21847500 -0.55277900 0.42648700 0.71592100
0.06923600 0.01850800 -0.05241700 -0.34710700 0.66315500 -0.66312900 -0.75758100 -0.61506700 -0.21854500 -0.55279900 0.42651600 0.71588800
0.06926300 0.01849400 -0.05243400 -0.34701200 0.66318600 -0.66314800 -0.75759600 -0.61502200 -0.21862200 -0.55283800 0.42653400 0.71584800
0.06928800 0.01848900 -0.05244300 -0.34688100 0.66323200 -0.66317100 -0.75762200 -0.61495300 -0.21872400 -0.55288400 0.42656200 0.71579500
0.06935900 0.01847200 -0.05245400 -0.34723700 0.66516700 -0.66104300 -0.75751400 -0.61448600 -0.22040700 -0.55280900 0.42421600 0.71724600
0.06944100 0.01845300 -0.05246600 -0.35049600 0.66252500 -0.66197500 -0.75396100 -0.61890500 -0.22022100 -0.55560300 0.42191700 0.71644200
0.06950100 0.01845100 -0.05247100 -0.35382500 0.65991200 -0.66281400 -0.75034900 -0.62333800 -0.22005500 -0.55837500 0.41948100 0.71571700
0.06952800 0.01844800 -0.05247300 -0.35368800 0.65997000 -0.66283000 -0.75039700 -0.62324900 -0.22014600 -0.55839800 0.41952300 0.71567500
0.06960800 0.01842400 -0.05248800 -0.35320000 0.66016900 -0.66289200 -0.75055900 -0.62293900 -0.22046900 -0.55848800 0.41967000 0.71551800
0.06974700 0.01839300 -0.05250800 -0.35632500 0.65761100 -0.66376100 -0.74699900 -0.62722600 -0.22040500 -0.56127000 0.41729300 0.71473200
0.06984900 0.01836800 -0.05252400 -0.35587000 0.65780800 -0.66381000 -0.74715300 -0.62693400 -0.22071500 -0.56135400 0.41742200 0.71459000
0.07016500 0.01829700 -0.05258700 -0.36224600 0.65476400 -0.66337000 -0.73991600 -0.63482100 -0.22254000 -0.56683300 0.41022400 0.71443200
0.07062300 0.01822300 -0.05268700 -0.36437600 0.65451900 -0.66244500 -0.73652400 -0.63785600 -0.22510100 -0.56987800 0.40588500 0.71448900
0.07126800 0.01812800 -0.05284300 -0.36571900 0.65456900 -0.66165500 -0.73327800 -0.64045700 -0.22829100 -0.57319500 0.40168700 0.71420800
0.07168300 0.01808900 -0.05295000 -0.36815700 0.65439800 -0.66047200 -0.72971900 -0.64357800 -0.23090300 -0.57616800 0.39695000 0.71446400
0.07267800 0.01806100 -0.05322400 -0.37472600 0.64725000 -0.66381200 -0.71881100 -0.65502800 -0.23291200 -0.58556800 0.38987800 0.71070700
0.07373300 0.01815600 -0.05353700 -0.38152800 0.64001100 -0.66694900 -0.70728500 -0.66667300 -0.23514400 -0.59513200 0.38201000 0.70702500
0.07425500 0.01822900 -0.05368300 -0.39093900 0.63377800 -0.66745000 -0.70059800 -0.67520200 -0.23078500 -0.59693100 0.37739200 0.70798700
0.07525600 0.01840200 -0.05393700 -0.41208400 0.62188600 -0.66591500 -0.69136400 -0.68945200 -0.21603500 -0.59346600 0.37136500 0.71406200
0.07608700 0.01864100 -0.05412000 -0.43229100 0.61072500 -0.66342900 -0.68338500 -0.70189000 -0.20083600 -0.58831000 0.36655700 0.72078100
0.07671900 0.01905400 -0.05426900 -0.44410600 0.60067200 -0.66480200 -0.67531900 -0.71203600 -0.19221900 -0.58882400 0.36358800 0.72186500
0.07693200 0.01934400 -0.05432100 -0.45075600 0.59331300 -0.66693200 -0.66858600 -0.71943800 -0.18814900 -0.59144800 0.36109100 0.72097200
0.07719900 0.01995600 -0.05437800 -0.46148000 0.58574600 -0.66628600 -0.66616200 -0.72479400 -0.17578800 -0.58588700 0.36273200 0.72467900
0.07733900 0.02053900 -0.05439700 -0.47481400 0.57646100 -0.66501300 -0.66494900 -0.72998200 -0.15801000 -0.57653500 0.36717500 0.72992300
0.07739100 0.02082300 -0.05438800 -0.48093800 0.57163900 -0.66477500 -0.66382000 -0.73273000 -0.14982600 -0.57274800 0.36923500 0.73186300
0.07749700 0.02137300 -0.05433200 -0.49207100 0.56463900 -0.66260600 -0.66112600 -0.73755900 -0.13753800 -0.56637200 0.37038800 0.73623000
0.07766600 0.02183900 -0.05420000 -0.50176500 0.56056600 -0.65878300 -0.65960900 -0.74065600 -0.12783800 -0.55959400 0.37039500 0.74139100
0.07787900 0.02217500 -0.05393100 -0.51062400 0.55767800 -0.65441300 -0.66027400 -0.74185500 -0.11699700 -0.55072700 0.37235100 0.74702900
0.07798200 0.02231900 -0.05376000 -0.51325100 0.55673700 -0.65315900 -0.66030700 -0.74231300 -0.11386200 -0.54824000 0.37284600 0.74861000
0.07825900 0.02261200 -0.05338500 -0.51884000 0.55070200 -0.65385900 -0.66088400 -0.74354700 -0.10182600 -0.54225100 0.37929400 0.74973200
0.07852900 0.02293400 -0.05298500 -0.52417800 0.54481400 -0.65453200 -0.66114100 -0.74478600 -0.09046800 -0.53677600 0.38531700 0.75060000
0.07863700 0.02311500 -0.05275800 -0.52783800 0.54378700 -0.65244200 -0.66106600 -0.74533700 -0.08639600 -0.53327100 0.38570400 0.75289600
0.07888200 0.02347600 -0.05228300 -0.53287800 0.54218900 -0.64967000 -0.66128400 -0.74585100 -0.08005400 -0.52796200 0.38695700 0.75598900
0.07919700 0.02376500 -0.05187600 -0.53030900 0.54149500 -0.65234400 -0.66280300 -0.74458700 -0.07925200 -0.52864200 0.39034800 0.75376700
0.07938600 0.02388200 -0.05172500 -0.52886600 0.54255400 -0.65263600 -0.66378300 -0.74360300 -0.08027900 -0.52885900 0.39075200 0.75340500
0.07982300 0.02402500 -0.05157000 -0.52621300 0.54423600 -0.65338000 -0.66536200 -0.74198300 -0.08217400 -0.52952000 0.39149400 0.75255600
0.08040500 0.02406400 -0.05154000 -0.52614100 0.54227300 -0.65506700 -0.66263400 -0.74423200 -0.08386500 -0.53300000 0.38994500 0.75090000
0.08098000 0.02408300 -0.05152500 -0.53860400 0.53044000 -0.65462800 -0.65116100 -0.75511300 -0.07611200 -0.53469100 0.38527400 0.75210900
0.08124100 0.02411700 -0.05151000 -0.54365000 0.52903300 -0.65158800 -0.65192900 -0.75511900 -0.06915800 -0.52861400 0.38719200 0.75541200
0.08169700 0.02435100 -0.05144300 -0.55615800 0.52474000 -0.64446500 -0.65191500 -0.75641600 -0.05330600 -0.51545500 0.39048900 0.76277300
0.08219200 0.02478700 -0.05134300 -0.56384700 0.52117100 -0.64066800 -0.65033900 -0.75833700 -0.04453300 -0.50905200 0.39154200 0.76652500
0.08246600 0.02503000 -0.05126600 -0.56410700 0.51887900 -0.64229800 -0.64954500 -0.75911700 -0.04278000 -0.50977700 0.39306900 0.76525900
0.08301400 0.02546000 -0.05104400 -0.56290400 0.51974500 -0.64265200 -0.65009300 -0.75857400 -0.04407600 -0.51040800 0.39297400 0.76488800
0.08348200 0.02584800 -0.05075600 -0.56368700 0.51628600 -0.64475100 -0.65131200 -0.75788400 -0.03745600 -0.50798500 0.39882100 0.76347300
0.08388000 0.02630500 -0.05045400 -0.56396900 0.51320800 -0.64695800 -0.65162300 -0.75781900 -0.03311500 -0.50727300 0.40289700 0.76180500
0.08404100 0.02654500 -0.05029900 -0.56022700 0.51630600 -0.64774400 -0.65631400 -0.75375700 -0.03316900 -0.50536800 0.40654200 0.76113400
