0.08860000 0.04181300 -0.03428400 0.77665300 -0.24427000 -0.58063800 0.34970300 0.93386200 0.07488800 0.52394400 -0.26121300 0.81070900
0.08859900 0.04181300 -0.03428400 0.77665100 -0.24427500 -0.58063800 0.34970900 0.93386000 0.07488900 0.52394200 -0.26121700 0.81070900
0.08859900 0.04181000 -0.03428700 0.77657700 -0.24437400 -0.58069600 0.34980700 0.93382900 0.07482100 0.52398700 -0.26123600 0.81067400
0.08860500 0.04181100 -0.03428600 0.77796200 -0.23984000 -0.58073200 0.34429800 0.93588200 0.07471400 0.52557800 -0.25807000 0.81065700
0.08860500 0.04181300 -0.03428400 0.77787600 -0.23995500 -0.58080000 0.34441000 0.93584700 0.07463500 0.52563100 -0.25809000 0.81061600
0.08860500 0.04181300 -0.03428400 0.77787500 -0.23995900 -0.58080000 0.34441600 0.93584500 0.07463500 0.52563000 -0.25809300 0.81061600
0.08861000 0.04181300 -0.03428500 0.77916400 -0.23550700 -0.58089400 0.33898000 0.93784100 0.07446000 0.52725200 -0.25492800 0.81056500
0.08861600 0.04180800 -0.03427500 0.77915500 -0.23552600 -0.58089800 0.33902800 0.93782100 0.07449500 0.52723400 -0.25498400 0.81055900
0.08861600 0.04180800 -0.03427500 0.77915400 -0.23552800 -0.58089800 0.33903000 0.93782100 0.07449500 0.52723300 -0.25498500 0.81055900
0.08862200 0.04180700 -0.03426300 0.77913500 -0.23555700 -0.58091200 0.33908500 0.93779900 0.07451800 0.52722600 -0.25503900 0.81054700
0.08862800 0.04181200 -0.03424500 0.78045300 -0.23102600 -0.58096300 0.33359700 0.93977100 0.07443600 0.52877600 -0.25190200 0.81051800
0.08862900 0.04181700 -0.03423300 0.78042600 -0.23106400 -0.58098400 0.33364800 0.93975400 0.07443300 0.52878400 -0.25193300 0.81050300
0.08864100 0.04181500 -0.03420100 0.78037500 -0.23114100 -0.58102300 0.33379000 0.93969900 0.07448600 0.52877000 -0.25206700 0.81047000
0.08864800 0.04180800 -0.03416000 0.78168900 -0.22658100 -0.58105200 0.32833900 0.94161400 0.07453200 0.53024000 -0.24904400 0.81044500
0.08866000 0.04180500 -0.03412100 0.78163500 -0.22666400 -0.58109300 0.32850100 0.94155200 0.07460400 0.53022000 -0.24920300 0.81040900
0.08866100 0.04181400 -0.03410600 0.78159600 -0.22671600 -0.58112400 0.32856500 0.94153100 0.07458800 0.53023600 -0.24923500 0.81038900
0.08866700 0.04183300 -0.03408300 0.78283000 -0.22221400 -0.58120300 0.32308200 0.94343700 0.07445300 0.53178400 -0.24606000 0.81034400
0.08866800 0.04184800 -0.03406800 0.78277000 -0.22229800 -0.58125200 0.32316300 0.94341400 0.07439700 0.53182300 -0.24607400 0.81031500
0.08866800 0.04185200 -0.03406500 0.78275700 -0.22231700 -0.58126100 0.32318200 0.94340800 0.07438500 0.53183000 -0.24607800 0.81030900
0.08867300 0.04185000 -0.03406700 0.78275500 -0.22232100 -0.58126200 0.32318600 0.94340700 0.07438300 0.53183000 -0.24607900 0.81030900
0.08867900 0.04184800 -0.03406900 0.78402400 -0.21772800 -0.58129100 0.31759600 0.94531100 0.07428600 0.53332700 -0.24285800 0.81029700
0.08868400 0.04185100 -0.03406700 0.78399800 -0.21777000 -0.58131100 0.31763900 0.94529800 0.07426300 0.53334000 -0.24286900 0.81028400
0.08868400 0.04185100 -0.03406700 0.78391700 -0.21788100 -0.58137800 0.31774500 0.94526900 0.07418400 0.53339600 -0.24288400 0.81024400
0.08868400 0.04185100 -0.03406700 0.78391700 -0.21788200 -0.58137800 0.31774500 0.94526900 0.07418400 0.53339600 -0.24288400 0.81024400
0.08869000 0.04185100 -0.03406700 0.78390400 -0.21790000 -0.58138900 0.31776200 0.94526400 0.07417000 0.53340500 -0.24288600 0.81023700
0.08869000 0.04185100 -0.03406700 0.78390400 -0.21790000 -0.58138900 0.31776200 0.94526400 0.07417000 0.53340500 -0.24288600 0.81023700
0.08869000 0.04185100 -0.03406700 0.78390400 -0.21790000 -0.58138900 0.31776200 0.94526400 0.07417000 0.53340500 -0.24288600 0.81023700
0.08869000 0.04184700 -0.03406400 0.78391300 -0.21788900 -0.58138100 0.31776500 0.94526100 0.07420000 0.53339000 -0.24290900 0.81024000
0.08869500 0.04184300 -0.03406100 0.78516300 -0.21328400 -0.58140200 0.31217700 0.94712700 0.07413600 0.53484900 -0.23970900 0.81023100
0.08869500 0.04184300 -0.03406100 0.78516200 -0.21328900 -0.58140100 0.31218300 0.94712400 0.07413600 0.53484800 -0.23971200 0.81023100
0.08869500 0.04183900 -0.03405700 0.78639700 -0.20865700 -0.58141300 0.30656500 0.94896200 0.07408500 0.53628000 -0.23650100 0.81022800
0.08869500 0.04183500 -0.03405400 0.78640400 -0.20865600 -0.58140400 0.30658000 0.94895500 0.07411500 0.53626200 -0.23653100 0.81023100
0.08870100 0.04183000 -0.03405100 0.78639900 -0.20866400 -0.58140700 0.30660200 0.94894600 0.07413200 0.53625500 -0.23655800 0.81022800
0.08870600 0.04182600 -0.03404800 0.78631700 -0.20877900 -0.58147700 0.30672400 0.94891200 0.07406800 0.53630600 -0.23659400 0.81018400
0.08871700 0.04182200 -0.03404500 0.78746900 -0.20429800 -0.58150900 0.30127400 0.95066200 0.07398900 0.53770300 -0.23345700 0.81016700
0.08872200 0.04182200 -0.03404500 0.78748900 -0.20419400 -0.58151900 0.30114300 0.95070400 0.07397600 0.53774800 -0.23337600 0.81016100
0.08872800 0.04181800 -0.03404200 0.78748300 -0.20421000 -0.58152200 0.30117500 0.95069300 0.07399300 0.53773900 -0.23340800 0.81015800
0.08872800 0.04181700 -0.03403600 0.78748000 -0.20421800 -0.58152300 0.30119700 0.95068400 0.07401200 0.53773100 -0.23343600 0.81015500
0.08872300 0.04181800 -0.03402100 0.78865000 -0.19958600 -0.58154600 0.29558300 0.95244800 0.07396800 0.53913000 -0.23023000 0.81014300
0.08872400 0.04182000 -0.03401300 0.78863600 -0.19960900 -0.58155600 0.29562000 0.95243600 0.07397700 0.53913000 -0.23026100 0.81013400
0.08872500 0.04182500 -0.03398100 0.78860300 -0.19966300 -0.58158200 0.29572900 0.95239800 0.07402800 0.53911800 -0.23036900 0.81011100
0.08872600 0.04182200 -0.03394900 0.78859000 -0.19968900 -0.58159000 0.29582400 0.95236200 0.07412000 0.53908400 -0.23049800 0.81009600
0.08872700 0.04182400 -0.03393300 0.78857400 -0.19971500 -0.58160400 0.29587700 0.95234300 0.07414500 0.53907900 -0.23055200 0.81008500
0.08872700 0.04182400 -0.03393400 0.78849700 -0.19982400 -0.58167100 0.29597800 0.95231800 0.07406500 0.53913600 -0.23056200 0.81004400
0.08872700 0.04182100 -0.03393700 0.78850800 -0.19980900 -0.58166100 0.29596400 0.95232100 0.07407700 0.53912800 -0.23056100 0.81005000
0.08872700 0.04182000 -0.03393700 0.78850800 -0.19980900 -0.58166100 0.29596400 0.95232100 0.07407700 0.53912800 -0.23056100 0.81005000
0.08872700 0.04182000 -0.03393700 0.78850800 -0.19980900 -0.58166100 0.29596500 0.95232100 0.07407700 0.53912800 -0.23056100 0.81005000
0.08872700 0.04182000 -0.03393700 0.78850800 -0.19980900 -0.58166100 0.29596500 0.95232100 0.07407700 0.53912800 -0.23056100 0.81005000
0.08872100 0.04182000 -0.03393700 0.78844400 -0.19989900 -0.58171700 0.29604900 0.95230000 0.07401100 0.53917600 -0.23057000 0.81001500
0.08872100 0.04182000 -0.03393700 0.78844400 -0.19989900 -0.58171700 0.29604900 0.95230000 0.07401100 0.53917600 -0.23057000 0.81001500
0.08872100 0.04182000 -0.03393700 0.78836700 -0.20000800 -0.58178400 0.29615000 0.95227500 0.07393100 0.53923300 -0.23058000 0.80997500
0.08872100 0.04182800 -0.03393700 0.78834600 -0.20003600 -0.58180200 0.29616200 0.95227500 0.07388900 0.53925600 -0.23055800 0.80996600
0.08871100 0.04182400 -0.03393400 0.78830300 -0.20009600 -0.58184000 0.29623300 0.95225400 0.07386600 0.53928000 -0.23058900 0.80994100
0.08870500 0.04182400 -0.03393300 0.78831600 -0.20007800 -0.58182900 0.29621600 0.95225900 0.07388000 0.53927100 -0.23058700 0.80994700
0.08870500 0.04182400 -0.03393300 0.78823900 -0.20018600 -0.58189600 0.29631700 0.95223300 0.07380000 0.53932800 -0.23059800 0.80990600
0.08870500 0.04182400 -0.03393300 0.78823900 -0.20018600 -0.58189600 0.29631700 0.95223300 0.07380000 0.53932800 -0.23059800 0.80990600
0.08870500 0.04182400 -0.03393300 0.78816200 -0.20029500 -0.58196400 0.29641800 0.95220800 0.07372000 0.53938500 -0.23060800 0.80986500
0.08870000 0.04182400 -0.03393300 0.78817400 -0.20027700 -0.58195300 0.29640100 0.95221200 0.07373400 0.53937600 -0.23060600 0.80987100
0.08868400 0.04182500 -0.03393100 0.78812300 -0.20034600 -0.58199800 0.29646600 0.95219600 0.07368200 0.53941500 -0.23061300 0.80984400
0.08867400 0.04182600 -0.03392400 0.78806900 -0.20042200 -0.58204500 0.29655200 0.95217200 0.07364800 0.53944700 -0.23064600 0.80981300
0.08867400 0.04182900 -0.03392000 0.78798100 -0.20054700 -0.58212200 0.29666700 0.95214300 0.07355600 0.53951300 -0.23065700 0.80976600
0.08867400 0.04183400 -0.03391700 0.78797000 -0.20056200 -0.58213200 0.29668200 0.95214000 0.07354500 0.53952100 -0.23065900 0.80976000
0.08867400 0.04183300 -0.03391700 0.78796900 -0.20056200 -0.58213200 0.29668200 0.95213900 0.07354500 0.53952100 -0.23065900 0.80976000
0.08867900 0.04183600 -0.03391500 0.78794600 -0.20059700 -0.58215200 0.29671400 0.95213100 0.07352000 0.53953800 -0.23066200 0.80974800
0.08867400 0.04184300 -0.03390800 0.78785800 -0.20071900 -0.58222800 0.29682800 0.95210300 0.07343000 0.53960300 -0.23067400 0.80970200
0.08867500 0.04186200 -0.03389200 0.78779100 -0.20081400 -0.58228600 0.29691600 0.95208100 0.07336100 0.53965200 -0.23068300 0.80966600
0.08867700 0.04188100 -0.03386700 0.78772100 -0.20091300 -0.58234600 0.29702300 0.95205100 0.07331000 0.53969500 -0.23071800 0.80962800
0.08867700 0.04188900 -0.03386000 0.78769900 -0.20094500 -0.58236500 0.29705200 0.95204400 0.07328700 0.53971100 -0.23072100 0.80961600
0.08868300 0.04189200 -0.03385700 0.78759800 -0.20108800 -0.58245200 0.29718500 0.95201100 0.07318100 0.53978500 -0.23073400 0.80956300
0.08868200 0.04188900 -0.03386800 0.78761100 -0.20106900 -0.58244100 0.29715300 0.95202100 0.07317400 0.53978300 -0.23070700 0.80957100
0.08868800 0.04188900 -0.03386800 0.78759900 -0.20108700 -0.58245100 0.29717100 0.95201600 0.07316100 0.53979200 -0.23070900 0.80956500
0.08869800 0.04188900 -0.03386800 0.78757400 -0.20112500 -0.58247300 0.29720500 0.95200800 0.07313400 0.53981000 -0.23071200 0.80955200
0.08871400 0.04188500 -0.03387200 0.78754700 -0.20116500 -0.58249500 0.29724200 0.95199900 0.07310500 0.53982800 -0.23071600 0.80953900
0.08871400 0.04188200 -0.03387500 0.78748100 -0.20125800 -0.58255200 0.29732800 0.95197700 0.07303600 0.53987700 -0.23072400 0.80950400
0.08871400 0.04187300 -0.03388300 0.78743700 -0.20131900 -0.58258900 0.29738600 0.95196200 0.07299100 0.53990900 -0.23073000 0.80948100
0.08871100 0.04182900 -0.03392900 0.78744200 -0.20131200 -0.58258600 0.29736500 0.95197000 0.07297500 0.53991400 -0.23070400 0.80948500
0.08871100 0.04173400 -0.03402100 0.78842200 -0.19783300 -0.58245300 0.29317800 0.95326000 0.07307300 0.54077300 -0.22837500 0.80957200
0.08870800 0.04166800 -0.03408000 0.78995400 -0.19172400 -0.58241900 0.28575500 0.95551400 0.07303800 0.54250700 -0.22412600 0.80960000
0.08869400 0.04151800 -0.03422800 0.79120400 -0.18683000 -0.58231400 0.27982100 0.95726700 0.07306900 0.54377900 -0.22075600 0.80967200
0.08867900 0.04136900 -0.03441100 0.79129000 -0.18670500 -0.58223700 0.27961100 0.95733200 0.07302100 0.54376100 -0.22058100 0.80973200
0.08866300 0.04124100 -0.03462300 0.79126200 -0.18673600 -0.58226500 0.27944500 0.95740400 0.07270300 0.54388700 -0.22023800 0.80974000
0.08865300 0.04117700 -0.03473000 0.79121700 -0.18679600 -0.58230700 0.27940300 0.95743100 0.07251100 0.54397500 -0.22007000 0.80972700
0.08864100 0.04105700 -0.03496400 0.79111100 -0.18693600 -0.58240600 0.27927900 0.95750400 0.07202600 0.54419200 -0.21963500 0.80969900
0.08862900 0.04090200 -0.03521600 0.79103500 -0.18703400 -0.58247800 0.27914400 0.95757400 0.07161400 0.54437300 -0.21924500 0.80968400
0.08860400 0.04070100 -0.03548500 0.78974300 -0.18800300 -0.58391700 0.27905400 0.95779000 0.06904000 0.54629100 -0.21746800 0.80887100
0.08858100 0.04058400 -0.03561300 0.78995900 -0.18768600 -0.58372600 0.27872500 0.95787300 0.06921500 0.54614500 -0.21737600 0.80899400
0.08850300 0.04034700 -0.03584400 0.78901900 -0.18814300 -0.58485000 0.27830500 0.95813600 0.06723400 0.54771700 -0.21581600 0.80834900
0.08837900 0.04015500 -0.03601900 0.78592400 -0.18757800 -0.58918300 0.27741900 0.95855500 0.06488000 0.55259400 -0.21444100 0.80539000
0.08830500 0.04008100 -0.03607900 0.78262500 -0.18742900 -0.59360500 0.27689800 0.95887700 0.06230800 0.55751600 -0.21313200 0.80234000
0.08816900 0.03998100 -0.03615500 0.77927600 -0.18957800 -0.59731700 0.27632000 0.95943300 0.05598800 0.56247200 -0.20868000 0.80004800
0.08803100 0.03992000 -0.03617900 0.77440700 -0.19299700 -0.60253100 0.27603600 0.95998300 0.04728400 0.56929500 -0.20293800 0.79669200
0.08796600 0.03990600 -0.03617700 0.77194300 -0.19474000 -0.60512700 0.27590100 0.96022500 0.04294300 0.57269600 -0.20010500 0.79496900
0.08784200 0.03990200 -0.03614900 0.77066900 -0.19565100 -0.60645500 0.27590300 0.96031900 0.04079900 0.57440800 -0.19876500 0.79406900
0.08773900 0.03992200 -0.03613500 0.76934300 -0.19662700 -0.60782200 0.27587300 0.96042200 0.03849100 0.57619800 -0.19729400 0.79313800
0.08766900 0.03992000 -0.03613400 0.76930500 -0.19668500 -0.60785100 0.27594000 0.96040400 0.03847200 0.57621600 -0.19732700 0.79311700
0.08764100 0.03992100 -0.03613300 0.76913600 -0.19692600 -0.60798700 0.27615300 0.96035000 0.03829300 0.57634000 -0.19735000 0.79302200
0.08760900 0.03991800 -0.03613500 0.76868200 -0.19757900 -0.60835000 0.27672900 0.96020300 0.03780800 0.57667000 -0.19741000 0.79276700
0.08760300 0.03992200 -0.03613800 0.76814400 -0.19835500 -0.60877600 0.27739600 0.96003400 0.03720900 0.57706500 -0.19745400 0.79246800
0.08760900 0.03991800 -0.03613500 0.76790800 -0.19869800 -0.60896100 0.27771200 0.95995200 0.03697500 0.57722700 -0.19751000 0.79233600
0.08760900 0.03992200 -0.03613800 0.76766700 -0.19904600 -0.60915200 0.27800200 0.95987800 0.03669600 0.57740900 -0.19751600 0.79220200
0.08760300 0.03992500 -0.03613500 0.76743600 -0.19937900 -0.60933500 0.27829400 0.95980300 0.03644800 0.57757500 -0.19754600 0.79207400
0.08759300 0.03992900 -0.03613100 0.76721700 -0.19969200 -0.60950700 0.27856900 0.95973200 0.03621400 0.57773300 -0.19757400 0.79195100
0.08758700 0.03992500 -0.03612700 0.76716100 -0.19977300 -0.60955100 0.27865500 0.95970900 0.03617400 0.57776600 -0.19760600 0.79191900
0.08757700 0.03992900 -0.03612400 0.76694200 -0.20008600 -0.60972400 0.27893100 0.95963800 0.03594000 0.57792400 -0.19763500 0.79179700
0.08756600 0.03992900 -0.03612400 0.76673400 -0.20038300 -0.60988800 0.27919200 0.95957000 0.03571800 0.57807300 -0.19766300 0.79168100
0.08756000 0.03993200 -0.03612000 0.76665800 -0.20049200 -0.60994800 0.27928800 0.95954500 0.03563700 0.57812800 -0.19767300 0.79163800
0.08754500 0.03993900 -0.03611400 0.76651800 -0.20069100 -0.61005900 0.27946200 0.95950000 0.03548800 0.57823000 -0.19769100 0.79155900
0.08751800 0.03994600 -0.03610600 0.76640300 -0.20085100 -0.61015100 0.27960400 0.95946300 0.03536800 0.57831400 -0.19770700 0.79149400
0.08750200 0.03995100 -0.03610100 0.76634000 -0.20093800 -0.61020000 0.27968000 0.95944300 0.03530300 0.57836000 -0.19771500 0.79145900
0.08747500 0.03995300 -0.03609800 0.76624700 -0.20106600 -0.61027500 0.27979300 0.95941400 0.03520600 0.57842800 -0.19772800 0.79140600
0.08746300 0.03994600 -0.03610400 0.76606200 -0.20133200 -0.61042000 0.28002700 0.95935300 0.03500800 0.57856100 -0.19775300 0.79130200
0.08746900 0.03994600 -0.03610500 0.76589400 -0.20157400 -0.61055100 0.28023900 0.95929700 0.03482700 0.57868100 -0.19777500 0.79120900
0.08747400 0.03994600 -0.03610500 0.76588100 -0.20159300 -0.61056100 0.28025600 0.95929300 0.03481300 0.57868900 -0.19777600 0.79120200
0.08748000 0.03994900 -0.03610200 0.76577900 -0.20174000 -0.61064000 0.28038400 0.95926000 0.03470300 0.57876200 -0.19778900 0.79114600
0.08747500 0.03995000 -0.03610200 0.76571400 -0.20183300 -0.61069100 0.28046600 0.95923800 0.03463400 0.57880900 -0.19779800 0.79111000
0.08747400 0.03995000 -0.03610200 0.76571400 -0.20183300 -0.61069200 0.28046600 0.95923800 0.03463400 0.57880900 -0.19779800 0.79111000
0.08748000 0.03994500 -0.03609900 0.76563300 -0.20195200 -0.61075400 0.28058500 0.95920600 0.03456600 0.57885900 -0.19783400 0.79106400
0.08748600 0.03994900 -0.03609600 0.76560900 -0.20198700 -0.61077200 0.28061600 0.95919800 0.03454000 0.57887500 -0.19783700 0.79105100
0.08749100 0.03994400 -0.03609300 0.76560500 -0.20199400 -0.61077400 0.28063700 0.95919100 0.03455600 0.57887000 -0.19786200 0.79104900
0.08749100 0.03994000 -0.03608900 0.76553600 -0.20209400 -0.61082800 0.28074000 0.95916300 0.03450200 0.57891100 -0.19789600 0.79101000
0.08748600 0.03993600 -0.03608000 0.76555600 -0.20206700 -0.61081200 0.28074600 0.95915900 0.03456400 0.57888200 -0.19794400 0.79101900
0.08748100 0.03994200 -0.03607400 0.76554600 -0.20208100 -0.61082000 0.28075800 0.95915600 0.03455400 0.57888900 -0.19794500 0.79101400
0.08748600 0.03994200 -0.03607300 0.76553300 -0.20209900 -0.61083000 0.28077400 0.95915100 0.03454000 0.57889800 -0.19794700 0.79100700
0.08749200 0.03994200 -0.03607400 0.76668100 -0.19761400 -0.61085800 0.27509400 0.96079900 0.03444500 0.58010600 -0.19445100 0.79098900
0.08749200 0.03993900 -0.03607700 0.76661400 -0.19771200 -0.61091000 0.27518000 0.96077700 0.03437400 0.58015300 -0.19446200 0.79095200
0.08749200 0.03994000 -0.03607600 0.76660300 -0.19772900 -0.61091900 0.27519400 0.96077300 0.03436200 0.58016100 -0.19446300 0.79094600
0.08749200 0.03994200 -0.03607400 0.76660300 -0.19773000 -0.61091900 0.27519600 0.96077300 0.03436200 0.58016000 -0.19446500 0.79094600
0.08749200 0.03994200 -0.03607400 0.76652500 -0.19784200 -0.61097900 0.27529500 0.96074800 0.03427800 0.58021600 -0.19447500 0.79090300
0.08749200 0.03994300 -0.03607300 0.76651400 -0.19785900 -0.61098800 0.27530900 0.96074400 0.03426600 0.58022400 -0.19447600 0.79089700
0.08749200 0.03994500 -0.03607100 0.76651400 -0.19786000 -0.61098800 0.27531000 0.96074400 0.03426600 0.58022400 -0.19447700 0.79089700
0.08749200 0.03995100 -0.03606500 0.76649100 -0.19789400 -0.61100500 0.27534100 0.96073600 0.03424200 0.58023900 -0.19448100 0.79088400
0.08749800 0.03995500 -0.03606200 0.76760200 -0.19342000 -0.61104300 0.26966500 0.96234800 0.03413500 0.58143400 -0.19097900 0.79086000
0.08749800 0.03995500 -0.03606200 0.76760100 -0.19342500 -0.61104300 0.26967100 0.96234600 0.03413500 0.58143300 -0.19098300 0.79086000
0.08749800 0.03995500 -0.03606200 0.76752400 -0.19353900 -0.61110400 0.26977200 0.96232100 0.03405200 0.58148800 -0.19099400 0.79081600
0.08749800 0.03995500 -0.03606200 0.76752400 -0.19353900 -0.61110400 0.26977200 0.96232100 0.03405200 0.58148800 -0.19099500 0.79081600
0.08750300 0.03995500 -0.03606200 0.76743500 -0.19367100 -0.61117400 0.26988700 0.96229200 0.03395400 0.58155200 -0.19100600 0.79076600
0.08750300 0.03995500 -0.03606200 0.76743500 -0.19367100 -0.61117400 0.26988700 0.96229200 0.03395400 0.58155300 -0.19100600 0.79076600
0.08750300 0.03995100 -0.03606600 0.76744600 -0.19365600 -0.61116500 0.26987400 0.96229500 0.03396600 0.58154400 -0.19100500 0.79077300
0.08750300 0.03995100 -0.03606600 0.76744600 -0.19365600 -0.61116500 0.26987400 0.96229500 0.03396600 0.58154400 -0.19100500 0.79077300
0.08750300 0.03995300 -0.03606400 0.76735800 -0.19378600 -0.61123400 0.26998700 0.96226700 0.03387100 0.58160800 -0.19101600 0.79072300
0.08750300 0.03995100 -0.03606600 0.76736800 -0.19377100 -0.61122500 0.26997500 0.96227000 0.03388300 0.58159900 -0.19101700 0.79072900
0.08750300 0.03995100 -0.03606600 0.76736800 -0.19377100 -0.61122500 0.26997500 0.96227000 0.03388300 0.58159900 -0.19101700 0.79072900
0.08750900 0.03994800 -0.03606900 0.76736700 -0.19377500 -0.61122600 0.26997900 0.96226900 0.03388100 0.58159900 -0.19101700 0.79072900
0.08750900 0.03994800 -0.03606900 0.76736700 -0.19377500 -0.61122600 0.26997900 0.96226900 0.03388100 0.58159900 -0.19101700 0.79072900
0.08750900 0.03995000 -0.03606700 0.76735600 -0.19379200 -0.61123500 0.26999300 0.96226600 0.03386900 0.58160800 -0.19101900 0.79072300
0.08750900 0.03995100 -0.03606600 0.76735600 -0.19379200 -0.61123500 0.26999400 0.96226500 0.03386900 0.58160700 -0.19101900 0.79072300
0.08750900 0.03995100 -0.03606600 0.76735600 -0.19379200 -0.61123500 0.26999400 0.96226500 0.03386900 0.58160700 -0.19101900 0.79072300
0.08750900 0.03994800 -0.03606900 0.76729000 -0.19388900 -0.61128700 0.27007900 0.96224400 0.03379700 0.58165500 -0.19102800 0.79068600
0.08750900 0.03995100 -0.03606600 0.76727800 -0.19390600 -0.61129500 0.27009300 0.96224000 0.03378500 0.58166300 -0.19103000 0.79067900
0.08750800 0.03995200 -0.03607200 0.76728100 -0.19390300 -0.61129400 0.27007600 0.96224600 0.03376700 0.58166900 -0.19100500 0.79068100
0.08750800 0.03995200 -0.03607200 0.76728100 -0.19390300 -0.61129400 0.27007600 0.96224600 0.03376700 0.58166900 -0.19100500 0.79068100
0.08750900 0.03995200 -0.03607200 0.76728100 -0.19390300 -0.61129400 0.27007600 0.96224600 0.03376700 0.58166900 -0.19100500 0.79068100
0.08750900 0.03995200 -0.03607200 0.76720400 -0.19401500 -0.61135500 0.27017400 0.96222200 0.03368400 0.58172400 -0.19101400 0.79063800
0.08750900 0.03995200 -0.03607200 0.76720400 -0.19401500 -0.61135500 0.27017400 0.96222200 0.03368400 0.58172400 -0.19101400 0.79063800
0.08750800 0.03994900 -0.03607500 0.76721500 -0.19399900 -0.61134600 0.27016000 0.96222500 0.03369600 0.58171600 -0.19101300 0.79064400
0.08750900 0.03994600 -0.03607000 0.76721300 -0.19400400 -0.61134700 0.27017900 0.96221900 0.03371300 0.58171000 -0.19103900 0.79064200
0.08750900 0.03994800 -0.03606900 0.76713600 -0.19411600 -0.61140800 0.27027700 0.96219400 0.03363000 0.58176600 -0.19104900 0.79059900
0.08750900 0.03994800 -0.03606900 0.76713600 -0.19411600 -0.61140800 0.27027700 0.96219400 0.03363000 0.58176600 -0.19104900 0.79059900
0.08750300 0.03994800 -0.03606800 0.76714800 -0.19409700 -0.61139800 0.27026100 0.96219800 0.03364400 0.58175700 -0.19104700 0.79060600
0.08750300 0.03994800 -0.03606800 0.76714800 -0.19409700 -0.61139800 0.27026100 0.96219800 0.03364400 0.58175700 -0.19104700 0.79060600
0.08750300 0.03995200 -0.03607200 0.76706200 -0.19422200 -0.61146600 0.27035400 0.96217600 0.03353100 0.58182700 -0.19103300 0.79055800
0.08750800 0.03994600 -0.03607800 0.76707200 -0.19420900 -0.61145800 0.27034300 0.96217900 0.03354100 0.58181900 -0.19103200 0.79056400
0.08750800 0.03993600 -0.03608700 0.76710500 -0.19416200 -0.61143200 0.27030300 0.96218900 0.03357700 0.58179400 -0.19102900 0.79058300
0.08750700 0.03992300 -0.03609900 0.76707300 -0.19421000 -0.61145700 0.27034500 0.96217800 0.03354200 0.58181800 -0.19103400 0.79056500
0.08750700 0.03992200 -0.03610000 0.76707300 -0.19421000 -0.61145700 0.27034500 0.96217800 0.03354200 0.58181700 -0.19103400 0.79056500
0.08750700 0.03992400 -0.03609800 0.76706200 -0.19422700 -0.61146600 0.27035900 0.96217500 0.03353000 0.58182500 -0.19103500 0.79055800
0.08750700 0.03992600 -0.03609600 0.76706200 -0.19422600 -0.61146600 0.27035900 0.96217500 0.03353000 0.58182600 -0.19103500 0.79055800
0.08750700 0.03992600 -0.03609600 0.76698500 -0.19433900 -0.61152600 0.27045700 0.96215000 0.03344600 0.58188100 -0.19104500 0.79051500
0.08750200 0.03992600 -0.03609600 0.76699700 -0.19432000 -0.61151700 0.27044100 0.96215400 0.03346000 0.58187200 -0.19104300 0.79052200
0.08750200 0.03992600 -0.03609600 0.76699700 -0.19432000 -0.61151700 0.27044100 0.96215400 0.03346000 0.58187200 -0.19104300 0.79052200
0.08750700 0.03992300 -0.03609900 0.76803300 -0.18992300 -0.61159800 0.26482600 0.96372000 0.03329500 0.58308700 -0.18753900 0.79046600
0.08750700 0.03992300 -0.03609900 0.76803300 -0.18992300 -0.61159800 0.26482700 0.96372000 0.03329500 0.58308600 -0.18753900 0.79046600
0.08750700 0.03992200 -0.03609300 0.76803100 -0.18992900 -0.61159900 0.26484800 0.96371400 0.03331200 0.58308000 -0.18756600 0.79046500
0.08750200 0.03992300 -0.03609200 0.76804300 -0.18991000 -0.61159000 0.26483100 0.96371800 0.03332700 0.58307200 -0.18756500 0.79047100
0.08750200 0.03992200 -0.03609200 0.76796700 -0.19002300 -0.61165000 0.26493000 0.96369300 0.03324300 0.58312700 -0.18757400 0.79042800
0.08750200 0.03992200 -0.03609200 0.76796700 -0.19002300 -0.61165000 0.26493000 0.96369300 0.03324300 0.58312700 -0.18757400 0.79042800
0.08750200 0.03992200 -0.03609200 0.76796700 -0.19002300 -0.61165000 0.26493000 0.96369300 0.03324300 0.58312700 -0.18757400 0.79042800
0.08750100 0.03992000 -0.03609500 0.76797800 -0.19000700 -0.61164200 0.26491600 0.96369700 0.03325500 0.58311900 -0.18757300 0.79043400
0.08750100 0.03991900 -0.03609600 0.76797700 -0.19000800 -0.61164200 0.26491700 0.96369700 0.03325500 0.58311900 -0.18757300 0.79043400
0.08750700 0.03991900 -0.03609600 0.76788900 -0.19014000 -0.61171100 0.26503200 0.96366800 0.03315700 0.58318300 -0.18758400 0.79038400
0.08750700 0.03991900 -0.03609600 0.76897800 -0.18562500 -0.61173100 0.25931100 0.96522600 0.03307700 0.58432000 -0.18406400 0.79037300
0.08750700 0.03992300 -0.03609300 0.76896600 -0.18564500 -0.61174000 0.25933000 0.96522200 0.03306500 0.58432700 -0.18406900 0.79036600
0.08750700 0.03991800 -0.03608900 0.76889800 -0.18574900 -0.61179300 0.25943600 0.96519500 0.03301200 0.58436800 -0.18410400 0.79032700
0.08750200 0.03991800 -0.03608900 0.76891100 -0.18573000 -0.61178400 0.25942000 0.96519900 0.03302600 0.58436000 -0.18410300 0.79033400
0.08750700 0.03991800 -0.03608900 0.76889800 -0.18574900 -0.61179300 0.25943700 0.96519500 0.03301200 0.58436800 -0.18410400 0.79032700
0.08751200 0.03991900 -0.03609600 0.76881300 -0.18587900 -0.61186100 0.25953400 0.96517300 0.03289600 0.58443800 -0.18409000 0.79027900
0.08751200 0.03991900 -0.03609600 0.76881200 -0.18587900 -0.61186100 0.25953400 0.96517300 0.03289600 0.58443800 -0.18409000 0.79027900
0.08751200 0.03991900 -0.03609600 0.76881300 -0.18587900 -0.61186200 0.25953400 0.96517300 0.03289600 0.58443800 -0.18409000 0.79027900
0.08750700 0.03991900 -0.03609600 0.76882500 -0.18586000 -0.61185200 0.25951700 0.96517700 0.03291000 0.58442900 -0.18408900 0.79028600
0.08750700 0.03991900 -0.03609600 0.76874900 -0.18597300 -0.61191200 0.25961600 0.96515300 0.03282600 0.58448500 -0.18409800 0.79024300
0.08750700 0.03991500 -0.03609300 0.76875800 -0.18596100 -0.61190500 0.25962100 0.96515100 0.03285600 0.58447100 -0.18412200 0.79024700
0.08750700 0.03991500 -0.03609300 0.76875800 -0.18596100 -0.61190500 0.25962100 0.96515100 0.03285600 0.58447100 -0.18412200 0.79024700
0.08750700 0.03991500 -0.03609300 0.76868200 -0.18607500 -0.61196600 0.25971900 0.96512700 0.03277300 0.58452700 -0.18413100 0.79020400
0.08750700 0.03991500 -0.03609300 0.76868200 -0.18607500 -0.61196600 0.25971900 0.96512700 0.03277300 0.58452700 -0.18413100 0.79020400
0.08751200 0.03991100 -0.03609000 0.76867900 -0.18608200 -0.61196700 0.25974100 0.96512100 0.03278800 0.58452200 -0.18415700 0.79020100
0.08751300 0.03991200 -0.03608800 0.76866800 -0.18609900 -0.61197600 0.25975500 0.96511700 0.03277600 0.58453000 -0.18415800 0.79019500
0.08751300 0.03991000 -0.03608300 0.76867700 -0.18608800 -0.61196900 0.25976200 0.96511500 0.03280600 0.58451600 -0.18418300 0.79020000
0.08751300 0.03990600 -0.03608000 0.76967200 -0.18167600 -0.61204300 0.25414100 0.96661400 0.03266900 0.58567500 -0.18069000 0.79014800
0.08751800 0.03990600 -0.03608000 0.76966300 -0.18168800 -0.61205100 0.25415000 0.96661200 0.03265800 0.58568400 -0.18068800 0.79014200
0.08752400 0.03990200 -0.03607700 0.76965800 -0.18170200 -0.61205300 0.25418100 0.96660400 0.03267400 0.58567700 -0.18072000 0.79014000
0.08753400 0.03990200 -0.03607800 0.76963400 -0.18174100 -0.61207200 0.25421400 0.96659600 0.03264600 0.58569400 -0.18072300 0.79012600
0.08754000 0.03990200 -0.03607800 0.76954600 -0.18187500 -0.61214200 0.25433000 0.96656900 0.03254800 0.58575800 -0.18073300 0.79007600
0.08754000 0.03990200 -0.03607800 0.76954600 -0.18187500 -0.61214200 0.25433000 0.96656900 0.03254800 0.58575800 -0.18073300 0.79007600
0.08754000 0.03989800 -0.03607500 0.76955500 -0.18186300 -0.61213500 0.25433400 0.96656700 0.03257800 0.58574500 -0.18075700 0.79008100
0.08754000 0.03989400 -0.03607100 0.76956400 -0.18185100 -0.61212700 0.25433900 0.96656400 0.03260800 0.58573100 -0.18078200 0.79008500
0.08754000 0.03989000 -0.03606800 0.76957200 -0.18183900 -0.61212000 0.25434400 0.96656200 0.03263800 0.58571800 -0.18080600 0.79009000
0.08754000 0.03988600 -0.03606500 0.76950600 -0.18194100 -0.61217300 0.25444800 0.96653600 0.03258400 0.58576000 -0.18084000 0.79005100
0.08754000 0.03988600 -0.03606500 0.76950600 -0.18194100 -0.61217300 0.25444800 0.96653600 0.03258400 0.58576000 -0.18084000 0.79005100
0.08754600 0.03988100 -0.03606200 0.76950300 -0.18194800 -0.61217500 0.25447000 0.96653000 0.03259900 0.58575500 -0.18086500 0.79004900
0.08755700 0.03988100 -0.03606200 0.76947900 -0.18198700 -0.61219300 0.25450300 0.96652200 0.03257100 0.58577200 -0.18086800 0.79003500
0.08757300 0.03987700 -0.03606000 0.76945100 -0.18203400 -0.61221500 0.25455800 0.96650800 0.03255800 0.58578400 -0.18089600 0.79002000
0.08758900 0.03987300 -0.03605700 0.77039000 -0.17767100 -0.61231600 0.24897500 0.96796800 0.03238200 0.58694900 -0.17739800 0.78994800
0.08759500 0.03987200 -0.03605700 0.77045100 -0.17758100 -0.61226500 0.24889900 0.96798500 0.03245200 0.58690100 -0.17739400 0.78998500
0.08760000 0.03986700 -0.03604800 0.77044500 -0.17759500 -0.61226800 0.24894200 0.96797200 0.03248500 0.58689000 -0.17744800 0.78998100
0.08760000 0.03986400 -0.03604500 0.77045300 -0.17758400 -0.61226100 0.24894900 0.96797000 0.03251500 0.58687700 -0.17747300 0.78998500
0.08759500 0.03986000 -0.03604100 0.77040000 -0.17766700 -0.61230500 0.24903600 0.96794900 0.03247600 0.58691000 -0.17750500 0.78995300
0.08760000 0.03985900 -0.03604100 0.77038800 -0.17768600 -0.61231400 0.24905300 0.96794500 0.03246200 0.58691900 -0.17750700 0.78994700
0.08760600 0.03985900 -0.03604200 0.77037600 -0.17770600 -0.61232400 0.24906900 0.96794100 0.03244700 0.58692800 -0.17750800 0.78994000
0.08761100 0.03985900 -0.03604200 0.77036400 -0.17772500 -0.61233300 0.24908600 0.96793700 0.03243300 0.58693600 -0.17750900 0.78993300
0.08761700 0.03985900 -0.03604200 0.77027800 -0.17786000 -0.61240200 0.24920100 0.96791100 0.03233500 0.58700100 -0.17751900 0.78988300
0.08761100 0.03985900 -0.03604200 0.77028900 -0.17784000 -0.61239300 0.24918500 0.96791500 0.03234900 0.58699200 -0.17751800 0.78989000
0.08761100 0.03985900 -0.03604200 0.77028900 -0.17784000 -0.61239300 0.24918500 0.96791500 0.03234900 0.58699200 -0.17751800 0.78989000
0.08761700 0.03985900 -0.03604200 0.77027700 -0.17786000 -0.61240200 0.24920200 0.96791100 0.03233500 0.58700100 -0.17751900 0.78988300
0.08761700 0.03985600 -0.03604500 0.77123000 -0.17342500 -0.61247500 0.24353400 0.96935700 0.03218200 0.58812700 -0.17397900 0.78983300
0.08761700 0.03985500 -0.03603900 0.77122700 -0.17343700 -0.61247600 0.24356400 0.96934900 0.03220100 0.58811900 -0.17401200 0.78983200
0.08761700 0.03985500 -0.03603900 0.77122600 -0.17344000 -0.61247600 0.24356800 0.96934800 0.03220200 0.58811800 -0.17401500 0.78983200
0.08762200 0.03985100 -0.03603600 0.77123300 -0.17343100 -0.61247000 0.24357500 0.96934600 0.03223000 0.58810600 -0.17403900 0.78983600
0.08762800 0.03984700 -0.03603300 0.77114500 -0.17357100 -0.61254000 0.24371300 0.96931400 0.03214900 0.58816400 -0.17407600 0.78978400
0.08763300 0.03984700 -0.03603300 0.77113300 -0.17359100 -0.61255000 0.24372900 0.96931000 0.03213500 0.58817300 -0.17407700 0.78977700
0.08763300 0.03984300 -0.03603000 0.77114200 -0.17357900 -0.61254300 0.24373400 0.96930800 0.03216500 0.58816000 -0.17410200 0.78978200
0.08763300 0.03983900 -0.03603300 0.77115200 -0.17356300 -0.61253400 0.24372100 0.96931100 0.03217700 0.58815100 -0.17410100 0.78978800
0.08763900 0.03983900 -0.03603300 0.77114100 -0.17358300 -0.61254300 0.24373800 0.96930700 0.03216300 0.58816000 -0.17410200 0.78978100
0.08765000 0.03983900 -0.03603400 0.77104300 -0.17373700 -0.61262200 0.24387000 0.96927800 0.03205100 0.58823300 -0.17411300 0.78972500
0.08765000 0.03983900 -0.03603400 0.77104300 -0.17373700 -0.61262200 0.24387000 0.96927800 0.03205100 0.58823300 -0.17411300 0.78972500
0.08765500 0.03983900 -0.03603400 0.77103100 -0.17375700 -0.61263200 0.24388700 0.96927400 0.03203700 0.58824200 -0.17411400 0.78971800
0.08765500 0.03983500 -0.03603100 0.77104000 -0.17374400 -0.61262400 0.24389200 0.96927100 0.03206600 0.58822800 -0.17413900 0.78972200
0.08765500 0.03983500 -0.03603100 0.77104000 -0.17374400 -0.61262400 0.24389200 0.96927100 0.03206600 0.58822900 -0.17413900 0.78972200
0.08765500 0.03983500 -0.03603100 0.77096600 -0.17385900 -0.61268500 0.24399000 0.96924900 0.03198300 0.58828400 -0.17414700 0.78967900
0.08765500 0.03983800 -0.03602700 0.77095500 -0.17387600 -0.61269300 0.24400500 0.96924600 0.03197100 0.58829200 -0.17414800 0.78967300
0.08765500 0.03983800 -0.03602700 0.77102900 -0.17376200 -0.61263300 0.24390700 0.96926800 0.03205400 0.58823600 -0.17414000 0.78971600
0.08765500 0.03983800 -0.03602700 0.77102900 -0.17376200 -0.61263300 0.24390700 0.96926800 0.03205400 0.58823600 -0.17414000 0.78971600
0.08765500 0.03983800 -0.03602700 0.77102900 -0.17376200 -0.61263300 0.24390700 0.96926800 0.03205400 0.58823600 -0.17414000 0.78971600
0.08765500 0.03983800 -0.03602700 0.77095500 -0.17387600 -0.61269300 0.24400500 0.96924600 0.03197100 0.58829200 -0.17414800 0.78967300
0.08765500 0.03983800 -0.03602700 0.77095500 -0.17387600 -0.61269300 0.24400500 0.96924600 0.03197100 0.58829200 -0.17414800 0.78967300
0.08765500 0.03983800 -0.03602700 0.77095500 -0.17387600 -0.61269300 0.24400500 0.96924600 0.03197100 0.58829200 -0.17414800 0.78967300
0.08765500 0.03983500 -0.03603100 0.77096600 -0.17386100 -0.61268500 0.24399200 0.96924900 0.03198300 0.58828400 -0.17414800 0.78967900
0.08765500 0.03983500 -0.03603100 0.77096600 -0.17386100 -0.61268400 0.24399200 0.96924900 0.03198300 0.58828400 -0.17414800 0.78967900
0.08765500 0.03983500 -0.03603100 0.77096600 -0.17386100 -0.61268500 0.24399200 0.96924900 0.03198300 0.58828400 -0.17414800 0.78967900
0.08765500 0.03983400 -0.03602400 0.77096400 -0.17386600 -0.61268600 0.24401200 0.96924300 0.03200100 0.58827900 -0.17417400 0.78967700
0.08765500 0.03983400 -0.03602400 0.77096400 -0.17386600 -0.61268600 0.24401200 0.96924300 0.03200100 0.58827900 -0.17417400 0.78967700
0.08765500 0.03983000 -0.03602100 0.77097200 -0.17385300 -0.61267800 0.24401700 0.96924100 0.03203000 0.58826500 -0.17419800 0.78968200
0.08765600 0.03983000 -0.03601500 0.77097000 -0.17385800 -0.61268000 0.24403700 0.96923500 0.03204800 0.58826000 -0.17422400 0.78968000
0.08765600 0.03982200 -0.03600800 0.77098700 -0.17383400 -0.61266500 0.24404600 0.96923100 0.03210800 0.58823300 -0.17427300 0.78968900
0.08765100 0.03981700 -0.03599800 0.77100600 -0.17380700 -0.61264900 0.24405400 0.96922700 0.03217000 0.58820600 -0.17432200 0.78969900
0.08765100 0.03981700 -0.03599800 0.77100600 -0.17380700 -0.61264900 0.24405400 0.96922700 0.03217000 0.58820600 -0.17432200 0.78969800
0.08765600 0.03981300 -0.03599500 0.77100200 -0.17381400 -0.61265200 0.24407500 0.96922100 0.03218500 0.58820100 -0.17434800 0.78969600
0.08765600 0.03980900 -0.03599200 0.77101100 -0.17380200 -0.61264400 0.24408000 0.96921900 0.03221500 0.58818800 -0.17437300 0.78970100
0.08765600 0.03980500 -0.03598900 0.77094600 -0.17390400 -0.61269700 0.24418300 0.96919400 0.03216100 0.58823000 -0.17440500 0.78966200
0.08765600 0.03978900 -0.03597600 0.77098100 -0.17385500 -0.61266700 0.24420200 0.96918600 0.03228100 0.58817700 -0.17450300 0.78968000
0.08765700 0.03976000 -0.03595300 0.77096700 -0.17388400 -0.61267600 0.24433500 0.96914800 0.03240600 0.58813900 -0.17468200 0.78966800
0.08765800 0.03972800 -0.03592000 0.77202700 -0.16925300 -0.61263900 0.23863400 0.97056200 0.03258200 0.58909000 -0.17135100 0.78968900
0.08765800 0.03970700 -0.03590400 0.77199600 -0.16931100 -0.61266200 0.23876200 0.97052800 0.03264900 0.58907900 -0.17148500 0.78966900
0.08765900 0.03965500 -0.03586100 0.77299900 -0.16472600 -0.61264700 0.23316200 0.97188100 0.03287400 0.59000600 -0.16825700 0.78967100
0.08766500 0.03959100 -0.03581500 0.77475700 -0.15579400 -0.61276200 0.22198700 0.97449300 0.03290900 0.59200600 -0.16152200 0.78958100
0.08766600 0.03954800 -0.03578600 0.77566400 -0.15121500 -0.61276300 0.21633600 0.97575900 0.03305600 0.59291000 -0.15820300 0.78957400
0.08766700 0.03946000 -0.03572000 0.77724900 -0.14258000 -0.61282400 0.20566600 0.97805500 0.03329200 0.59462900 -0.15191300 0.78951700
0.08768900 0.03934900 -0.03566200 0.77708200 -0.13095000 -0.61562500 0.18821100 0.98170700 0.02875300 0.60059900 -0.13821100 0.78751400
0.08770000 0.03927900 -0.03563700 0.77733200 -0.12292000 -0.61696300 0.17666800 0.98391100 0.02656000 0.60377300 -0.12964300 0.78654200
0.08772600 0.03909100 -0.03558800 0.77448100 -0.11070400 -0.62283400 0.15469800 0.98781800 0.01678700 0.61338900 -0.10935300 0.78217300
0.08776600 0.03883300 -0.03554900 0.77498600 -0.09510500 -0.62478100 0.12516900 0.99212600 0.00424000 0.61945800 -0.08148900 0.78078800
0.08779000 0.03848900 -0.03549900 0.77476500 -0.08462900 -0.62655800 0.10177400 0.99477100 -0.00851500 0.62400300 -0.05717000 0.77932700
0.08780400 0.03827600 -0.03545900 0.77374700 -0.07928500 -0.62851200 0.09335700 0.99557500 -0.01065900 0.62657600 -0.05042900 0.77772600
0.08780500 0.03779400 -0.03535500 0.77018000 -0.06089300 -0.63491200 0.06203700 0.99786400 -0.02044900 0.63480200 -0.02363900 0.77231300
0.08778500 0.03721500 -0.03520800 0.76276000 -0.04999800 -0.64474600 0.03354000 0.99872300 -0.03776900 0.64581100 0.00718400 0.76346300
0.08778800 0.03644800 -0.03506200 0.75008600 -0.04348800 -0.65990700 -0.00176100 0.99770000 -0.06775100 0.66133600 0.05198100 0.74828400
0.08778800 0.03596100 -0.03500100 0.74556300 -0.04376700 -0.66499500 -0.01724000 0.99624000 -0.08489700 0.66621100 0.07476000 0.74200500
0.08782300 0.03473400 -0.03496600 0.73880000 -0.03578600 -0.67297300 -0.05571300 0.99192700 -0.11390900 0.67161700 0.12165000 0.73084200
0.08778500 0.03316700 -0.03507200 0.74300000 -0.02554700 -0.66880200 -0.08843000 0.98676300 -0.13593300 0.66342200 0.16014100 0.73090600
0.08769200 0.03228100 -0.03517500 0.74817100 -0.01990800 -0.66320600 -0.10226300 0.98414600 -0.14490700 0.65557700 0.17623700 0.73427400
0.08742500 0.03038900 -0.03549100 0.76106000 -0.00800800 -0.64863100 -0.12696300 0.97874400 -0.16105400 0.63613400 0.20492400 0.74386600
0.08724300 0.02861600 -0.03591000 0.76905100 0.00014800 -0.63918700 -0.14842800 0.97270600 -0.17835800 0.62171500 0.23204000 0.74808200
0.08714200 0.02775500 -0.03614600 0.76865500 0.00264700 -0.63965600 -0.16044000 0.96882300 -0.18878700 0.61921400 0.24773800 0.74511600
0.08688800 0.02617400 -0.03665100 0.76370000 0.01242100 -0.64545100 -0.19718400 0.95652200 -0.21490100 0.61471900 0.29139200 0.73294500
0.08659000 0.02481100 -0.03726900 0.75421100 0.01044800 -0.65654800 -0.22323200 0.94439800 -0.24141000 0.61752100 0.32863700 0.71460800
0.08631900 0.02374300 -0.03800800 0.73859700 0.02635900 -0.67363000 -0.26133300 0.93229600 -0.25005700 0.62143200 0.36073400 0.69548000
0.08619200 0.02327800 -0.03839900 0.72621400 0.04452300 -0.68602500 -0.28933400 0.92501100 -0.24625000 0.62361700 0.37732000 0.68463800
0.08590600 0.02243300 -0.03927100 0.69145500 0.09152400 -0.71659800 -0.34328100 0.91442300 -0.21444600 0.63564700 0.39427400 0.66370100
0.08555300 0.02168100 -0.04016100 0.64963000 0.11356500 -0.75171900 -0.37435400 0.90838100 -0.18628100 0.66169300 0.40242300 0.63262600
0.08535800 0.02131300 -0.04061900 0.62959500 0.12064800 -0.76749700 -0.38450900 0.90678800 -0.17287700 0.67510100 0.40395300 0.61730000
0.08483500 0.02060800 -0.04154600 0.59595400 0.13841300 -0.79099900 -0.38568000 0.91331800 -0.13076200 0.70433500 0.38300100 0.59767900
0.08393100 0.02007600 -0.04234800 0.57237900 0.17652100 -0.80076300 -0.39061600 0.91732800 -0.07699300 0.72097200 0.35686100 0.59401100
