0.08769200 0.04016900 -0.02066200 0.81188400 -0.34171600 -0.47336400 0.43929600 0.89160400 0.10981400 0.38452900 -0.29710300 0.87399400
0.08769200 0.04016900 -0.02066200 0.81188400 -0.34171600 -0.47336400 0.43929600 0.89160400 0.10981400 0.38452900 -0.29710300 0.87399400
0.08769200 0.04016900 -0.02066200 0.81188400 -0.34171600 -0.47336400 0.43929600 0.89160400 0.10981400 0.38452900 -0.29710300 0.87399400
0.08769100 0.04017700 -0.02067500 0.81385900 -0.33694600 -0.47339100 0.43398700 0.89422300 0.10963300 0.38637700 -0.29467100 0.87400200
0.08769600 0.04020000 -0.02070900 0.82106500 -0.31660600 -0.47498600 0.41244600 0.90429300 0.11019300 0.39463900 -0.28638100 0.87306600
0.08770900 0.04024200 -0.02079300 0.83623400 -0.27012200 -0.47722700 0.36392900 0.92436300 0.11449200 0.41020400 -0.26941900 0.87128900
0.08771600 0.04026900 -0.02087000 0.84037100 -0.25121000 -0.48027900 0.34490900 0.93139800 0.11633700 0.41810600 -0.26341900 0.86936500
0.08771300 0.04031800 -0.02107800 0.84555000 -0.22061500 -0.48618100 0.31487000 0.94146600 0.12040200 0.43116100 -0.25489000 0.86552300
0.08770400 0.04035100 -0.02130500 0.84619100 -0.20560200 -0.49161600 0.30181300 0.94524500 0.12417500 0.43916800 -0.25345200 0.86191100
0.08769900 0.04036200 -0.02142000 0.84543700 -0.20380000 -0.49366000 0.30114800 0.94528200 0.12549800 0.44107200 -0.25476600 0.86055100
0.08769400 0.04038000 -0.02165300 0.84806900 -0.18715700 -0.49573100 0.28343600 0.95068100 0.12596900 0.44770700 -0.24733900 0.85929100
0.08768400 0.04040100 -0.02190300 0.84733700 -0.18556500 -0.49757800 0.28257800 0.95085300 0.12659900 0.44963200 -0.24787700 0.85813000
0.08768300 0.04041600 -0.02204000 0.84640600 -0.18392600 -0.49976700 0.28208500 0.95083700 0.12781100 0.45169000 -0.24915700 0.85667700
0.08768300 0.04045200 -0.02229900 0.84571700 -0.18274000 -0.50136600 0.28140100 0.95100800 0.12804600 0.45340400 -0.24937600 0.85570700
0.08768900 0.04049600 -0.02254500 0.84554700 -0.18258700 -0.50170700 0.28088400 0.95127600 0.12718500 0.45404000 -0.24846300 0.85563600
0.08772100 0.04056400 -0.02279200 0.84533500 -0.18293000 -0.50194000 0.28068100 0.95150200 0.12593400 0.45456100 -0.24734200 0.85568400
0.08774800 0.04061100 -0.02291900 0.84443000 -0.18164300 -0.50392700 0.28034300 0.95148700 0.12680300 0.45644700 -0.24834900 0.85438700
0.08783900 0.04073200 -0.02319800 0.84317100 -0.18010600 -0.50658000 0.27966700 0.95164000 0.12714900 0.45918200 -0.24888200 0.85276500
0.08798100 0.04089300 -0.02351800 0.84117600 -0.17723500 -0.51089000 0.27861900 0.95175700 0.12856500 0.46345700 -0.25048900 0.84997700
0.08805500 0.04099000 -0.02369200 0.83928300 -0.17412400 -0.51505600 0.27777500 0.95168500 0.13090000 0.46737900 -0.25293200 0.84710100
0.08822700 0.04120100 -0.02406500 0.83846200 -0.16601300 -0.51905600 0.27053800 0.95361400 0.13201500 0.47306400 -0.25111400 0.84448200
0.08839200 0.04142400 -0.02448700 0.83696400 -0.16049700 -0.52319200 0.26842500 0.95352300 0.13689800 0.47690400 -0.25501700 0.84114600
0.08855500 0.04166900 -0.02498300 0.83758100 -0.15518300 -0.52380800 0.26578300 0.95343700 0.14252900 0.47730100 -0.25859900 0.83982600
0.08863500 0.04180900 -0.02527300 0.83772700 -0.15214200 -0.52446500 0.26424800 0.95341500 0.14550600 0.47789600 -0.26048300 0.83890600
0.08877600 0.04213900 -0.02593000 0.83913800 -0.14817300 -0.52334500 0.26130100 0.95369400 0.14895800 0.47704000 -0.26174700 0.83899900
0.08888400 0.04252300 -0.02666700 0.84000400 -0.14324300 -0.52332900 0.25798500 0.95395900 0.15298400 0.47732100 -0.26351900 0.83828400
0.08891900 0.04272100 -0.02704100 0.83996900 -0.14031600 -0.52417700 0.25627500 0.95404900 0.15528000 0.47830300 -0.26476400 0.83733200
0.08896900 0.04306600 -0.02774200 0.84003500 -0.13102400 -0.52647100 0.24783000 0.95590800 0.15753800 0.48261700 -0.26281300 0.83546900
0.08898000 0.04333400 -0.02835500 0.83780300 -0.12249600 -0.53205200 0.24398200 0.95578700 0.16413600 0.48842300 -0.26732500 0.83064900
0.08895800 0.04350900 -0.02881800 0.83444200 -0.11481300 -0.53900100 0.24077200 0.95572500 0.16916600 0.49571400 -0.27093600 0.82514200
0.08894200 0.04355600 -0.02898400 0.83336000 -0.10626000 -0.54241800 0.23381500 0.95699000 0.17175300 0.50083900 -0.26995800 0.82236300
0.08890200 0.04359800 -0.02919300 0.83064900 -0.10082700 -0.54759000 0.23210700 0.95664500 0.17594100 0.50611000 -0.27324500 0.81803900
0.08886900 0.04359800 -0.02924500 0.82971600 -0.09296200 -0.55038800 0.22564800 0.95773400 0.17840200 0.51054200 -0.27221700 0.81562400
0.08886900 0.04359700 -0.02923200 0.82928900 -0.09256800 -0.55109800 0.22572400 0.95763900 0.17881400 0.51120100 -0.27268500 0.81505500
0.08888700 0.04362100 -0.02918600 0.82906100 -0.09321600 -0.55133300 0.22631400 0.95757400 0.17841600 0.51131100 -0.27269200 0.81498400
0.08889400 0.04365800 -0.02916300 0.82862900 -0.09396600 -0.55185400 0.22705100 0.95749800 0.17788800 0.51168500 -0.27270200 0.81474600
0.08889500 0.04366500 -0.02915700 0.82841200 -0.09433600 -0.55211600 0.22742100 0.95745700 0.17763600 0.51187100 -0.27271800 0.81462400
0.08888900 0.04366200 -0.02915300 0.82810100 -0.09486700 -0.55249100 0.22796600 0.95739000 0.17729500 0.51213100 -0.27276700 0.81444300
0.08888900 0.04365800 -0.02915600 0.82843600 -0.09031800 -0.55275100 0.22260900 0.95870800 0.17698400 0.51394300 -0.26966700 0.81433400
0.08889500 0.04365700 -0.02915000 0.82822800 -0.09067800 -0.55300400 0.22298100 0.95866300 0.17676000 0.51411700 -0.26970700 0.81421100
0.08889500 0.04365300 -0.02914700 0.82817000 -0.09078000 -0.55307500 0.22309600 0.95864500 0.17671300 0.51416000 -0.26973700 0.81417400
0.08889500 0.04364900 -0.02914300 0.82798200 -0.09110400 -0.55330300 0.22343200 0.95860300 0.17651200 0.51431800 -0.26977400 0.81406200
0.08889000 0.04365200 -0.02912800 0.82835000 -0.08646100 -0.55349800 0.21799800 0.95989200 0.17630600 0.51605500 -0.26670400 0.81397500
0.08889600 0.04366100 -0.02911400 0.82824400 -0.08664900 -0.55362700 0.21819800 0.95986600 0.17620100 0.51614000 -0.26673800 0.81391000
0.08889700 0.04366400 -0.02910500 0.82823200 -0.08667300 -0.55364000 0.21823500 0.95985500 0.17620900 0.51614200 -0.26676600 0.81389900
0.08889700 0.04366000 -0.02908800 0.82816200 -0.08679500 -0.55372500 0.21839600 0.95982300 0.17618800 0.51618700 -0.26684400 0.81384500
0.08889800 0.04365400 -0.02907300 0.82852200 -0.08212300 -0.55390100 0.21293800 0.96107900 0.17602000 0.51788800 -0.26378300 0.81376200
0.08889800 0.04364700 -0.02906600 0.82852700 -0.08212000 -0.55389300 0.21296400 0.96106400 0.17606900 0.51786900 -0.26383700 0.81375700
0.08890300 0.04364500 -0.02906100 0.82846000 -0.08224100 -0.55397600 0.21309700 0.96104600 0.17600900 0.51792200 -0.26386800 0.81371400
0.08890900 0.04364900 -0.02905800 0.82882300 -0.07751600 -0.55411400 0.20754200 0.96229600 0.17581700 0.51959300 -0.26072300 0.81366200
0.08891400 0.04365200 -0.02905600 0.82874000 -0.07766900 -0.55421700 0.20769400 0.96228200 0.17571600 0.51966600 -0.26073100 0.81361300
0.08891900 0.04365200 -0.02905600 0.82872900 -0.07768800 -0.55423000 0.20771200 0.96228000 0.17570300 0.51967500 -0.26073100 0.81360700
0.08893000 0.04364800 -0.02906000 0.82865400 -0.07781900 -0.55432300 0.20784100 0.96226900 0.17561100 0.51974300 -0.26073200 0.81356300
0.08895100 0.04365200 -0.02906400 0.82902600 -0.07302900 -0.55441900 0.20220000 0.96350200 0.17543700 0.52137200 -0.25754600 0.81353500
0.08896100 0.04365100 -0.02906400 0.82894300 -0.07318000 -0.55452300 0.20234900 0.96348900 0.17533600 0.52144700 -0.25755100 0.81348600
0.08897700 0.04365100 -0.02906500 0.82891200 -0.07324600 -0.55456200 0.20241500 0.96348200 0.17529700 0.52147100 -0.25755800 0.81346800
0.08898700 0.04364800 -0.02906800 0.82890000 -0.07326800 -0.55457600 0.20243600 0.96348000 0.17528300 0.52148100 -0.25755800 0.81346100
0.08899300 0.04364800 -0.02906900 0.82889000 -0.07328600 -0.55458900 0.20245400 0.96347900 0.17527000 0.52149000 -0.25755800 0.81345500
0.08900300 0.04364300 -0.02906600 0.82887700 -0.07331200 -0.55460500 0.20249300 0.96347000 0.17527400 0.52149600 -0.25758400 0.81344300
0.08901400 0.04364300 -0.02906600 0.82879300 -0.07345900 -0.55471000 0.20263700 0.96345800 0.17517100 0.52157300 -0.25758500 0.81339400
0.08903500 0.04364600 -0.02906400 0.82913800 -0.06867400 -0.55480800 0.19700700 0.96465300 0.17501500 0.52317900 -0.25441300 0.81336100
0.08904000 0.04364200 -0.02906100 0.82913500 -0.06868500 -0.55481100 0.19703300 0.96464500 0.17503300 0.52317400 -0.25444300 0.81335500
0.08904600 0.04363800 -0.02905200 0.82906800 -0.06881400 -0.55489600 0.19718800 0.96462000 0.17499200 0.52322200 -0.25449900 0.81330600
0.08904100 0.04362600 -0.02904100 0.82903800 -0.06887100 -0.55493300 0.19728500 0.96459600 0.17501700 0.52323400 -0.25457600 0.81327400
0.08904100 0.04362200 -0.02903200 0.82941000 -0.06398800 -0.55496100 0.19158200 0.96575300 0.17497400 0.52476000 -0.25144600 0.81326500
0.08903600 0.04360900 -0.02901500 0.82944000 -0.06394700 -0.55492200 0.19160000 0.96572700 0.17509600 0.52470700 -0.25155400 0.81326500
0.08904200 0.04360500 -0.02900600 0.82937300 -0.06407400 -0.55500700 0.19175000 0.96570500 0.17505400 0.52475700 -0.25160800 0.81321700
0.08904200 0.04358900 -0.02899900 0.82940400 -0.06402300 -0.55496700 0.19174200 0.96568800 0.17515500 0.52471200 -0.25168500 0.81322200
0.08904200 0.04358500 -0.02899600 0.82941100 -0.06401200 -0.55495700 0.19174400 0.96568200 0.17518500 0.52470000 -0.25171000 0.81322200
0.08904200 0.04358100 -0.02899200 0.82935700 -0.06411100 -0.55502700 0.19185400 0.96566900 0.17513700 0.52474500 -0.25173600 0.81318500
0.08904800 0.04358100 -0.02899300 0.82928600 -0.06424000 -0.55511900 0.19198000 0.96566100 0.17504700 0.52481200 -0.25173600 0.81314100
0.08904700 0.04357800 -0.02899500 0.82929400 -0.06422400 -0.55510800 0.19196500 0.96566200 0.17505900 0.52480400 -0.25173600 0.81314700
0.08904700 0.04357700 -0.02899600 0.82923300 -0.06433500 -0.55518700 0.19207200 0.96565400 0.17498100 0.52486200 -0.25173600 0.81311000
0.08904700 0.04357400 -0.02899800 0.82918000 -0.06443000 -0.55525400 0.19216500 0.96564800 0.17491500 0.52491100 -0.25173700 0.81307800
0.08904700 0.04357400 -0.02899900 0.82905700 -0.06465100 -0.55541200 0.19238000 0.96563300 0.17476100 0.52502600 -0.25173700 0.81300300
0.08904700 0.04357400 -0.02899800 0.82905700 -0.06465100 -0.55541200 0.19238000 0.96563300 0.17476100 0.52502600 -0.25173700 0.81300300
0.08904700 0.04357400 -0.02899800 0.82939900 -0.05977900 -0.55544800 0.18665700 0.96677200 0.17467000 0.52655000 -0.24855000 0.81299800
0.08904700 0.04357400 -0.02899800 0.82933700 -0.05989600 -0.55552600 0.18677100 0.96676400 0.17459300 0.52660600 -0.24855300 0.81296100
0.08904700 0.04357800 -0.02899600 0.82932800 -0.05991300 -0.55553800 0.18678800 0.96676200 0.17458200 0.52661400 -0.24855400 0.81295500
0.08904700 0.04357800 -0.02899500 0.82926700 -0.06002400 -0.55561700 0.18689600 0.96675600 0.17450500 0.52667200 -0.24855400 0.81291800
0.08904700 0.04357800 -0.02899500 0.82943000 -0.05672900 -0.55572100 0.18299900 0.96752600 0.17436400 0.52778400 -0.24631900 0.81287700
0.08904700 0.04357400 -0.02899200 0.82946800 -0.05536300 -0.55580100 0.18138500 0.96784300 0.17429000 0.52828000 -0.24538200 0.81283800
0.08904700 0.04357400 -0.02899200 0.82946800 -0.05536800 -0.55580100 0.18139100 0.96784200 0.17429000 0.52827800 -0.24538500 0.81283800
0.08904700 0.04357400 -0.02899200 0.82940800 -0.05548100 -0.55588000 0.18150000 0.96783500 0.17421300 0.52833600 -0.24538600 0.81280100
0.08904800 0.04356600 -0.02898500 0.82936200 -0.05556900 -0.55594000 0.18161300 0.96781800 0.17419500 0.52837000 -0.24543700 0.81276300
0.08905300 0.04356200 -0.02898200 0.82935900 -0.05557600 -0.55594400 0.18163400 0.96781100 0.17421200 0.52836700 -0.24546300 0.81275700
0.08905300 0.04355800 -0.02897900 0.82930600 -0.05567600 -0.55601300 0.18174400 0.96779900 0.17416500 0.52841300 -0.24548800 0.81272000
0.08905300 0.04355000 -0.02897200 0.82932000 -0.05565200 -0.55599400 0.18174800 0.96778700 0.17422400 0.52838900 -0.24553900 0.81272000
0.08905300 0.04354600 -0.02896900 0.82926700 -0.05575200 -0.55606400 0.18185800 0.96777500 0.17417700 0.52843500 -0.24556400 0.81268300
0.08905400 0.04354100 -0.02895900 0.82956100 -0.05086600 -0.55609300 0.17613500 0.96884100 0.17413300 0.52990900 -0.24240100 0.81267200
0.08905400 0.04353700 -0.02895600 0.82950800 -0.05097500 -0.55616200 0.17625700 0.96882700 0.17408700 0.52995100 -0.24243500 0.81263400
0.08905400 0.04353300 -0.02895300 0.82945500 -0.05107800 -0.55623100 0.17637100 0.96881400 0.17404000 0.52999600 -0.24246200 0.81259700
0.08905400 0.04353300 -0.02895300 0.82945500 -0.05107800 -0.55623100 0.17637100 0.96881400 0.17404000 0.52999600 -0.24246200 0.81259700
0.08905900 0.04353000 -0.02895600 0.82939400 -0.05119300 -0.55631200 0.17648100 0.96880900 0.17396100 0.53005500 -0.24246100 0.81255900
0.08906900 0.04353000 -0.02896300 0.82957900 -0.04646200 -0.55645100 0.17086200 0.96985400 0.17374900 0.53160400 -0.23921500 0.81251000
0.08907400 0.04353100 -0.02896200 0.82956100 -0.04650200 -0.55647500 0.17090200 0.96985100 0.17372500 0.53162000 -0.23921800 0.81249800
0.08909000 0.04353000 -0.02896300 0.82948100 -0.04666100 -0.55658100 0.17105500 0.96984300 0.17362000 0.53169500 -0.23922100 0.81244800
0.08909500 0.04352600 -0.02896000 0.82837500 -0.04487300 -0.55837200 0.17071400 0.96959300 0.17534300 0.53352600 -0.24057200 0.81084700
0.08909600 0.04352900 -0.02895700 0.82861700 -0.04005100 -0.55837900 0.16497700 0.97061100 0.17520100 0.53495200 -0.23729500 0.81087300
0.08909600 0.04352900 -0.02895700 0.82861800 -0.04005700 -0.55837800 0.16498300 0.97061000 0.17520100 0.53495000 -0.23729800 0.81087400
0.08909600 0.04352800 -0.02895200 0.82861600 -0.04007100 -0.55838000 0.16501300 0.97060200 0.17522000 0.53494400 -0.23733000 0.81086800
0.08909600 0.04353300 -0.02895400 0.82880400 -0.03521600 -0.55842700 0.15926000 0.97158300 0.17510000 0.53639300 -0.23405900 0.81086200
0.08909600 0.04353300 -0.02895400 0.82874600 -0.03533300 -0.55850600 0.15937300 0.97157900 0.17502200 0.53644900 -0.23406000 0.81082400
0.08909600 0.04353300 -0.02895400 0.82868800 -0.03545600 -0.55858500 0.15949300 0.97157300 0.17494500 0.53650400 -0.23406500 0.81078700
0.08909600 0.04353300 -0.02895400 0.82758900 -0.03384500 -0.56031200 0.15928600 0.97130900 0.17659700 0.53825900 -0.23540000 0.80923600
0.08909600 0.04353300 -0.02895400 0.82757700 -0.03369400 -0.56033900 0.15913500 0.97132900 0.17662300 0.53832200 -0.23533900 0.80921200
0.08909500 0.04352900 -0.02895700 0.82759300 -0.03369000 -0.56031500 0.15912300 0.97133100 0.17662300 0.53830200 -0.23533100 0.80922800
0.08909600 0.04353300 -0.02896100 0.82758700 -0.03371100 -0.56032300 0.15912900 0.97133500 0.17659200 0.53830900 -0.23530800 0.80922900
0.08910100 0.04352900 -0.02895800 0.82752600 -0.03383100 -0.56040600 0.15925700 0.97132600 0.17653100 0.53836400 -0.23533200 0.80918600
0.08910100 0.04352900 -0.02895800 0.82768500 -0.02896300 -0.56044400 0.15349300 0.97226900 0.17643900 0.53979300 -0.23206100 0.80917900
0.08910100 0.04352900 -0.02895800 0.82768500 -0.02897300 -0.56044300 0.15350600 0.97226700 0.17644100 0.53978900 -0.23206800 0.80917900
0.08909600 0.04353300 -0.02895500 0.82762800 -0.02908900 -0.56052100 0.15361800 0.97226300 0.17636500 0.53984400 -0.23207100 0.80914200
0.08909600 0.04353300 -0.02895500 0.82762800 -0.02908900 -0.56052100 0.15361800 0.97226300 0.17636500 0.53984400 -0.23207100 0.80914200
0.08909600 0.04353300 -0.02895500 0.82762800 -0.02908900 -0.56052100 0.15361800 0.97226300 0.17636500 0.53984400 -0.23207100 0.80914100
0.08909600 0.04352900 -0.02895800 0.82647900 -0.02728000 -0.56230500 0.15325500 0.97200400 0.17809900 0.54170500 -0.23337200 0.80752300
0.08910100 0.04352200 -0.02895700 0.82651500 -0.02733500 -0.56224800 0.15327400 0.97200900 0.17805900 0.54164400 -0.23334600 0.80757000
0.08909600 0.04352500 -0.02895400 0.82652500 -0.02732200 -0.56223500 0.15326200 0.97200800 0.17807100 0.54163200 -0.23334900 0.80757700
0.08909600 0.04352900 -0.02895100 0.82651700 -0.02734000 -0.56224600 0.15327900 0.97200800 0.17806000 0.54164000 -0.23335000 0.80757200
0.08909000 0.04352900 -0.02895100 0.82646900 -0.02743400 -0.56231200 0.15336800 0.97200600 0.17799500 0.54168800 -0.23334800 0.80754000
0.08909000 0.04352900 -0.02895100 0.82646900 -0.02743400 -0.56231200 0.15336800 0.97200600 0.17799500 0.54168800 -0.23334800 0.80754000
0.08909000 0.04352900 -0.02895100 0.82641100 -0.02754600 -0.56239100 0.15347600 0.97200300 0.17791700 0.54174600 -0.23334600 0.80750200
0.08909100 0.04353200 -0.02894800 0.82640300 -0.02756400 -0.56240300 0.15349200 0.97200300 0.17790500 0.54175400 -0.23334600 0.80749700
0.08909100 0.04353200 -0.02894800 0.82634500 -0.02767600 -0.56248200 0.15359900 0.97200000 0.17782700 0.54181100 -0.23334400 0.80745900
0.08909100 0.04353600 -0.02895100 0.82633900 -0.02768800 -0.56249100 0.15359600 0.97200600 0.17779800 0.54182200 -0.23331800 0.80745900
0.08909000 0.04353600 -0.02895100 0.82633900 -0.02768800 -0.56249100 0.15359600 0.97200600 0.17779800 0.54182200 -0.23331800 0.80745900
0.08909100 0.04354000 -0.02894800 0.82627300 -0.02781800 -0.56258100 0.15372000 0.97200300 0.17770800 0.54188800 -0.23331600 0.80741600
0.08909100 0.04354000 -0.02894900 0.82627300 -0.02781800 -0.56258100 0.15372000 0.97200300 0.17770800 0.54188800 -0.23331600 0.80741600
0.08909100 0.04353600 -0.02895200 0.82628100 -0.02780200 -0.56257000 0.15370400 0.97200300 0.17772000 0.54187900 -0.23331600 0.80742100
0.08909100 0.04353600 -0.02895200 0.82622400 -0.02791500 -0.56264900 0.15381200 0.97200000 0.17764100 0.54193700 -0.23331400 0.80738300
0.08909100 0.04353600 -0.02894500 0.82622200 -0.02791900 -0.56265100 0.15383000 0.97199400 0.17766000 0.54193400 -0.23333900 0.80737800
0.08909100 0.04353600 -0.02894500 0.82622200 -0.02791900 -0.56265100 0.15383000 0.97199400 0.17766000 0.54193400 -0.23333900 0.80737800
0.08908600 0.04354200 -0.02894000 0.82621500 -0.02793300 -0.56266100 0.15384400 0.97199400 0.17765000 0.54194100 -0.23333900 0.80737300
0.08908600 0.04355000 -0.02893400 0.82614000 -0.02807900 -0.56276300 0.15398300 0.97199000 0.17755000 0.54201500 -0.23333700 0.80732400
0.08908700 0.04354900 -0.02892700 0.82613900 -0.02808400 -0.56276500 0.15400100 0.97198400 0.17756800 0.54201200 -0.23336200 0.80731900
0.08908700 0.04354800 -0.02892200 0.82620300 -0.02795900 -0.56267700 0.15389700 0.97198000 0.17767600 0.54194400 -0.23339100 0.80735600
0.08908700 0.04353700 -0.02892400 0.82621800 -0.02793100 -0.56265600 0.15388400 0.97197500 0.17771700 0.54192400 -0.23341700 0.80736200
0.08908700 0.04353300 -0.02892100 0.82616800 -0.02803200 -0.56272500 0.15399400 0.97196600 0.17766900 0.54197000 -0.23344100 0.80732400
0.08908700 0.04353200 -0.02891500 0.82616600 -0.02803700 -0.56272700 0.15401300 0.97196000 0.17768700 0.54196700 -0.23346600 0.80731900
0.08908700 0.04352000 -0.02889900 0.82624200 -0.02789200 -0.56262200 0.15393200 0.97193900 0.17787300 0.54187400 -0.23357100 0.80735100
0.08907200 0.04350000 -0.02886900 0.82636800 -0.02304100 -0.56265800 0.14827300 0.97280800 0.17793000 0.54325900 -0.23046300 0.80731300
0.08906300 0.04349400 -0.02884700 0.82638800 -0.02300800 -0.56262900 0.14829900 0.97278300 0.17804100 0.54322100 -0.23056900 0.80730900
0.08904900 0.04349300 -0.02879400 0.82639600 -0.02300700 -0.56261800 0.14841300 0.97273400 0.17821700 0.54317800 -0.23077700 0.80727800
0.08904600 0.04349600 -0.02874500 0.82637800 -0.02305200 -0.56264300 0.14855500 0.97269000 0.17833600 0.54316700 -0.23095600 0.80723400
0.08905200 0.04351400 -0.02873100 0.82632700 -0.02315300 -0.56271300 0.14865000 0.97268800 0.17826600 0.54321700 -0.23095300 0.80720100
0.08905200 0.04351400 -0.02873000 0.82632700 -0.02315300 -0.56271300 0.14865000 0.97268800 0.17826600 0.54321700 -0.23095300 0.80720100
0.08905200 0.04350600 -0.02873700 0.82634300 -0.02312100 -0.56269000 0.14861900 0.97268900 0.17828900 0.54320100 -0.23095500 0.80721200
0.08905200 0.04351000 -0.02873400 0.82633500 -0.02313700 -0.56270100 0.14863500 0.97268800 0.17827800 0.54320900 -0.23095400 0.80720600
0.08905200 0.04351300 -0.02873100 0.82632700 -0.02315300 -0.56271300 0.14865000 0.97268800 0.17826600 0.54321700 -0.23095400 0.80720100
0.08905200 0.04351200 -0.02873300 0.82633500 -0.02313700 -0.56270100 0.14863500 0.97268900 0.17827800 0.54320900 -0.23095400 0.80720600
0.08904600 0.04350600 -0.02873700 0.82635300 -0.02310200 -0.56267700 0.14860200 0.97268900 0.17830200 0.54319100 -0.23095500 0.80721800
0.08904600 0.04350600 -0.02873700 0.82635300 -0.02310200 -0.56267700 0.14860200 0.97268900 0.17830200 0.54319100 -0.23095500 0.80721800
0.08904600 0.04350600 -0.02873700 0.82635300 -0.02310200 -0.56267700 0.14860200 0.97268900 0.17830200 0.54319100 -0.23095500 0.80721800
0.08904600 0.04350600 -0.02873700 0.82629600 -0.02321500 -0.56275600 0.14870900 0.97268700 0.17822400 0.54324900 -0.23095300 0.80718000
0.08903600 0.04350200 -0.02873300 0.82632100 -0.02316500 -0.56272100 0.14867600 0.97268200 0.17828000 0.54321900 -0.23097900 0.80719200
0.08903100 0.04350300 -0.02873300 0.82633100 -0.02314600 -0.56270800 0.14865800 0.97268200 0.17829300 0.54321000 -0.23098000 0.80719800
0.08902000 0.04350300 -0.02873200 0.82634900 -0.02310800 -0.56268200 0.14862200 0.97268300 0.17831900 0.54319100 -0.23098100 0.80721100
0.08902000 0.04349900 -0.02873500 0.82630000 -0.02320500 -0.56275000 0.14871400 0.97268100 0.17825200 0.54324000 -0.23097900 0.80717800
0.08902500 0.04348700 -0.02874600 0.82626700 -0.02327300 -0.56279600 0.14877800 0.97268000 0.17820600 0.54327300 -0.23097800 0.80715600
0.08902900 0.04348300 -0.02875600 0.82626800 -0.02327200 -0.56279500 0.14876300 0.97268600 0.17818600 0.54327700 -0.23095300 0.80716100
0.08903400 0.04346300 -0.02877200 0.82625100 -0.02330700 -0.56281900 0.14879700 0.97268500 0.17816300 0.54329300 -0.23095300 0.80715000
0.08903200 0.04343700 -0.02879300 0.82626000 -0.02329100 -0.56280600 0.14878300 0.97268500 0.17817500 0.54328400 -0.23095500 0.80715600
0.08903100 0.04342500 -0.02881000 0.82622900 -0.02335200 -0.56284800 0.14882600 0.97268900 0.17811300 0.54331800 -0.23092900 0.80714000
0.08903500 0.04340100 -0.02885000 0.82623400 -0.02334100 -0.56284300 0.14877400 0.97270800 0.17805700 0.54332600 -0.23085300 0.80715700
0.08903800 0.04338300 -0.02889800 0.82622400 -0.02335400 -0.56285500 0.14871600 0.97273800 0.17794100 0.54335600 -0.23072500 0.80717300
0.08904500 0.04338200 -0.02897200 0.82623900 -0.02331100 -0.56283600 0.14852000 0.97280500 0.17773500 0.54338700 -0.23044400 0.80723200
0.08904900 0.04338600 -0.02901500 0.82618300 -0.02341300 -0.56291300 0.14851700 0.97284600 0.17751500 0.54347200 -0.23026200 0.80722700
0.08907600 0.04336900 -0.02910900 0.82624400 -0.01861400 -0.56300300 0.14263200 0.97379700 0.17712700 0.54495500 -0.22665300 0.80724900
0.08910300 0.04334000 -0.02921400 0.82307700 -0.00887700 -0.56785900 0.13578200 0.97395600 0.18158100 0.55145900 -0.22656000 0.80284600
0.08911100 0.04332300 -0.02927400 0.82158500 -0.00147800 -0.57008200 0.12924700 0.97444000 0.18374000 0.55524000 -0.22464000 0.80077700
0.08912100 0.04330500 -0.02940900 0.81581900 0.00937100 -0.57823000 0.12198500 0.97458300 0.18790100 0.56529500 -0.22382900 0.79394000
0.08911300 0.04327400 -0.02958100 0.80896700 0.01177800 -0.58773400 0.12105300 0.97503300 0.18615900 0.57525300 -0.22174300 0.78734500
0.08910800 0.04323600 -0.02968500 0.80675600 0.01755500 -0.59062300 0.11462400 0.97592100 0.18557600 0.57965900 -0.21741400 0.78531800
0.08909500 0.04310200 -0.02995600 0.79971600 0.02434300 -0.59988300 0.10807900 0.97701600 0.18372900 0.59056900 -0.21176600 0.77870500
0.08908800 0.04289500 -0.03031100 0.79531300 0.03462400 -0.60520800 0.09563800 0.97869700 0.18167100 0.59860500 -0.20236600 0.77506000
0.08905800 0.04261600 -0.03080100 0.79051500 0.03447000 -0.61147000 0.09451300 0.97958700 0.17740800 0.60510500 -0.19803600 0.77112200
0.08904400 0.04245900 -0.03107500 0.78609200 0.03534200 -0.61709600 0.09400400 0.97991400 0.17586900 0.61091800 -0.19625900 0.76698100
0.08901100 0.04206800 -0.03173300 0.77552500 0.03878500 -0.63012300 0.08709900 0.98199200 0.16764000 0.62527900 -0.18489200 0.75818200
0.08896600 0.04156200 -0.03250400 0.76437600 0.04337400 -0.64330900 0.07949500 0.98378200 0.16078600 0.63985000 -0.17404100 0.74853200
0.08894300 0.04125300 -0.03295300 0.75844800 0.04842800 -0.64992900 0.07256500 0.98475900 0.15805800 0.64767900 -0.16704100 0.74337500
0.08890000 0.04061600 -0.03390200 0.74881000 0.05361300 -0.66061100 0.06070200 0.98698500 0.14890700 0.65999800 -0.15160400 0.73581100
0.08883300 0.03991200 -0.03500800 0.74057900 0.05188100 -0.66996200 0.05886600 0.98817300 0.14159400 0.66938500 -0.14429900 0.72876600
0.08877300 0.03921600 -0.03619500 0.73309700 0.04422600 -0.67868300 0.06190700 0.98940100 0.13134400 0.67730000 -0.13830400 0.72259000
0.08873300 0.03889900 -0.03677900 0.72969400 0.04695400 -0.68215800 0.05774800 0.98984300 0.12990500 0.68132900 -0.13418400 0.71957100
0.08861900 0.03831700 -0.03800300 0.72275400 0.04870300 -0.68938500 0.05479700 0.99033400 0.12741400 0.68892800 -0.12986500 0.71310000
0.08845900 0.03786800 -0.03918500 0.71246500 0.05972300 -0.69916000 0.04437200 0.99054200 0.12982900 0.70030200 -0.12352200 0.70307700
0.08836100 0.03770500 -0.03974600 0.70620600 0.06673000 -0.70485400 0.03872600 0.99041700 0.13256500 0.70694500 -0.12091500 0.69685500
0.08808800 0.03751400 -0.04079100 0.69575300 0.07510900 -0.71434200 0.03297500 0.99012900 0.13622300 0.71752200 -0.11833300 0.68640900
0.08776000 0.03744500 -0.04170600 0.68438900 0.07954300 -0.72476400 0.03362100 0.98953000 0.14035000 0.72834100 -0.12042100 0.67454900
0.08740700 0.03744800 -0.04243600 0.67293100 0.08720900 -0.73454500 0.02878600 0.98918500 0.14381200 0.73914400 -0.11792000 0.66314300
0.08721000 0.03744800 -0.04274000 0.66817600 0.08823100 -0.73875300 0.02952900 0.98901600 0.14482800 0.74341700 -0.11858500 0.65823100
0.08680600 0.03738800 -0.04318300 0.65736300 0.08132900 -0.74917100 0.03294900 0.99010600 0.13639600 0.75285200 -0.11434500 0.64818000
0.08640500 0.03718900 -0.04344500 0.64575300 0.07228900 -0.76011500 0.03882600 0.99111100 0.12724200 0.76255700 -0.11167900 0.63720600
0.08620300 0.03705300 -0.04352200 0.64033500 0.06638200 -0.76522100 0.04242100 0.99168100 0.12152500 0.76692300 -0.11027800 0.63219200
0.08573900 0.03677200 -0.04363300 0.63000300 0.05761100 -0.77445200 0.04447200 0.99293100 0.11004000 0.77531700 -0.10376700 0.62298800
0.08523700 0.03653400 -0.04371400 0.61940100 0.05018300 -0.78346900 0.04542200 0.99399200 0.09957800 0.78375900 -0.09726500 0.61340000
0.08467300 0.03635200 -0.04378900 0.60279500 0.04779900 -0.79646200 0.04044400 0.99509000 0.09032900 0.79686900 -0.08666200 0.59790200
0.08440600 0.03627200 -0.04382300 0.59227600 0.04831300 -0.80428400 0.03402400 0.99581000 0.08487300 0.80501600 -0.07763300 0.58815100
0.08382500 0.03613300 -0.04390600 0.57256200 0.04688800 -0.81851900 0.03414900 0.99613200 0.08095000 0.81915000 -0.07430100 0.56874600
0.08319200 0.03598900 -0.04400300 0.55157600 0.04217100 -0.83305700 0.03683500 0.99651400 0.07483500 0.83331000 -0.07196300 0.54810000
0.08287200 0.03590200 -0.04405900 0.54070700 0.03925100 -0.84029400 0.03541000 0.99696300 0.06935400 0.84046400 -0.06725500 0.53767500
0.08230500 0.03568900 -0.04420900 0.52011000 0.03443800 -0.85340400 0.03234700 0.99767500 0.05997400 0.85348600 -0.05879900 0.51778700
0.08181200 0.03536600 -0.04442500 0.50345700 0.02298900 -0.86371300 0.03521100 0.99826900 0.04709600 0.86330100 -0.05412300 0.50177700
0.08161600 0.03514900 -0.04454800 0.49396900 0.01787000 -0.86929500 0.02775100 0.99895400 0.03630500 0.86903600 -0.04205700 0.49295700
0.08130500 0.03452500 -0.04488800 0.47780500 -0.00545200 -0.87844800 0.02561800 0.99964100 0.00773000 0.87809100 -0.02619700 0.47777400
0.08104800 0.03361800 -0.04534300 0.45930900 -0.03400000 -0.88762500 0.02619000 0.99935000 -0.02472800 0.88789000 -0.01189000 0.45990100
0.08079500 0.03244900 -0.04587300 0.43509600 -0.06157700 -0.89827500 0.02320600 0.99809300 -0.05718000 0.90008400 0.00403400 0.43569500
0.08065700 0.03177200 -0.04616200 0.42359400 -0.07572200 -0.90268100 0.02276000 0.99707400 -0.07296000 0.90556500 0.01036000 0.42407800
0.08030200 0.03043400 -0.04678900 0.39484800 -0.10821700 -0.91235000 0.02108000 0.99384400 -0.10876100 0.91850400 0.02371200 0.39469900
0.07979800 0.02918000 -0.04739500 0.37104900 -0.13873500 -0.91819000 0.01896800 0.98970200 -0.14187500 0.92841800 0.03522700 0.36986000
0.07947900 0.02858700 -0.04768800 0.36547200 -0.15027300 -0.91861100 0.02411700 0.98807900 -0.15204200 0.93050900 0.03341300 0.36473900
0.07869000 0.02754000 -0.04818800 0.35274600 -0.16252300 -0.92149600 0.03078200 0.98628200 -0.16216500 0.93521200 0.02883800 0.35291000
0.07781900 0.02653700 -0.04860100 0.34758900 -0.16669000 -0.92271000 0.03470800 0.98568300 -0.16499200 0.93700300 0.02532400 0.34839800
0.07692000 0.02551100 -0.04894200 0.34188000 -0.16600500 -0.92496400 0.03662400 0.98587900 -0.16340100 0.93902900 0.02198800 0.34313200
0.07649400 0.02497000 -0.04908500 0.33864000 -0.16600300 -0.92615600 0.03745500 0.98591100 -0.16301800 0.94016900 0.02051500 0.34008700
0.07574500 0.02383800 -0.04931000 0.32508600 -0.17939600 -0.92851200 0.03895700 0.98354800 -0.17639000 0.94488100 0.02117000 0.32672700
0.07514800 0.02273000 -0.04942900 0.31264700 -0.20263300 -0.92800300 0.04212900 0.97897700 -0.19957000 0.94893400 0.02329900 0.31461100
0.07492600 0.02227800 -0.04943800 0.30966900 -0.20831100 -0.92774500 0.04446700 0.97781200 -0.20471000 0.94980300 0.02213800 0.31206100
0.07455000 0.02148400 -0.04934800 0.30708700 -0.21366300 -0.92738600 0.04927700 0.97673400 -0.20871600 0.95040400 0.01839500 0.31047100
0.07427000 0.02094700 -0.04921700 0.30547900 -0.21193100 -0.92831300 0.05130500 0.97716300 -0.20620100 0.95081400 0.01536300 0.30937600
0.07414800 0.02065400 -0.04912400 0.30518400 -0.21154900 -0.92849800 0.05799900 0.97733200 -0.20361200 0.95052500 0.00828800 0.31053500
0.07412900 0.02062500 -0.04911000 0.30687900 -0.20866700 -0.92859100 0.05827700 0.97795800 -0.20050100 0.94996200 0.00741400 0.31227400
0.07414600 0.02067600 -0.04908700 0.30490800 -0.20571500 -0.92989900 0.06994200 0.97859300 -0.19355300 0.94980900 -0.00602300 0.31276900
0.07420800 0.02068700 -0.04908000 0.30810800 -0.20031800 -0.93002100 0.08272900 0.97951800 -0.18357200 0.94774600 -0.02037900 0.31836900
0.07423700 0.02068300 -0.04908500 0.30617900 -0.19871400 -0.93100200 0.08860800 0.97967400 -0.17996200 0.94784100 -0.02739300 0.31756300
0.07425300 0.02067200 -0.04910600 0.30230500 -0.19876100 -0.93225700 0.09415600 0.97946100 -0.17829300 0.94854900 -0.03387800 0.31481100
0.07423300 0.02068300 -0.04914400 0.29444200 -0.20021000 -0.93446100 0.10923100 0.97845100 -0.17521700 0.94940500 -0.05048100 0.30996500
0.07418000 0.02075900 -0.04919900 0.28780400 -0.19577400 -0.93746400 0.11601100 0.97880000 -0.16879000 0.95063600 -0.06017800 0.30441500
0.07414500 0.02081200 -0.04923300 0.28479000 -0.19423000 -0.93870500 0.11554800 0.97907200 -0.16752700 0.95160000 -0.06075500 0.30127300
0.07406900 0.02090900 -0.04929500 0.27814800 -0.18375600 -0.94279700 0.11475500 0.98085700 -0.15731900 0.95365800 -0.06443300 0.29391000
0.07397000 0.02100600 -0.04934100 0.26819200 -0.17399000 -0.94752300 0.11980700 0.98194300 -0.14640000 0.95588600 -0.07425700 0.28419400
0.07391200 0.02105700 -0.04936100 0.26308600 -0.16821800 -0.94999300 0.11948300 0.98278100 -0.14093500 0.95734400 -0.07643000 0.27865500
0.07381700 0.02111200 -0.04938400 0.24766900 -0.16275900 -0.95507500 0.12470100 0.98294300 -0.13517100 0.96078500 -0.08562200 0.26374100
0.07373800 0.02112800 -0.04940700 0.23280900 -0.15648700 -0.95984900 0.12439100 0.98365400 -0.13019700 0.96453400 -0.08908500 0.24846900
0.07369000 0.02117700 -0.04945500 0.22247300 -0.15258900 -0.96292300 0.12405500 0.98407700 -0.12728000 0.96701300 -0.09113900 0.23786100
0.07367200 0.02120400 -0.04948800 0.21893500 -0.15083900 -0.96400900 0.12378000 0.98429000 -0.12590100 0.96785500 -0.09176100 0.23416600
0.07366900 0.02126400 -0.04957900 0.21613100 -0.14887900 -0.96494600 0.12314100 0.98457000 -0.12432500 0.96856700 -0.09195400 0.23112900
0.07369800 0.02133900 -0.04968500 0.21488600 -0.14744500 -0.96544400 0.12237700 0.98481100 -0.12316500 0.96894100 -0.09168200 0.22966600
0.07372100 0.02137700 -0.04973800 0.21509300 -0.14714600 -0.96544400 0.12200400 0.98488700 -0.12292800 0.96894200 -0.09134700 0.22979500
0.07377300 0.02144500 -0.04983500 0.21470400 -0.14759700 -0.96546100 0.12714000 0.98432700 -0.12220700 0.96836800 -0.09651000 0.23010400
0.07382700 0.02152200 -0.04992000 0.21510700 -0.14690500 -0.96547700 0.12643200 0.98449000 -0.12162900 0.96837100 -0.09590400 0.23034400
0.07387700 0.02165000 -0.05001700 0.21683500 -0.14425600 -0.96549000 0.12573700 0.98491000 -0.11891900 0.96807600 -0.09561200 0.23170100
0.07390200 0.02171700 -0.05008200 0.21666300 -0.14444200 -0.96550100 0.12530900 0.98492700 -0.11922800 0.96817000 -0.09515300 0.23149700
0.07395700 0.02186300 -0.05021400 0.21946100 -0.14022900 -0.96549000 0.12474200 0.98552600 -0.11478500 0.96761300 -0.09524600 0.23377700
0.07400700 0.02202600 -0.05035800 0.21784200 -0.13680500 -0.96634700 0.12380700 0.98600100 -0.11167700 0.96809900 -0.09531300 0.23173000
0.07402500 0.02208500 -0.05041700 0.21792100 -0.13707300 -0.96629100 0.12345900 0.98600500 -0.11202700 0.96812500 -0.09488400 0.23179400
0.07404700 0.02212900 -0.05049500 0.21535300 -0.13544200 -0.96709700 0.12293900 0.98621500 -0.11074300 0.96876600 -0.09504500 0.22903600
0.07410100 0.02205800 -0.05051000 0.21565500 -0.13545200 -0.96702900 0.12316300 0.98619500 -0.11067000 0.96867000 -0.09523600 0.22936000
0.07421300 0.02190800 -0.05048900 0.21586100 -0.13526600 -0.96700800 0.12375900 0.98616000 -0.11031900 0.96854900 -0.09586200 0.22961400
0.07431000 0.02181100 -0.05047800 0.21842200 -0.13726000 -0.96615200 0.12435000 0.98590100 -0.11195300 0.96789800 -0.09568700 0.23241100
0.07459400 0.02162100 -0.05046400 0.21797300 -0.13749400 -0.96622000 0.12515300 0.98579000 -0.11204500 0.96789600 -0.09650300 0.23208400
0.07503700 0.02145300 -0.05044600 0.22244400 -0.14185400 -0.96457000 0.12630900 0.98521300 -0.11576100 0.96672800 -0.09608400 0.23707200
0.07530000 0.02139300 -0.05043500 0.22396900 -0.14430800 -0.96385200 0.12688100 0.98487700 -0.11797200 0.96630100 -0.09587200 0.23889200
0.07592300 0.02131700 -0.05043100 0.22976000 -0.15179500 -0.96133600 0.12811300 0.98388400 -0.12473600 0.96477700 -0.09450000 0.24550400
0.07659600 0.02125200 -0.05041400 0.23879300 -0.16194600 -0.95747100 0.12973400 0.98247700 -0.13382000 0.96236500 -0.09226100 0.25561800
0.07729400 0.02117800 -0.05037500 0.25314400 -0.17732800 -0.95103700 0.13237600 0.98015900 -0.14752300 0.95832800 -0.08855000 0.27159600
0.07762500 0.02114800 -0.05036000 0.26008300 -0.18566500 -0.94756700 0.13391100 0.97879200 -0.15502800 0.95625500 -0.08656900 0.27942900
0.07829400 0.02112300 -0.05035400 0.27798700 -0.20682200 -0.93805400 0.13796900 0.97501700 -0.17408500 0.95062400 -0.08102900 0.29957700
0.07893400 0.02113400 -0.05034500 0.30421000 -0.22790700 -0.92493900 0.14501800 0.97072100 -0.19149200 0.94150100 -0.07587900 0.32835400
0.07928500 0.02113900 -0.05032800 0.31778600 -0.24080000 -0.91707400 0.15018100 0.96778600 -0.20207500 0.93619200 -0.07351000 0.34371300
0.07998900 0.02113000 -0.05022800 0.33512600 -0.26014200 -0.90554700 0.16112200 0.96279100 -0.21695800 0.92829300 -0.07319500 0.36457200
0.08076400 0.02117900 -0.05007200 0.34007400 -0.26577300 -0.90206000 0.17052500 0.96075800 -0.21878000 0.92480800 -0.07942200 0.37205000
0.08141300 0.02130500 -0.04995400 0.34144100 -0.26281300 -0.90241100 0.17585200 0.96101900 -0.21334500 0.92330500 -0.08584700 0.37434800
0.08168200 0.02137600 -0.04991400 0.34376500 -0.25931800 -0.90254000 0.17769900 0.96171300 -0.20863600 0.92208800 -0.08865900 0.37668400
0.08209800 0.02147800 -0.04984400 0.35198600 -0.25234000 -0.90134800 0.18043600 0.96320400 -0.19919500 0.91844900 -0.09252100 0.38456500
0.08241600 0.02153200 -0.04976800 0.35843000 -0.24266000 -0.90146700 0.18130200 0.96533500 -0.18776500 0.91578200 -0.09613700 0.39000100
0.08253300 0.02155800 -0.04973600 0.36402800 -0.23452800 -0.90137600 0.18153500 0.96708300 -0.17831000 0.91352500 -0.09872100 0.39462000
0.08268800 0.02161200 -0.04968500 0.37687900 -0.21592800 -0.90074200 0.18095200 0.97087400 -0.15702900 0.90841500 -0.10381000 0.40497400
0.08274500 0.02164200 -0.04963900 0.38715500 -0.20114800 -0.89980500 0.17736500 0.97393300 -0.14140500 0.90479300 -0.10484800 0.41273900
0.08275200 0.02165200 -0.04961700 0.39156500 -0.19478800 -0.89929500 0.17490700 0.97527300 -0.13508800 0.90337300 -0.10439700 0.41595300
0.08276600 0.02166500 -0.04959300 0.39871500 -0.18438600 -0.89834700 0.17082100 0.97736700 -0.12478900 0.90102400 -0.10370100 0.42118800
0.08282600 0.02167500 -0.04958900 0.40271200 -0.17852000 -0.89774800 0.16845200 0.97849800 -0.11901300 0.89969200 -0.10329900 0.42412500
0.08290500 0.02168000 -0.04958300 0.40416500 -0.17638300 -0.89751700 0.16759400 0.97889900 -0.11690700 0.89920000 -0.10316800 0.42519800
0.08295300 0.02168800 -0.04957400 0.40425800 -0.17625200 -0.89750200 0.16754300 0.97892400 -0.11677600 0.89916800 -0.10316200 0.42526700
0.08305300 0.02173100 -0.04952800 0.40391800 -0.17675700 -0.89755500 0.16772600 0.97883200 -0.11728200 0.89928600 -0.10317100 0.42501500
0.08312600 0.02179700 -0.04943500 0.40345200 -0.17745300 -0.89762700 0.16803500 0.97869800 -0.11795500 0.89943800 -0.10324300 0.42467600
0.08314800 0.02184000 -0.04938200 0.40330100 -0.17767800 -0.89765100 0.16812600 0.97865600 -0.11817500 0.89948900 -0.10325900 0.42456500
0.08319900 0.02193300 -0.04926400 0.40287800 -0.17830300 -0.89771700 0.16837800 0.97853800 -0.11879100 0.89963200 -0.10329700 0.42425300
0.08326200 0.02202500 -0.04913900 0.40241300 -0.17899300 -0.89778800 0.16867800 0.97840400 -0.11946000 0.89978300 -0.10336500 0.42391500
0.08337800 0.02210400 -0.04901600 0.40203700 -0.17956100 -0.89784300 0.16897800 0.97828900 -0.11998500 0.89989500 -0.10347700 0.42365000
0.08345400 0.02214100 -0.04896100 0.40177300 -0.17995700 -0.89788200 0.16916000 0.97821100 -0.12036300 0.89997900 -0.10352700 0.42346000
0.08362800 0.02220900 -0.04886000 0.40298400 -0.17820400 -0.89768900 0.16954700 0.97841700 -0.11811800 0.89936400 -0.10460000 0.42450000
0.08384300 0.02226900 -0.04878800 0.40279200 -0.17850000 -0.89771600 0.16966200 0.97836200 -0.11841100 0.89942900 -0.10461300 0.42436200
0.08395300 0.02228800 -0.04874900 0.40420600 -0.17644400 -0.89748700 0.16992600 0.97862100 -0.11586500 0.89874400 -0.10567300 0.42554700
0.08415500 0.02233000 -0.04867400 0.40392600 -0.17687500 -0.89752800 0.17016400 0.97853300 -0.11625800 0.89882500 -0.10576700 0.42535300
0.08429800 0.02237900 -0.04857200 0.40350200 -0.17751700 -0.89759200 0.17054000 0.97839900 -0.11683300 0.89894400 -0.10593300 0.42506000
0.08439600 0.02245500 -0.04843700 0.40307900 -0.17815500 -0.89765600 0.17091700 0.97826500 -0.11740500 0.89906300 -0.10610100 0.42476800
0.08442500 0.02249600 -0.04835200 0.40289400 -0.17843600 -0.89768300 0.17112500 0.97820000 -0.11763700 0.89910500 -0.10622100 0.42464600
0.08445900 0.02256600 -0.04820000 0.40256800 -0.17893100 -0.89773100 0.17151400 0.97808500 -0.11803400 0.89917700 -0.10645700 0.42443500
0.08448900 0.02260300 -0.04808800 0.40230400 -0.17933400 -0.89776900 0.17186500 0.97798500 -0.11834300 0.89922900 -0.10668500 0.42426900
0.08450800 0.02261100 -0.04805400 0.40219700 -0.17949900 -0.89778400 0.17200300 0.97794600 -0.11847100 0.89925000 -0.10677200 0.42420100
0.08455800 0.02261300 -0.04801800 0.40305800 -0.17742000 -0.89781100 0.16637400 0.97888500 -0.11875100 0.89992400 -0.10150900 0.42406600
