0.08336700 0.03733200 -0.04355900 -0.67839400 -0.00050000 -0.73469600 -0.21476600 -0.95618500 0.19895800 -0.70260600 0.29276000 0.64856300
0.08315600 0.03744500 -0.04363100 -0.65881900 -0.01398000 -0.75217000 -0.18050500 -0.96768200 0.17608900 -0.73032400 0.25178100 0.63500500
0.08310000 0.03747600 -0.04362400 -0.63777700 -0.04940900 -0.76863300 -0.11318200 -0.98109400 0.15697900 -0.76185900 0.18711300 0.62012800
0.08309800 0.03747200 -0.04360400 -0.62887200 -0.05726900 -0.77539600 -0.09315000 -0.98455000 0.14826400 -0.77190800 0.16546800 0.61382200
0.08311500 0.03746100 -0.04359900 -0.62575400 -0.06037600 -0.77767900 -0.08558700 -0.98566500 0.14539100 -0.77530900 0.15753900 0.61161700
0.08316000 0.03744700 -0.04360800 -0.62331100 -0.07585700 -0.77828500 -0.06367700 -0.98705400 0.14720300 -0.77937600 0.14131200 0.61041200
0.08316300 0.03745600 -0.04360200 -0.62592300 -0.08932800 -0.77475100 -0.04632700 -0.98740500 0.15127400 -0.77850700 0.13057800 0.61390100
0.08314800 0.03747700 -0.04360200 -0.62823600 -0.09240300 -0.77251500 -0.04614100 -0.98674900 0.15555100 -0.77665200 0.13336700 0.61564800
0.08310300 0.03750400 -0.04361400 -0.62660200 -0.10063000 -0.77281400 -0.03421900 -0.98711900 0.15628000 -0.77858700 0.12437000 0.61508800
0.08310100 0.03750700 -0.04363400 -0.62653700 -0.10047700 -0.77288700 -0.03427300 -0.98714400 0.15611400 -0.77863700 0.12430100 0.61503800
0.08310200 0.03751700 -0.04364000 -0.62595200 -0.10398900 -0.77289600 -0.03422600 -0.98645100 0.16044000 -0.77910900 0.12688100 0.61391300
0.08310800 0.03752100 -0.04364400 -0.62756300 -0.10588100 -0.77133100 -0.03374000 -0.98607900 0.16281100 -0.77783300 0.12820000 0.61525500
0.08310800 0.03752000 -0.04363900 -0.63079500 -0.11067000 -0.76801600 -0.03239200 -0.98515700 0.16856500 -0.77527200 0.13120800 0.61784700
0.08311000 0.03752900 -0.04363900 -0.63109400 -0.11135700 -0.76767000 -0.03192600 -0.98507400 0.16913900 -0.77504800 0.13125100 0.61811900
0.08310900 0.03752900 -0.04364500 -0.63109200 -0.11136000 -0.76767200 -0.03190800 -0.98507600 0.16912800 -0.77505000 0.13123000 0.61812100
0.08309500 0.03752800 -0.04363900 -0.63102200 -0.11117800 -0.76775600 -0.03205200 -0.98509500 0.16899400 -0.77510200 0.13124700 0.61805300
0.08307000 0.03752500 -0.04363500 -0.63108700 -0.11130400 -0.76768400 -0.03199200 -0.98507500 0.16912200 -0.77505000 0.13129100 0.61810800
0.08306000 0.03752100 -0.04363100 -0.63111700 -0.11135300 -0.76765200 -0.03198000 -0.98506500 0.16918300 -0.77502700 0.13132400 0.61813000
0.08303900 0.03751700 -0.04360500 -0.63114600 -0.11134400 -0.76763000 -0.03208400 -0.98504800 0.16926000 -0.77499900 0.13145700 0.61813700
0.08300200 0.03748500 -0.04357100 -0.63131400 -0.11159500 -0.76745500 -0.03209400 -0.98498500 0.16962600 -0.77486200 0.13171800 0.61825400
0.08295400 0.03746800 -0.04354000 -0.63148100 -0.11186900 -0.76727800 -0.03204900 -0.98492500 0.16997900 -0.77472800 0.13192900 0.61837700
0.08293200 0.03747000 -0.04352800 -0.63148600 -0.11185000 -0.76727600 -0.03210000 -0.98492100 0.16999600 -0.77472100 0.13197900 0.61837400
0.08284800 0.03748400 -0.04351800 -0.63263400 -0.10832800 -0.76683600 -0.03760500 -0.98470300 0.17012900 -0.77353600 0.13646600 0.61888400
0.08274900 0.03750100 -0.04351300 -0.63283600 -0.10878300 -0.76660500 -0.03728200 -0.98465100 0.17050100 -0.77338700 0.13648000 0.61906700
0.08269900 0.03750800 -0.04350200 -0.63294900 -0.10901800 -0.76647800 -0.03714500 -0.98461900 0.17071900 -0.77330100 0.13652700 0.61916400
0.08257000 0.03752900 -0.04347600 -0.63317700 -0.10948600 -0.76622400 -0.03687200 -0.98455400 0.17115200 -0.77312800 0.13662100 0.61936000
0.08241600 0.03756000 -0.04346700 -0.63348700 -0.11019000 -0.76586600 -0.03636500 -0.98447300 0.17172300 -0.77289700 0.13663500 0.61964500
0.08227600 0.03756300 -0.04345700 -0.63370600 -0.11065100 -0.76561800 -0.03607800 -0.98441200 0.17213400 -0.77273100 0.13670500 0.61983600
0.08222000 0.03755700 -0.04346000 -0.63379400 -0.11084100 -0.76551800 -0.03595200 -0.98438800 0.17229700 -0.77266500 0.13672300 0.61991400
0.08214400 0.03754100 -0.04349000 -0.63397700 -0.11129900 -0.76530000 -0.03557200 -0.98434400 0.17262300 -0.77253200 0.13666200 0.62009300
0.08210400 0.03750200 -0.04353400 -0.63268400 -0.10968700 -0.76660200 -0.03569500 -0.98473500 0.17035700 -0.77358700 0.13514600 0.61911000
0.08210400 0.03747900 -0.04356400 -0.63372700 -0.10598600 -0.76626100 -0.04125700 -0.98452800 0.17029800 -0.77245500 0.13953600 0.61954900
0.08209900 0.03742200 -0.04361400 -0.63380000 -0.10620600 -0.76617000 -0.04105500 -0.98451300 0.17043400 -0.77240600 0.13947600 0.61962400
0.08206600 0.03737500 -0.04364000 -0.63389400 -0.10641600 -0.76606200 -0.04091300 -0.98448800 0.17061200 -0.77233600 0.13949200 0.61970700
0.08203800 0.03736600 -0.04364500 -0.63391000 -0.10644900 -0.76604500 -0.04088900 -0.98448400 0.17064000 -0.77232400 0.13949300 0.61972100
0.08198200 0.03737200 -0.04363500 -0.63404100 -0.10672200 -0.76589800 -0.04072600 -0.98444700 0.17089000 -0.77222500 0.13954300 0.61983400
0.08193200 0.03738900 -0.04363000 -0.63502000 -0.10289300 -0.76561200 -0.04640000 -0.98421900 0.17075800 -0.77110100 0.14395900 0.62022400
0.08187900 0.03737300 -0.04363800 -0.63470000 -0.09750400 -0.76658200 -0.05227300 -0.98431800 0.16847800 -0.77098800 0.14700500 0.61965000
0.08185400 0.03736000 -0.04365100 -0.63334300 -0.09582400 -0.76791400 -0.05249800 -0.98469700 0.16617300 -0.77208700 0.14555900 0.61862100
0.08181900 0.03730700 -0.04368100 -0.63335900 -0.09583900 -0.76790000 -0.05249900 -0.98469300 0.16619700 -0.77207500 0.14557600 0.61863300
0.08179600 0.03725400 -0.04372300 -0.63337300 -0.09590000 -0.76788000 -0.05241700 -0.98469500 0.16621400 -0.77206800 0.14552600 0.61865300
0.08178000 0.03719400 -0.04377400 -0.63337300 -0.09594500 -0.76787400 -0.05232900 -0.98470200 0.16620000 -0.77207400 0.14544900 0.61866400
0.08176900 0.03716500 -0.04380200 -0.63337800 -0.09598100 -0.76786700 -0.05226600 -0.98470600 0.16619700 -0.77207500 0.14539900 0.61867400
0.08175800 0.03710000 -0.04384600 -0.63343900 -0.09612900 -0.76779700 -0.05214800 -0.98469300 0.16630800 -0.77203200 0.14538500 0.61873100
0.08173400 0.03705200 -0.04387300 -0.63350900 -0.09627900 -0.76772100 -0.05204800 -0.98467700 0.16643600 -0.77198200 0.14539700 0.61879100
0.08172400 0.03703600 -0.04388200 -0.63350300 -0.09626600 -0.76772700 -0.05205600 -0.98467800 0.16642400 -0.77198600 0.14539600 0.61878500
0.08171100 0.03701000 -0.04389700 -0.63345600 -0.09616500 -0.76777900 -0.05212300 -0.98469000 0.16633700 -0.77202000 0.14538600 0.61874500
0.08170400 0.03698500 -0.04390600 -0.63345900 -0.09616000 -0.76777700 -0.05214500 -0.98468700 0.16634900 -0.77201600 0.14541100 0.61874500
0.08169600 0.03695300 -0.04391800 -0.63347900 -0.09618900 -0.76775600 -0.05214400 -0.98467900 0.16639100 -0.77200000 0.14544000 0.61875800
0.08168900 0.03693200 -0.04393100 -0.63347200 -0.09617300 -0.76776500 -0.05215500 -0.98468100 0.16637700 -0.77200500 0.14543800 0.61875200
0.08166500 0.03688700 -0.04395600 -0.63354200 -0.09632200 -0.76768800 -0.05205600 -0.98466500 0.16650600 -0.77195500 0.14545100 0.61881200
0.08158900 0.03686400 -0.04396900 -0.63369400 -0.09664300 -0.76752200 -0.05184300 -0.98462900 0.16678300 -0.77184400 0.14548000 0.61894400
0.08152800 0.03686900 -0.04395900 -0.63383900 -0.09693300 -0.76736600 -0.05166800 -0.98459300 0.16705100 -0.77173600 0.14553200 0.61906500
0.08138900 0.03690700 -0.04392300 -0.63407800 -0.09740400 -0.76710800 -0.05139200 -0.98453200 0.16749100 -0.77155800 0.14562600 0.61926500
0.08124100 0.03692200 -0.04390600 -0.63430700 -0.09786600 -0.76686000 -0.05110200 -0.98447700 0.16790700 -0.77138900 0.14569300 0.61946000
0.08116900 0.03692300 -0.04389900 -0.63300700 -0.09626800 -0.76813600 -0.05131300 -0.98483800 0.16571200 -0.77244300 0.14431200 0.61846900
0.08103800 0.03692300 -0.04388000 -0.63163800 -0.09447700 -0.76948500 -0.05169300 -0.98520500 0.16339500 -0.77353700 0.14298300 0.61740900
0.08092300 0.03692900 -0.04386300 -0.63160200 -0.09433500 -0.76953100 -0.05184000 -0.98520900 0.16332300 -0.77355700 0.14304800 0.61737000
0.08083100 0.03694600 -0.04384600 -0.63163600 -0.09438200 -0.76949700 -0.05182700 -0.98520000 0.16338100 -0.77353000 0.14307800 0.61739600
0.08079400 0.03695500 -0.04384000 -0.63171300 -0.09454400 -0.76941400 -0.05171900 -0.98518200 0.16352100 -0.77347400 0.14309200 0.61746300
0.08073800 0.03696400 -0.04383400 -0.63183700 -0.09480500 -0.76928000 -0.05154700 -0.98515400 0.16374700 -0.77338400 0.14311500 0.61757100
0.08069400 0.03696300 -0.04382900 -0.63282600 -0.09112300 -0.76891200 -0.05717900 -0.98483900 0.16377100 -0.77217900 0.14760400 0.61802200
0.08068800 0.03695500 -0.04382700 -0.63142300 -0.08934500 -0.77027300 -0.05751200 -0.98520800 0.16142000 -0.77330100 0.14622400 0.61694500
0.08068600 0.03692500 -0.04382200 -0.62996200 -0.08738500 -0.77169300 -0.05802500 -0.98557600 0.15897300 -0.77445500 0.14492500 0.61580500
0.08067600 0.03688300 -0.04379400 -0.62998100 -0.08729800 -0.77168800 -0.05825800 -0.98554900 0.15905100 -0.77442200 0.14515600 0.61579200
0.08066200 0.03686800 -0.04376300 -0.63012900 -0.08751600 -0.77154200 -0.05824600 -0.98550100 0.15935600 -0.77430200 0.14535400 0.61589600
0.08064900 0.03686600 -0.04374700 -0.63017500 -0.08757200 -0.77149800 -0.05826600 -0.98548400 0.15945400 -0.77426300 0.14543600 0.61592500
0.08059300 0.03686500 -0.04372400 -0.63033700 -0.08785500 -0.77133300 -0.05815500 -0.98544000 0.15976500 -0.77413900 0.14556300 0.61605000
0.08048600 0.03688500 -0.04371100 -0.63057200 -0.08833800 -0.77108600 -0.05783400 -0.98539000 0.16018500 -0.77397200 0.14560300 0.61625100
0.08044000 0.03689500 -0.04370400 -0.63067000 -0.08854100 -0.77098300 -0.05769900 -0.98537000 0.16036000 -0.77390200 0.14561900 0.61633400
0.08037400 0.03690300 -0.04369300 -0.63166500 -0.08494800 -0.77057200 -0.06327900 -0.98501100 0.16046000 -0.77265300 0.15011800 0.61682200
0.08033700 0.03690700 -0.04368400 -0.63175400 -0.08512400 -0.77048000 -0.06317800 -0.98499000 0.16062600 -0.77258900 0.15015300 0.61689300
0.08032800 0.03690900 -0.04368300 -0.63177300 -0.08516700 -0.77045900 -0.06314700 -0.98498700 0.16066100 -0.77257600 0.15015400 0.61691000
0.08033100 0.03690500 -0.04368500 -0.63177100 -0.08516600 -0.77046100 -0.06314700 -0.98498700 0.16065900 -0.77257700 0.15015200 0.61690900
0.08033600 0.03691100 -0.04369300 -0.63255900 -0.08121500 -0.77024100 -0.06889700 -0.98464300 0.16040400 -0.77144000 0.15453300 0.61725000
0.08035100 0.03691100 -0.04372200 -0.63322600 -0.07761900 -0.77006400 -0.07406600 -0.98431400 0.16012000 -0.77041400 0.15842800 0.61754500
0.08035600 0.03690700 -0.04375300 -0.63173800 -0.07535200 -0.77151000 -0.07491100 -0.98467100 0.15751100 -0.77155400 0.15730000 0.61640900
0.08035700 0.03687200 -0.04382500 -0.63158200 -0.07515000 -0.77165800 -0.07488200 -0.98472500 0.15719000 -0.77168400 0.15706100 0.61630700
0.08033200 0.03679700 -0.04391400 -0.63237500 -0.07141500 -0.77136300 -0.08037600 -0.98431800 0.15702400 -0.77048100 0.16129700 0.61671800
0.08026600 0.03668000 -0.04404500 -0.63118100 -0.05566500 -0.77363500 -0.09844500 -0.98360500 0.15109100 -0.76936200 0.17152700 0.61535300
0.08020900 0.03660700 -0.04414400 -0.62902600 -0.04391900 -0.77614200 -0.11065600 -0.98317700 0.14531500 -0.76946800 0.17729200 0.61358400
0.08003300 0.03642000 -0.04441300 -0.62047600 -0.02819100 -0.78371700 -0.12520600 -0.98297300 0.13448600 -0.77416500 0.18157100 0.60638200
0.07974200 0.03614500 -0.04483800 -0.60970900 -0.00943400 -0.79256900 -0.14119000 -0.98264400 0.12031200 -0.77994800 0.18525800 0.59779500
0.07933900 0.03581900 -0.04539900 -0.59568200 -0.00074800 -0.80321900 -0.15224800 -0.98176500 0.11382500 -0.78865800 0.19009200 0.58470700
0.07909700 0.03565000 -0.04571900 -0.58905500 0.00248300 -0.80808800 -0.16048400 -0.98043600 0.11397300 -0.79199600 0.19682200 0.57792900
0.07850100 0.03530800 -0.04637800 -0.57199500 -0.00158400 -0.82025400 -0.16574000 -0.97914700 0.11746800 -0.80333700 0.20314000 0.55980500
0.07782000 0.03498000 -0.04707500 -0.55267900 -0.00664800 -0.83336700 -0.17143000 -0.97767600 0.12148900 -0.81557200 0.21000900 0.53920100
0.07746800 0.03482800 -0.04745700 -0.54255900 -0.00885700 -0.83997000 -0.17435200 -0.97698000 0.12292100 -0.82172400 0.21314300 0.52852500
0.07675600 0.03458400 -0.04831200 -0.51954100 -0.01417300 -0.85432700 -0.18047800 -0.97548200 0.12593700 -0.83516600 0.21961700 0.50424600
0.07606800 0.03440700 -0.04942300 -0.48884200 -0.03360400 -0.87172400 -0.16457500 -0.97776200 0.12998200 -0.85670700 0.20700400 0.47244100
0.07576000 0.03432800 -0.05003000 -0.47040300 -0.04975000 -0.88104700 -0.14442000 -0.98060700 0.13247900 -0.87055300 0.18956000 0.45409600
0.07509300 0.03416600 -0.05139300 -0.42867200 -0.08884700 -0.89908000 -0.08123100 -0.98733100 0.13629800 -0.89980000 0.13146000 0.41602400
0.07443000 0.03399800 -0.05288900 -0.38054300 -0.12821500 -0.91583100 -0.00526900 -0.99002500 0.14079200 -0.92474800 0.05840300 0.37607100
0.07382800 0.03377300 -0.05441600 -0.32693800 -0.16284900 -0.93090800 0.06915800 -0.98652200 0.14828900 -0.94251100 -0.01589900 0.33379400
0.07358400 0.03362800 -0.05517600 -0.30089200 -0.17338300 -0.93776300 0.09121900 -0.98405700 0.15267400 -0.94928500 -0.03960400 0.31191100
0.07323300 0.03323500 -0.05665200 -0.25332400 -0.17853600 -0.95076300 0.10200900 -0.98227200 0.15727300 -0.96198700 -0.05714500 0.26704500
0.07315100 0.03261200 -0.05803000 -0.20848300 -0.14712800 -0.96689600 0.08263100 -0.98773400 0.13248200 -0.97452800 -0.05227500 0.21808300
0.07321200 0.03226700 -0.05864700 -0.19577900 -0.12183600 -0.97304900 0.05669200 -0.99199800 0.11280200 -0.97900700 -0.03307900 0.20112000
0.07352300 0.03141900 -0.05977400 -0.17277400 -0.06054800 -0.98309800 -0.00121100 -0.99809400 0.06168500 -0.98496000 0.01184800 0.17237100
0.07404100 0.03049400 -0.06069600 -0.15610400 -0.00812300 -0.98770600 -0.07001200 -0.99735900 0.01926700 -0.98525500 0.07215900 0.15512300
0.07422800 0.03007800 -0.06106400 -0.15377200 0.01315900 -0.98801800 -0.10061700 -0.99492100 0.00240900 -0.98296900 0.09978200 0.15431500
0.07457700 0.02935300 -0.06165200 -0.15538600 0.04789400 -0.98669100 -0.15253200 -0.98800800 -0.02393700 -0.97600600 0.14678300 0.16082800
0.07490800 0.02884600 -0.06204900 -0.16358400 0.08090100 -0.98320600 -0.21745900 -0.97507400 -0.04405200 -0.96226300 0.20660100 0.17709900
0.07517400 0.02861100 -0.06224500 -0.17452400 0.12861100 -0.97621700 -0.33038300 -0.94160700 -0.06498700 -0.92757000 0.31118400 0.20682400
0.07526600 0.02860900 -0.06227000 -0.17942900 0.15006800 -0.97225700 -0.36758700 -0.92694000 -0.07523500 -0.91251500 0.34389000 0.22148300
0.07542000 0.02883100 -0.06226900 -0.17289300 0.20313000 -0.96376600 -0.46849000 -0.87768200 -0.10094200 -0.86638500 0.43406200 0.24691000
0.07562100 0.02930200 -0.06229500 -0.13111100 0.25400200 -0.95827500 -0.52845800 -0.83574200 -0.14922000 -0.83877300 0.48684400 0.24380400
0.07578800 0.02963600 -0.06233600 -0.10592300 0.27007700 -0.95699400 -0.52579100 -0.83207300 -0.17662600 -0.84399200 0.48447000 0.23014000
0.07624900 0.03056300 -0.06249800 -0.06660400 0.28956500 -0.95483800 -0.54189500 -0.81402800 -0.20906300 -0.83780200 0.50349700 0.21113100
0.07660800 0.03158200 -0.06275500 -0.02918300 0.30451600 -0.95205900 -0.58923500 -0.77462100 -0.22970100 -0.80743400 0.55428400 0.20203700
0.07661900 0.03239000 -0.06310800 -0.00661300 0.31215900 -0.95000600 -0.64624400 -0.72631700 -0.23416000 -0.76310200 0.61238800 0.20653400
0.07650400 0.03264900 -0.06332500 0.00053400 0.31844300 -0.94794100 -0.67470200 -0.69955000 -0.23538100 -0.73808900 0.63970400 0.21448100
0.07609900 0.03308400 -0.06395400 0.01103500 0.33167100 -0.94333000 -0.72487500 -0.64718300 -0.23602600 -0.68879100 0.68640100 0.23327900
0.07547800 0.03339600 -0.06477600 0.01787600 0.35033300 -0.93645400 -0.77187100 -0.59049700 -0.23564300 -0.63552700 0.72703400 0.25985600
0.07516000 0.03348200 -0.06526300 0.02312500 0.36015800 -0.93260400 -0.79051200 -0.56448100 -0.23759600 -0.61200900 0.74272900 0.27165600
0.07469400 0.03360500 -0.06643400 0.02576800 0.37390500 -0.92710800 -0.82382000 -0.51739500 -0.23156400 -0.56626500 0.76973700 0.29469800
0.07449000 0.03384700 -0.06770100 0.01525500 0.38165700 -0.92417700 -0.84929200 -0.48285900 -0.21342500 -0.52770300 0.78815200 0.31677200
0.07437500 0.03426100 -0.06910800 0.00685600 0.39075400 -0.92046900 -0.86838800 -0.45409700 -0.19924000 -0.49583600 0.80069100 0.33621300
0.07431800 0.03449000 -0.06980900 0.00499100 0.39718600 -0.91772400 -0.87657100 -0.43992300 -0.19516400 -0.48124500 0.80542500 0.34596600
0.07409600 0.03498700 -0.07121200 0.00459400 0.41021100 -0.91197800 -0.89376600 -0.40735500 -0.18773200 -0.44850900 0.81595800 0.36476100
0.07361300 0.03539000 -0.07235000 0.01074300 0.43094200 -0.90231500 -0.91276400 -0.36427300 -0.18484300 -0.40834600 0.82558700 0.38943400
0.07329700 0.03554200 -0.07279800 0.01279100 0.44362800 -0.89611900 -0.92099900 -0.34373700 -0.18331500 -0.38935300 0.82767000 0.40418400
0.07243200 0.03580100 -0.07342300 0.02795900 0.47194400 -0.88118400 -0.94317600 -0.27954600 -0.17964500 -0.33111400 0.83613500 0.43731100
0.07128100 0.03607100 -0.07368600 0.05220400 0.50153100 -0.86356200 -0.95820900 -0.21839600 -0.18476400 -0.28126300 0.83711900 0.46917100
0.07068900 0.03619900 -0.07371600 0.06934600 0.51567500 -0.85397200 -0.96456000 -0.18379900 -0.18931500 -0.25458400 0.83683600 0.48465400
0.06939500 0.03640900 -0.07360400 0.10949000 0.53568100 -0.83729100 -0.97219700 -0.11769700 -0.20243200 -0.20698600 0.83617700 0.50790100
0.06823500 0.03652100 -0.07329800 0.14587100 0.54784500 -0.82376300 -0.97367900 -0.06789700 -0.21757300 -0.17512800 0.83381900 0.52352100
0.06733700 0.03671200 -0.07287600 0.17748200 0.56243900 -0.80756500 -0.97317000 -0.02178300 -0.22904900 -0.14641800 0.82655100 0.54348300
0.06700400 0.03688900 -0.07268500 0.19296600 0.56808300 -0.80002800 -0.97265300 0.00333000 -0.23223800 -0.12926700 0.82296400 0.55319100
0.06641600 0.03733600 -0.07223400 0.20385400 0.58821100 -0.78259200 -0.97478600 0.04785700 -0.21794800 -0.09074700 0.80728900 0.58313500
0.06604100 0.03764500 -0.07159800 0.20798100 0.61030700 -0.76437400 -0.97712100 0.09410700 -0.19073000 -0.04447100 0.78655500 0.61591600
0.06585000 0.03803600 -0.07082000 0.20453000 0.62741700 -0.75134100 -0.97877700 0.12115700 -0.16526900 -0.01266300 0.76919900 0.63888200
0.06584700 0.03824300 -0.07038600 0.20953100 0.62917300 -0.74848900 -0.97776200 0.14173300 -0.15457300 0.00883300 0.76423200 0.64487900
0.06597100 0.03854100 -0.06943600 0.22465000 0.63446900 -0.73958100 -0.97368500 0.17600700 -0.14476800 0.03832100 0.75264200 0.65731300
0.06620700 0.03870000 -0.06838300 0.24855900 0.63797300 -0.72883900 -0.96667300 0.21101200 -0.14496400 0.06131100 0.74058200 0.66916100
0.06634300 0.03873900 -0.06784800 0.25031600 0.64147900 -0.72515100 -0.96592800 0.21632900 -0.14206200 0.06574200 0.73600500 0.67377500
0.06661700 0.03869400 -0.06668000 0.25890400 0.64041500 -0.72307400 -0.96299600 0.22917100 -0.14183800 0.07487200 0.73304000 0.67605100
0.06679500 0.03847100 -0.06550400 0.27400200 0.62928800 -0.72726700 -0.95872800 0.23841100 -0.15491500 0.07590300 0.73970000 0.66864200
0.06682600 0.03834000 -0.06498300 0.28190000 0.62108500 -0.73129000 -0.95660500 0.24053200 -0.16447200 0.07374800 0.74592000 0.66193900
0.06675000 0.03804100 -0.06407800 0.30278800 0.59661700 -0.74321200 -0.94996000 0.25174100 -0.18493200 0.07676300 0.76201900 0.64298700
0.06656300 0.03772900 -0.06341600 0.32338400 0.57252500 -0.75341600 -0.94254000 0.26548400 -0.20281800 0.08390100 0.77571400 0.62548100
0.06622600 0.03751100 -0.06297900 0.34299700 0.55492000 -0.75790200 -0.93562800 0.27344500 -0.22321800 0.08337600 0.78567800 0.61299100
0.06602500 0.03746600 -0.06289600 0.35366900 0.54242600 -0.76203100 -0.93121000 0.28093600 -0.23221200 0.08812400 0.79173700 0.60447100
0.06563900 0.03743900 -0.06300800 0.36186600 0.52286500 -0.77179200 -0.92780400 0.28256600 -0.24358500 0.09072000 0.80421800 0.58736800
0.06538900 0.03744100 -0.06343000 0.35664500 0.49765800 -0.79065700 -0.92865200 0.28126200 -0.24185800 0.10201900 0.82050400 0.56246200
0.06534000 0.03744000 -0.06371100 0.35290000 0.48250700 -0.80165300 -0.92930800 0.28041300 -0.24031900 0.10883800 0.82979200 0.54735500
0.06522700 0.03747000 -0.06436800 0.35077500 0.45386500 -0.81912200 -0.92883600 0.28000400 -0.24261100 0.11924500 0.84593300 0.51978500
0.06493200 0.03749100 -0.06498400 0.35876600 0.43909800 -0.82369800 -0.92400400 0.29213600 -0.24672300 0.13229700 0.84961700 0.51053700
0.06447800 0.03745300 -0.06536300 0.36866000 0.43013000 -0.82406100 -0.91622000 0.31780700 -0.24400500 0.15693900 0.84497600 0.51125700
0.06423300 0.03742100 -0.06538800 0.37645500 0.43077600 -0.82019000 -0.91116900 0.33221300 -0.24372900 0.16748500 0.83908600 0.51757400
0.06370300 0.03740600 -0.06519000 0.41017000 0.43756900 -0.80018300 -0.89211900 0.37473800 -0.25237600 0.18942800 0.81737600 0.54407000
0.06326200 0.03737500 -0.06489100 0.44441100 0.45105500 -0.77398100 -0.87467400 0.40510800 -0.26614200 0.19350100 0.79525800 0.57456100
0.06311100 0.03733500 -0.06473800 0.45723900 0.45641800 -0.76329100 -0.86801900 0.41585000 -0.27131200 0.19358300 0.78660600 0.58632300
0.06291600 0.03725900 -0.06449400 0.46853600 0.45951300 -0.75453400 -0.86176500 0.42576700 -0.27583000 0.19450800 0.77946800 0.59547900
0.06285400 0.03719100 -0.06424400 0.47257800 0.45440800 -0.75510400 -0.85860300 0.43055200 -0.27825400 0.19867100 0.77983200 0.59362500
0.06281400 0.03717300 -0.06399100 0.47798400 0.45560000 -0.75097200 -0.85508200 0.43691000 -0.27918400 0.20091200 0.77558800 0.59841100
0.06281000 0.03716500 -0.06387600 0.48340100 0.45679500 -0.74676700 -0.85164400 0.44277900 -0.28044400 0.20254800 0.77154700 0.60306600
0.06282200 0.03711500 -0.06367100 0.49773900 0.46212100 -0.73396000 -0.84306400 0.45653800 -0.28428000 0.20370900 0.76027300 0.61683500
0.06284400 0.03703100 -0.06344200 0.51060500 0.47077200 -0.71948200 -0.83612300 0.46694400 -0.28785300 0.20044500 0.74855600 0.63204800
0.06285000 0.03697800 -0.06334900 0.51192500 0.47644700 -0.71479300 -0.83550500 0.46955200 -0.28539600 0.19965700 0.74331500 0.63845000
0.06283700 0.03682400 -0.06313900 0.51356600 0.47743500 -0.71295500 -0.83458200 0.47093800 -0.28581200 0.19930000 0.74180300 0.64031700
0.06277800 0.03662400 -0.06292700 0.51238100 0.47933500 -0.71253200 -0.83519600 0.47117800 -0.28361700 0.19978200 0.74042400 0.64176100
0.06267600 0.03642200 -0.06277100 0.51569200 0.47467200 -0.71326500 -0.83390300 0.46914400 -0.29070200 0.19663600 0.74470700 0.63776400
0.06262300 0.03633400 -0.06270900 0.51816700 0.47114400 -0.71381000 -0.83282600 0.46792400 -0.29571300 0.19468600 0.74770900 0.63484400
0.06254900 0.03616900 -0.06264300 0.52000700 0.46476500 -0.71664800 -0.83180300 0.46624700 -0.30119100 0.19415200 0.75273200 0.62904500
0.06252400 0.03607200 -0.06267600 0.51788200 0.46115000 -0.72051200 -0.83265000 0.46490000 -0.30093300 0.19619000 0.75578300 0.62474000
0.06250700 0.03604100 -0.06272000 0.51964800 0.45543000 -0.72287500 -0.83028000 0.46872300 -0.30155000 0.20149300 0.75688900 0.62170600
0.06243500 0.03602800 -0.06279800 0.51711100 0.45425800 -0.72542700 -0.83143600 0.46785000 -0.29971500 0.20324300 0.75813300 0.61961700
0.06224900 0.03603900 -0.06282500 0.51572400 0.45613000 -0.72524000 -0.83247300 0.46688400 -0.29833800 0.20252200 0.75760400 0.62050000
0.06206600 0.03603600 -0.06277900 0.51616000 0.45575600 -0.72516500 -0.83119000 0.47081700 -0.29572500 0.20664100 0.75539200 0.62183700
0.06197400 0.03604700 -0.06273600 0.51511200 0.45712200 -0.72505000 -0.83191900 0.47026600 -0.29454900 0.20632200 0.75490900 0.62252900
0.06180300 0.03608900 -0.06267400 0.51324500 0.45949300 -0.72487500 -0.83322600 0.46920600 -0.29253600 0.20569800 0.75412800 0.62368000
0.06168600 0.03614500 -0.06266200 0.51300800 0.46020800 -0.72458900 -0.83212800 0.47380500 -0.28821800 0.21067400 0.75081000 0.62601900
0.06163300 0.03615500 -0.06266900 0.51378200 0.45970800 -0.72435800 -0.83026900 0.47906000 -0.28487300 0.21605300 0.74777600 0.62781500
0.06153500 0.03612900 -0.06268800 0.51202300 0.46226700 -0.72397500 -0.83118700 0.47927100 -0.28182800 0.21670000 0.74606100 0.62962800
0.06146200 0.03608900 -0.06266600 0.50913000 0.46668900 -0.72317800 -0.83252100 0.48022900 -0.27620300 0.21839000 0.74268400 0.63302800
0.06143800 0.03607000 -0.06261800 0.50656500 0.47068500 -0.72238900 -0.83362700 0.48128300 -0.27098000 0.22012800 0.73947300 0.63617700
0.06136400 0.03604800 -0.06247900 0.50432600 0.47755200 -0.71944200 -0.83454700 0.48353300 -0.26405500 0.22177500 0.73357900 0.64239900
0.06130000 0.03609200 -0.06233900 0.50832000 0.47433700 -0.71875800 -0.82938000 0.49432200 -0.26033100 0.23181400 0.72845600 0.64468000
0.06122000 0.03615300 -0.06225700 0.50325300 0.48225300 -0.71705400 -0.83147100 0.49623300 -0.24981400 0.23535300 0.72193000 0.65071000
0.06116900 0.03614200 -0.06224900 0.50337700 0.48327300 -0.71628100 -0.82958800 0.50213800 -0.24421400 0.24165000 0.71715000 0.65368200
0.06107100 0.03604600 -0.06220800 0.49749500 0.49416000 -0.71295400 -0.82991100 0.51034200 -0.22538000 0.25247700 0.70381500 0.66400200
0.06100200 0.03591900 -0.06208000 0.49561800 0.50233100 -0.70853700 -0.82687900 0.52252000 -0.20794700 0.26576700 0.68893800 0.67433800
0.06096400 0.03585500 -0.06197200 0.49642700 0.50466600 -0.70630800 -0.82523500 0.52681400 -0.20359900 0.26934400 0.68394300 0.67799300
0.06087400 0.03568800 -0.06171700 0.49680400 0.50645700 -0.70475900 -0.82239700 0.53412200 -0.19589600 0.27721500 0.67691400 0.68186300
0.06084700 0.03542400 -0.06151500 0.50168400 0.50397400 -0.70308000 -0.81438200 0.54923500 -0.18740600 0.29170900 0.66659500 0.68597000
0.06081600 0.03519400 -0.06141500 0.50103200 0.50678400 -0.70152300 -0.81323300 0.55295500 -0.18135900 0.29600100 0.66136900 0.68918300
0.06079600 0.03512100 -0.06140900 0.50044000 0.50732700 -0.70155400 -0.81411500 0.55146300 -0.18194400 0.29457600 0.66219800 0.68899700
0.06077800 0.03501800 -0.06142000 0.50065800 0.50631400 -0.70212900 -0.81480600 0.54950900 -0.18474500 0.29228700 0.66459300 0.68766400
0.06078100 0.03500500 -0.06147500 0.50864000 0.49363400 -0.70541400 -0.80981100 0.55253000 -0.19726700 0.29238600 0.67159000 0.68079000
0.06077300 0.03501700 -0.06150500 0.51021200 0.49086000 -0.70621400 -0.80905400 0.55247300 -0.20050900 0.29174300 0.67366800 0.67901100
0.06077100 0.03497600 -0.06156300 0.51319300 0.48563300 -0.70766600 -0.80762300 0.55229700 -0.20667000 0.29047600 0.67759000 0.67564300
0.06079100 0.03488100 -0.06159800 0.51404100 0.48407000 -0.70812100 -0.80736500 0.55185900 -0.20883500 0.28969300 0.67906300 0.67450000
0.06080200 0.03479000 -0.06168200 0.51202800 0.48324100 -0.71014300 -0.80804300 0.55141100 -0.20738900 0.29136200 0.68001600 0.67281800
0.06080300 0.03474300 -0.06171900 0.51188400 0.48351100 -0.71006300 -0.80817300 0.55128500 -0.20721900 0.29125500 0.67992700 0.67295500
0.06078800 0.03467300 -0.06177500 0.51589700 0.48089700 -0.70893400 -0.80690500 0.55069400 -0.21363500 0.28766900 0.68225600 0.67213900
0.06074500 0.03463300 -0.06182300 0.51911800 0.47617100 -0.70977200 -0.80352900 0.55492400 -0.21540400 0.29130000 0.68214300 0.67068900
0.06071400 0.03458600 -0.06185400 0.52455200 0.47244300 -0.70826600 -0.79938500 0.55956900 -0.21878100 0.29296200 0.68094000 0.67118700
0.06069300 0.03456400 -0.06187300 0.52871200 0.47071800 -0.70631900 -0.79573300 0.56449200 -0.21944300 0.29541600 0.67806500 0.67302000
0.06062600 0.03449100 -0.06193500 0.53724900 0.46717500 -0.70221800 -0.78823200 0.57434200 -0.22095500 0.30008900 0.67221900 0.67680700
0.06055800 0.03434500 -0.06203600 0.54109800 0.47038900 -0.69709700 -0.78478000 0.58033200 -0.21756200 0.30221000 0.66479100 0.68316900
0.06053700 0.03423900 -0.06208900 0.54183000 0.47128100 -0.69592600 -0.78206300 0.58601400 -0.21204700 0.30788800 0.65915200 0.68609200
0.06050500 0.03407300 -0.06219800 0.54962000 0.47541300 -0.68694900 -0.77241600 0.60244800 -0.20106800 0.31826100 0.64112200 0.69833400
0.06043400 0.03396500 -0.06228800 0.56333700 0.47698000 -0.67464100 -0.76470500 0.61017900 -0.20713800 0.31285200 0.63259000 0.70848500
0.06041100 0.03388900 -0.06231700 0.57051100 0.47856000 -0.66745500 -0.75981900 0.61604400 -0.20776000 0.31175600 0.62567500 0.71507900
0.06036200 0.03368900 -0.06237100 0.57542500 0.48932100 -0.65532400 -0.75881000 0.61834600 -0.20458300 0.30511000 0.61498900 0.72711400
0.06033600 0.03346000 -0.06245900 0.57929800 0.49409500 -0.64829200 -0.75640800 0.62223200 -0.20167500 0.30374200 0.60720300 0.73419500
0.06028400 0.03329300 -0.06255800 0.57727500 0.49803700 -0.64707800 -0.75720400 0.62309400 -0.19594300 0.30560400 0.60308400 0.73681300
0.06025600 0.03324100 -0.06259500 0.57814400 0.49830000 -0.64610000 -0.75554000 0.62592400 -0.19333300 0.30807200 0.59992900 0.73836000
0.06024700 0.03317300 -0.06265100 0.57550700 0.50637600 -0.64216400 -0.75868500 0.62370600 -0.18811300 0.30526600 0.59546100 0.74312700
0.06032200 0.03302400 -0.06268800 0.56991500 0.52282200 -0.63391900 -0.76250600 0.62400800 -0.17087000 0.30623600 0.58074900 0.75428700
0.06041300 0.03285600 -0.06272200 0.56293400 0.53718500 -0.62812100 -0.76621000 0.62412800 -0.15292200 0.30988100 0.56735800 0.76294000
0.06063300 0.03233700 -0.06284200 0.54588500 0.57501300 -0.60939900 -0.77691400 0.61970700 -0.11120100 0.31370700 0.53415500 0.78502500
0.06091100 0.03162900 -0.06306500 0.52223600 0.62050000 -0.58501900 -0.79044800 0.60968400 -0.05895900 0.32009200 0.49321800 0.80887200
0.06109300 0.03127100 -0.06318300 0.51108400 0.64201800 -0.57149300 -0.79666700 0.60342800 -0.03456200 0.32266600 0.47295400 0.81987700
0.06150800 0.03064300 -0.06339200 0.50977600 0.66405900 -0.54694800 -0.79960700 0.60029800 -0.01643200 0.31742000 0.44572000 0.83700500
0.06194500 0.03004200 -0.06353400 0.51728700 0.68226900 -0.51664500 -0.80331300 0.59527700 -0.01820200 0.29512900 0.42444400 0.85600500
0.06242800 0.02944700 -0.06362900 0.52243500 0.70201400 -0.48398000 -0.80961200 0.58650500 -0.02321500 0.26755900 0.40396500 0.87477000
0.06266800 0.02916000 -0.06366200 0.52262800 0.71361800 -0.46648500 -0.81309000 0.58175800 -0.02098800 0.25640400 0.39026400 0.88427900
0.06311200 0.02855400 -0.06367000 0.50655700 0.74807700 -0.42869500 -0.82839500 0.56014200 -0.00140100 0.23908200 0.35583900 0.90344700
0.06360800 0.02790000 -0.06366200 0.44809800 0.80860900 -0.38125700 -0.86570900 0.49889500 0.04062600 0.22305900 0.31185300 0.92357500
0.06381200 0.02763300 -0.06366200 0.42999900 0.82820600 -0.35940900 -0.87518700 0.48013300 0.05931900 0.22169300 0.28904300 0.93129200
0.06416800 0.02723700 -0.06360700 0.38058800 0.86946900 -0.31492000 -0.90235700 0.42365600 0.07916300 0.20224800 0.25404100 0.94581000
0.06448800 0.02683700 -0.06359800 0.32865200 0.90718000 -0.26269900 -0.92728500 0.36273400 0.09254500 0.17924500 0.21318200 0.96042800
0.06454200 0.02635500 -0.06361600 0.27990500 0.93689300 -0.20948500 -0.94702200 0.30525500 0.09984100 0.15748600 0.17044100 0.97270100
0.06449800 0.02613000 -0.06367700 0.25835200 0.94809700 -0.18537800 -0.95400700 0.28059600 0.10552300 0.15206200 0.14959000 0.97698400
0.06438300 0.02581900 -0.06387700 0.20696200 0.96654900 -0.15148900 -0.96698100 0.22562500 0.11849100 0.14870800 0.12196400 0.98133000
0.06429000 0.02562700 -0.06417800 0.12988000 0.98354600 -0.12556400 -0.98011100 0.14651400 0.13384700 0.15004200 0.10568300 0.98301400
0.06427600 0.02556300 -0.06435600 0.09003500 0.98984500 -0.10999400 -0.98360300 0.10570400 0.14611500 0.15625900 0.09503500 0.98313200
0.06420700 0.02549500 -0.06474600 -0.00686000 0.99734800 -0.07244500 -0.98540700 0.00558000 0.17011900 0.17007200 0.07255500 0.98275600
0.06416100 0.02542300 -0.06516600 -0.08727600 0.99559200 -0.03431800 -0.97813800 -0.07911600 0.19231300 0.18875000 0.05035200 0.98073200
0.06412400 0.02525800 -0.06551800 -0.13179500 0.99127400 -0.00186800 -0.96943400 -0.12849700 0.20900600 0.20694300 0.02935600 0.97791100
0.06404500 0.02513600 -0.06565200 -0.14350800 0.98956000 0.01326300 -0.96452800 -0.14285300 0.22198700 0.22156400 0.01906500 0.97495900
0.06373400 0.02491300 -0.06579600 -0.16593600 0.98534800 0.03942100 -0.95382000 -0.17052000 0.24728500 0.25038400 0.00343300 0.96814000
0.06330000 0.02482600 -0.06571300 -0.17877900 0.98237300 0.05459700 -0.94265500 -0.18691900 0.27651700 0.28184800 -0.00203100 0.95945600
0.06307100 0.02476100 -0.06562300 -0.17338100 0.98303500 0.05983300 -0.93849700 -0.18333400 0.29259300 0.29859900 -0.00542300 0.95436200
0.06256600 0.02463400 -0.06535500 -0.17453400 0.98272500 0.06155000 -0.92880100 -0.18506500 0.32105700 0.32690100 -0.00113200 0.94505700
0.06216300 0.02443300 -0.06503400 -0.18782600 0.98070100 0.05428300 -0.91933800 -0.19499100 0.34175300 0.34574200 0.01428500 0.93822000
0.06190500 0.02416900 -0.06481400 -0.20037000 0.97830500 0.05263700 -0.91013900 -0.20575700 0.35959600 0.36262500 0.02414500 0.93162200
0.06178900 0.02406500 -0.06475100 -0.19487100 0.97915000 0.05736000 -0.90614300 -0.20210800 0.37156000 0.37540600 0.02043000 0.92663400
0.06160800 0.02394500 -0.06471300 -0.18856000 0.97959600 0.06954200 -0.89350600 -0.20051200 0.40179600 0.40754200 0.01362600 0.91308400
0.06163500 0.02395900 -0.06471300 -0.15792000 0.98433100 0.07844200 -0.88010300 -0.17632700 0.44082500 0.44774900 0.00057800 0.89415800
0.06174300 0.02395600 -0.06470700 -0.14401700 0.98600700 0.08394700 -0.86383400 -0.16664800 0.47541300 0.48275000 -0.00404900 0.87574800
0.06182500 0.02397300 -0.06468600 -0.15204200 0.98486500 0.08319800 -0.85606400 -0.17329400 0.48695100 0.49399900 0.00281400 0.86945700
0.06191300 0.02402200 -0.06458700 -0.14719300 0.98572700 0.08170400 -0.85193700 -0.16831500 0.49585400 0.50252900 0.00338000 0.86455300
0.06200000 0.02409400 -0.06443400 -0.14637800 0.98743300 0.05956400 -0.85835200 -0.15671200 0.48854000 0.49173500 0.02038400 0.87050500
0.06203100 0.02414000 -0.06433600 -0.14603100 0.98747900 0.05964800 -0.85828300 -0.15644700 0.48874600 0.49195800 0.02017700 0.87038400
0.06201000 0.02430500 -0.06410300 -0.13153000 0.98947700 0.06028100 -0.86102400 -0.14416600 0.48770200 0.49126000 0.01224300 0.87092600
0.06192400 0.02445400 -0.06389600 -0.11730300 0.99144300 0.05726200 -0.86253400 -0.13029000 0.48893600 0.49221300 0.00796300 0.87043700
0.06189600 0.02450300 -0.06381400 -0.11633800 0.99148700 0.05845400 -0.86189200 -0.13002800 0.49013600 0.49356500 0.00664100 0.86968300
0.06189100 0.02459300 -0.06366100 -0.10797600 0.99214000 0.06322600 -0.86217400 -0.12511700 0.49091700 0.49496900 -0.00150400 0.86890800
0.06195700 0.02460300 -0.06359300 -0.10485800 0.99222400 0.06704600 -0.86333700 -0.12428500 0.48908300 0.49361200 -0.00659900 0.86965600
0.06205700 0.02456200 -0.06360100 -0.10175100 0.99246700 0.06822100 -0.86517900 -0.12213300 0.48636100 0.49103000 -0.00953500 0.87109000
0.06214600 0.02453300 -0.06362700 -0.09875500 0.99245800 0.07261300 -0.86664600 -0.12163800 0.48386700 0.48905100 -0.01514600 0.87212300
0.06226900 0.02450200 -0.06359000 -0.10304100 0.99076600 0.08811300 -0.86797300 -0.13282600 0.47851600 0.48580100 -0.02717300 0.87364600
0.06226900 0.02451400 -0.06341000 -0.09742100 0.99042100 0.09784400 -0.87006900 -0.13248800 0.47479100 0.48320700 -0.03887700 0.87464200
0.06227800 0.02449500 -0.06326900 -0.09690400 0.99049100 0.09764700 -0.86974000 -0.13197000 0.47553600 0.48390100 -0.03884600 0.87425900
0.06231700 0.02446200 -0.06298900 -0.09578800 0.99072700 0.09634800 -0.86930400 -0.13041300 0.47676200 0.48490600 -0.03808800 0.87373600
0.06236300 0.02452000 -0.06278600 -0.09479300 0.99095400 0.09499200 -0.86919600 -0.12890600 0.47736700 0.48529400 -0.03731600 0.87355300
0.06238300 0.02455000 -0.06271800 -0.09408200 0.99112300 0.09392900 -0.86924400 -0.12777300 0.47758600 0.48534800 -0.03671500 0.87354900
0.06244200 0.02464700 -0.06263700 -0.09275600 0.99144900 0.09178300 -0.86948700 -0.12557100 0.47772700 0.48516700 -0.03549200 0.87370000
0.06250000 0.02474200 -0.06261900 -0.09204900 0.99139200 0.09310000 -0.86897300 -0.12563100 0.47864600 0.48622200 -0.03684200 0.87305700
0.06250400 0.02481000 -0.06260700 -0.09139200 0.99156700 0.09187600 -0.86919000 -0.12445400 0.47855900 0.48595800 -0.03612100 0.87323500
0.06249700 0.02483300 -0.06258800 -0.09089300 0.99168600 0.09108100 -0.86927400 -0.12363200 0.47861900 0.48590100 -0.03567200 0.87328500
0.06244400 0.02487500 -0.06254200 -0.08986500 0.99192500 0.08947800 -0.86942000 -0.12195600 0.47878400 0.48583000 -0.03476900 0.87336000
0.06239200 0.02487700 -0.06255000 -0.08835900 0.99227200 0.08710200 -0.86968100 -0.11948300 0.47893300 0.48563900 -0.03343300 0.87351800
0.06237600 0.02488500 -0.06255800 -0.08768900 0.99242600 0.08602300 -0.86981600 -0.11837200 0.47896400 0.48551900 -0.03282500 0.87360800
0.06234900 0.02490200 -0.06254500 -0.08686000 0.99261100 0.08472200 -0.86995000 -0.11701500 0.47905400 0.48542800 -0.03209300 0.87368600
0.06232300 0.02490300 -0.06253300 -0.08613500 0.99276800 0.08361600 -0.87004100 -0.11584600 0.47917300 0.48539500 -0.03147600 0.87372700
0.06232400 0.02490600 -0.06253700 -0.07964700 0.99316800 0.08527300 -0.86986100 -0.11102600 0.48063900 0.48682300 -0.03589400 0.87276200
0.06232500 0.02491000 -0.06253400 -0.07932100 0.99322000 0.08497300 -0.86991300 -0.11059400 0.48064400 0.48678300 -0.03579400 0.87278800
0.06234900 0.02492600 -0.06251800 -0.07319700 0.99347700 0.08742400 -0.86963900 -0.10649300 0.48206300 0.48822900 -0.04074100 0.87176300
0.06236300 0.02495400 -0.06248700 -0.06693900 0.99394500 0.08711900 -0.87008800 -0.10088500 0.48246100 0.48832900 -0.04350600 0.87157300
0.06237000 0.02496700 -0.06246700 -0.06663600 0.99400700 0.08665200 -0.87011600 -0.10039300 0.48251200 0.48832000 -0.04324400 0.87159100
0.06235600 0.02500800 -0.06242000 -0.06003600 0.99449800 0.08583800 -0.87054700 -0.09424000 0.48297600 0.48840900 -0.04573000 0.87141500
0.06232000 0.02507100 -0.06237500 -0.04755200 0.99522200 0.08527000 -0.87126800 -0.08307500 0.48372500 0.48849800 -0.05129100 0.87105600
0.06232400 0.02511900 -0.06233300 -0.04656200 0.99540200 0.08369400 -0.87136900 -0.08144000 0.48382100 0.48841300 -0.05040100 0.87115500
0.06233700 0.02513500 -0.06231900 -0.04015900 0.99572500 0.08317700 -0.87167100 -0.07560400 0.48422300 0.48844100 -0.05305700 0.87098100
0.06237000 0.02515800 -0.06229700 -0.03937900 0.99585800 0.08194600 -0.87174000 -0.07432200 0.48429800 0.48838300 -0.05236500 0.87105600
0.06240600 0.02515900 -0.06231400 -0.03847900 0.99601100 0.08049800 -0.87185200 -0.07282500 0.48432300 0.48825400 -0.05154600 0.87117700
0.06241500 0.02515700 -0.06232200 -0.03798100 0.99609400 0.07970700 -0.87190600 -0.07200300 0.48434900 0.48819700 -0.05110100 0.87123500
0.06240500 0.02516200 -0.06232500 -0.03720700 0.99622000 0.07847900 -0.87198000 -0.07072700 0.48440300 0.48812300 -0.05040900 0.87131700
0.06240400 0.02518200 -0.06230100 -0.03619500 0.99638000 0.07691200 -0.87204800 -0.06907900 0.48452000 0.48807900 -0.04953400 0.87139200
0.06238000 0.02521700 -0.06226600 -0.03538800 0.99650500 0.07566000 -0.87209700 -0.06776500 0.48461700 0.48805000 -0.04883400 0.87144700
0.06237700 0.02523500 -0.06225100 -0.03503700 0.99655900 0.07511100 -0.87212400 -0.06719000 0.48464900 0.48802800 -0.04852500 0.87147700
0.06238000 0.02524700 -0.06222100 -0.03441400 0.99665000 0.07418500 -0.87213300 -0.06619800 0.48476900 0.48805600 -0.04801600 0.87148900
0.06236900 0.02524200 -0.06217800 -0.03382700 0.99691300 0.07084000 -0.87280300 -0.06399800 0.48385700 0.48689700 -0.04546200 0.87227400
0.06236500 0.02523800 -0.06216100 -0.03195000 0.99689500 0.07196200 -0.87393000 -0.06280100 0.48197500 0.48499800 -0.04749000 0.87322300
0.06237400 0.02524200 -0.06215000 -0.03177600 0.99692200 0.07166500 -0.87382700 -0.06251600 0.48220000 0.48519600 -0.04730000 0.87312400
