0.08601200 0.04144100 -0.02489700 -0.62124800 0.47085200 -0.62637600 -0.54385300 -0.83455900 -0.08794400 -0.56415700 0.28602200 0.77454300
0.08601100 0.04143400 -0.02490000 -0.62127900 0.47082300 -0.62636800 -0.54382900 -0.83457700 -0.08791700 -0.56414600 0.28601600 0.77455300
0.08601400 0.04142400 -0.02490400 -0.62129100 0.47081000 -0.62636500 -0.54381900 -0.83458500 -0.08790500 -0.56414200 0.28601500 0.77455600
0.08600900 0.04142400 -0.02490900 -0.62131200 0.47078900 -0.62636000 -0.54378700 -0.83460500 -0.08790700 -0.56415000 0.28599000 0.77456000
0.08601400 0.04142800 -0.02490800 -0.62127900 0.47081800 -0.62637100 -0.54381200 -0.83458600 -0.08793500 -0.56416300 0.28599700 0.77454800
0.08601400 0.04142800 -0.02490700 -0.62127900 0.47081800 -0.62637100 -0.54381200 -0.83458600 -0.08793400 -0.56416300 0.28599700 0.77454800
0.08601800 0.04142300 -0.02490900 -0.62127600 0.47081900 -0.62637400 -0.54381400 -0.83458500 -0.08793600 -0.56416500 0.28599800 0.77454600
0.08601400 0.04142800 -0.02491300 -0.62128100 0.47081300 -0.62637300 -0.54379400 -0.83459700 -0.08795100 -0.56417800 0.28597600 0.77454500
0.08601300 0.04142400 -0.02491400 -0.62129600 0.47079900 -0.62636900 -0.54378200 -0.83460600 -0.08793700 -0.56417200 0.28597300 0.77455000
0.08601700 0.04141900 -0.02491600 -0.62129400 0.47079900 -0.62637100 -0.54378300 -0.83460500 -0.08793900 -0.56417400 0.28597500 0.77454800
0.08601700 0.04141500 -0.02491300 -0.62130600 0.47079000 -0.62636500 -0.54379000 -0.83460300 -0.08790900 -0.56415400 0.28599300 0.77455600
0.08601700 0.04141500 -0.02491300 -0.62130600 0.47079000 -0.62636500 -0.54379000 -0.83460300 -0.08790900 -0.56415400 0.28599300 0.77455600
0.08601600 0.04140800 -0.02491500 -0.62133700 0.47076100 -0.62635600 -0.54376500 -0.83462200 -0.08788300 -0.56414300 0.28598700 0.77456600
0.08601400 0.04139500 -0.02492000 -0.62138300 0.47071800 -0.62634400 -0.54373000 -0.83465000 -0.08784300 -0.56412700 0.28597800 0.77458100
0.08601300 0.04138700 -0.02491800 -0.62141100 0.47069400 -0.62633400 -0.54372500 -0.83465700 -0.08780000 -0.56410100 0.28599400 0.77459400
0.08601400 0.04139200 -0.02491700 -0.62139600 0.47070800 -0.62633800 -0.54373600 -0.83464800 -0.08781300 -0.56410700 0.28599600 0.77458900
0.08601300 0.04138900 -0.02491700 -0.62141100 0.47069400 -0.62633400 -0.54372400 -0.83465800 -0.08780000 -0.56410200 0.28599300 0.77459400
0.08601300 0.04138700 -0.02491800 -0.62141100 0.47069400 -0.62633300 -0.54372400 -0.83465800 -0.08780000 -0.56410100 0.28599300 0.77459400
0.08601800 0.04138700 -0.02491900 -0.62139300 0.47070900 -0.62634000 -0.54373800 -0.83464800 -0.08781400 -0.56410900 0.28599800 0.77458700
0.08601300 0.04138700 -0.02491800 -0.62141100 0.47069400 -0.62633300 -0.54372400 -0.83465800 -0.08780000 -0.56410200 0.28599300 0.77459400
0.08600900 0.04138800 -0.02491800 -0.62143000 0.47067900 -0.62632700 -0.54371100 -0.83466800 -0.08778500 -0.56409400 0.28598900 0.77460100
0.08600800 0.04138700 -0.02492300 -0.62143200 0.47067300 -0.62632800 -0.54369300 -0.83467800 -0.08780100 -0.56410900 0.28596800 0.77459800
0.08600900 0.04139400 -0.02492600 -0.62140400 0.47069700 -0.62633900 -0.54369800 -0.83467000 -0.08784400 -0.56413500 0.28595300 0.77458500
0.08600900 0.04139200 -0.02492200 -0.62141700 0.47068800 -0.62633300 -0.54370500 -0.83466900 -0.08781500 -0.56411400 0.28597100 0.77459300
0.08600800 0.04138700 -0.02492300 -0.62143200 0.47067300 -0.62632800 -0.54369300 -0.83467800 -0.08780100 -0.56410900 0.28596800 0.77459800
0.08600800 0.04138700 -0.02492300 -0.62143200 0.47067300 -0.62632800 -0.54369300 -0.83467800 -0.08780100 -0.56410900 0.28596800 0.77459800
0.08600800 0.04139100 -0.02492700 -0.62141900 0.47068200 -0.62633400 -0.54368600 -0.83467900 -0.08783100 -0.56412900 0.28595000 0.77459000
0.08601300 0.04139400 -0.02493100 -0.62138800 0.47070700 -0.62634700 -0.54369300 -0.83467000 -0.08787500 -0.56415700 0.28593600 0.77457500
0.08600800 0.04139000 -0.02493200 -0.62142200 0.47067700 -0.62633600 -0.54366800 -0.83469000 -0.08784700 -0.56414400 0.28592900 0.77458700
0.08600700 0.04138600 -0.02493400 -0.62143700 0.47066200 -0.62633200 -0.54365600 -0.83469900 -0.08783400 -0.56413900 0.28592600 0.77459200
0.08601100 0.04137500 -0.02493300 -0.62146200 0.47064000 -0.62632400 -0.54365200 -0.83470500 -0.08779200 -0.56411500 0.28594300 0.77460300
0.08601100 0.04138100 -0.02493600 -0.62143400 0.47066300 -0.62633400 -0.54365800 -0.83469700 -0.08783500 -0.56414100 0.28592800 0.77459000
0.08601100 0.04138200 -0.02493600 -0.62143400 0.47066300 -0.62633400 -0.54365700 -0.83469800 -0.08783500 -0.56414100 0.28592700 0.77459000
0.08601100 0.04138200 -0.02493600 -0.62143400 0.47066300 -0.62633400 -0.54365700 -0.83469800 -0.08783500 -0.56414100 0.28592800 0.77459000
0.08600700 0.04138200 -0.02493500 -0.62145300 0.47064800 -0.62632700 -0.54364400 -0.83470800 -0.08782000 -0.56413400 0.28592300 0.77459700
0.08601400 0.04136600 -0.02493700 -0.62136900 0.47072600 -0.62635100 -0.54372400 -0.83465000 -0.08787200 -0.56414900 0.28596200 0.77457100
0.08602100 0.04135700 -0.02494600 -0.62136600 0.47072200 -0.62635800 -0.54370800 -0.83465900 -0.08789000 -0.56416700 0.28594400 0.77456400
0.08602900 0.04133000 -0.02496700 -0.62140800 0.47067000 -0.62635500 -0.54364000 -0.83470400 -0.08788600 -0.56418700 0.28589800 0.77456700
0.08602600 0.04128800 -0.02500400 -0.62155400 0.47051800 -0.62632400 -0.54346000 -0.83482700 -0.08783200 -0.56420000 0.28578900 0.77459700
0.08602300 0.04127700 -0.02502400 -0.62159200 0.47047200 -0.62632000 -0.54338000 -0.83487600 -0.08785500 -0.56423400 0.28572100 0.77459800
0.08601900 0.04129900 -0.02505100 -0.62152200 0.47052000 -0.62635500 -0.54332100 -0.83489400 -0.08804700 -0.56436800 0.28558900 0.77454900
0.08602000 0.04132100 -0.02505800 -0.62145300 0.47057600 -0.62638100 -0.54332600 -0.83487900 -0.08816200 -0.56444000 0.28554100 0.77451500
0.08602500 0.04131700 -0.02505500 -0.62144700 0.47058300 -0.62638200 -0.54334600 -0.83486800 -0.08814700 -0.56442700 0.28556300 0.77451600
0.08602000 0.04131700 -0.02505400 -0.62146500 0.47056800 -0.62637500 -0.54333300 -0.83487800 -0.08813200 -0.56441900 0.28555900 0.77452300
0.08602100 0.04131500 -0.02504000 -0.62147300 0.47056900 -0.62636600 -0.54337600 -0.83485600 -0.08807000 -0.56436900 0.28561900 0.77453700
0.08602500 0.04132800 -0.02500900 -0.62152000 0.47054000 -0.62634200 -0.54342100 -0.83484100 -0.08793700 -0.56427400 0.28571300 0.77457200
0.08602700 0.04133800 -0.02500000 -0.62138000 0.47067500 -0.62637800 -0.54354700 -0.83474800 -0.08804000 -0.56430700 0.28576000 0.77453100
0.08603600 0.04134900 -0.02501200 -0.62141200 0.47063300 -0.62637900 -0.54347200 -0.83479500 -0.08806500 -0.56434500 0.28569500 0.77452700
0.08606400 0.04133200 -0.02502000 -0.62122300 0.47079700 -0.62644200 -0.54361200 -0.83468700 -0.08821900 -0.56441700 0.28573800 0.77445800
0.08608100 0.04132200 -0.02502400 -0.62128700 0.47072900 -0.62643000 -0.54355900 -0.83472800 -0.08815800 -0.56439800 0.28573000 0.77447500
0.08608500 0.04132500 -0.02502900 -0.62125600 0.47075300 -0.62644300 -0.54356500 -0.83471900 -0.08820200 -0.56442500 0.28571700 0.77446000
0.08609500 0.04133800 -0.02503400 -0.62116300 0.47083100 -0.62647600 -0.54360300 -0.83468200 -0.08831700 -0.56449100 0.28569500 0.77442000
0.08608400 0.04135000 -0.02501900 -0.62118200 0.47082500 -0.62646200 -0.54362400 -0.83467400 -0.08826700 -0.56445100 0.28573000 0.77443700
0.08607700 0.04136400 -0.02501300 -0.62117300 0.47083800 -0.62646200 -0.54363300 -0.83466700 -0.08827800 -0.56445200 0.28572900 0.77443600
0.08607300 0.04138800 -0.02503400 -0.62111400 0.47087800 -0.62649000 -0.54358100 -0.83468300 -0.08844100 -0.56456600 0.28561600 0.77439500
0.08608800 0.04138800 -0.02506600 -0.62102600 0.47093500 -0.62653400 -0.54354800 -0.83468600 -0.08862300 -0.56469500 0.28551400 0.77433800
0.08609700 0.04139400 -0.02507900 -0.62096700 0.47097800 -0.62656000 -0.54354300 -0.83467800 -0.08872700 -0.56476500 0.28546700 0.77430500
0.08609800 0.04140400 -0.02508100 -0.62092300 0.47101600 -0.62657500 -0.54356000 -0.83466000 -0.08878300 -0.56479600 0.28545400 0.77428600
0.08609800 0.04142000 -0.02509500 -0.62088800 0.47103800 -0.62659400 -0.54352300 -0.83467400 -0.08888800 -0.56487200 0.28537900 0.77425900
0.08609300 0.04141600 -0.02509600 -0.62101200 0.47092300 -0.62655800 -0.54342700 -0.83474700 -0.08878200 -0.56482700 0.28535400 0.77430000
0.08609000 0.04141800 -0.02509000 -0.62101200 0.47092700 -0.62655400 -0.54344400 -0.83473800 -0.08876400 -0.56481000 0.28537400 0.77430600
0.08607900 0.04143300 -0.02507900 -0.62092800 0.47101600 -0.62657100 -0.54352900 -0.83467600 -0.08882300 -0.56482100 0.28540700 0.77428500
0.08606500 0.04143000 -0.02507900 -0.62099800 0.47095600 -0.62654600 -0.54347700 -0.83471600 -0.08876600 -0.56479400 0.28539000 0.77431100
0.08607700 0.04142700 -0.02509100 -0.62094800 0.47099100 -0.62656900 -0.54348000 -0.83470600 -0.08884200 -0.56484600 0.28536200 0.77428400
0.08608600 0.04142600 -0.02509200 -0.62091100 0.47102200 -0.62658200 -0.54350700 -0.83468500 -0.08887100 -0.56486000 0.28537100 0.77427000
0.08610700 0.04142000 -0.02509000 -0.62083300 0.47108900 -0.62660900 -0.54358000 -0.83463300 -0.08891400 -0.56487600 0.28541200 0.77424300
0.08610800 0.04142400 -0.02508900 -0.62081800 0.47110400 -0.62661400 -0.54359200 -0.83462400 -0.08892700 -0.56488200 0.28541500 0.77423800
0.08610800 0.04142800 -0.02509200 -0.62080500 0.47111300 -0.62662000 -0.54358600 -0.83462500 -0.08895700 -0.56490200 0.28539700 0.77423000
0.08610300 0.04142800 -0.02509700 -0.62082600 0.47109200 -0.62661500 -0.54355400 -0.83464600 -0.08895900 -0.56491000 0.28537100 0.77423400
0.08609900 0.04143900 -0.02510300 -0.62080300 0.47110900 -0.62662400 -0.54354000 -0.83464900 -0.08901600 -0.56494800 0.28533400 0.77422000
0.08610000 0.04148600 -0.02515200 -0.62074300 0.47112800 -0.62667000 -0.54337400 -0.83472600 -0.08930800 -0.56517400 0.28507900 0.77414900
0.08609700 0.04154200 -0.02520700 -0.62066000 0.47116300 -0.62672500 -0.54319300 -0.83480600 -0.08965800 -0.56543800 0.28478600 0.77406400
0.08608600 0.04168500 -0.02535100 -0.62231100 0.46989800 -0.62603800 -0.54257400 -0.83541600 -0.08771200 -0.56421800 0.28508800 0.77484300
0.08605900 0.04194800 -0.02558200 -0.62431300 0.46656600 -0.62653600 -0.54176400 -0.83641900 -0.08301900 -0.56278100 0.28760500 0.77495700
0.08604300 0.04210900 -0.02571400 -0.62516500 0.46542300 -0.62653700 -0.54150100 -0.83676100 -0.08127400 -0.56208900 0.28846100 0.77514100
0.08599700 0.04250300 -0.02602000 -0.62210800 0.45923700 -0.63409800 -0.54009500 -0.83806600 -0.07707600 -0.56681300 0.29452400 0.76940000
0.08595600 0.04294000 -0.02633000 -0.62485400 0.44156600 -0.64387600 -0.52855000 -0.84622200 -0.06739700 -0.57462200 0.29820700 0.76215500
0.08593200 0.04332500 -0.02657400 -0.62543800 0.42526600 -0.65419800 -0.52358900 -0.85036800 -0.05221600 -0.57851600 0.30987300 0.75451700
0.08591700 0.04349900 -0.02666900 -0.62702800 0.41581500 -0.65873500 -0.51910700 -0.85354100 -0.04466300 -0.58083000 0.31394900 0.75104700
0.08587800 0.04380600 -0.02679800 -0.63053400 0.39844200 -0.66608500 -0.50474300 -0.86242800 -0.03808900 -0.58962700 0.31218600 0.74490100
0.08580800 0.04403000 -0.02687200 -0.63392200 0.38252600 -0.67217200 -0.49272100 -0.86966100 -0.03023200 -0.59612700 0.31202900 0.73977600
0.08575300 0.04410700 -0.02689600 -0.64273500 0.36630200 -0.67283900 -0.47556700 -0.87933900 -0.02443400 -0.60060500 0.30427600 0.73938400
0.08554400 0.04424400 -0.02692000 -0.67319800 0.30029100 -0.67574300 -0.40705100 -0.91340500 -0.00038700 -0.61734400 0.27480200 0.73713600
0.08523400 0.04441200 -0.02693800 -0.69970800 0.20374600 -0.68475900 -0.31090100 -0.94979400 0.03508300 -0.64323300 0.23744000 0.72792300
0.08506200 0.04451900 -0.02694900 -0.70315500 0.15376800 -0.69421000 -0.26209400 -0.96363800 0.05202500 -0.66096800 0.21853000 0.71788900
0.08469700 0.04477600 -0.02702200 -0.68828600 0.06508100 -0.72251300 -0.18353000 -0.97918800 0.08663500 -0.70183900 0.19223200 0.68590700
0.08438000 0.04497800 -0.02716800 -0.65782100 -0.00581100 -0.75315100 -0.13424900 -0.98305200 0.12484000 -0.74111200 0.18323200 0.64589200
0.08401300 0.04518200 -0.02734200 -0.62116700 -0.07736600 -0.77984900 -0.07407100 -0.98486300 0.15670300 -0.78016900 0.15510300 0.60603400
0.08381700 0.04529100 -0.02743800 -0.60435500 -0.10941400 -0.78916600 -0.04808000 -0.98371000 0.17320700 -0.79526200 0.14262200 0.58924900
0.08345400 0.04554700 -0.02769300 -0.57332200 -0.16394200 -0.80275900 -0.01313000 -0.97781200 0.20906900 -0.81922400 0.13040400 0.55844900
0.08311700 0.04585600 -0.02801500 -0.54801200 -0.20372500 -0.81128100 0.00329100 -0.97040400 0.24146000 -0.83646300 0.12965300 0.53246400
0.08294700 0.04604200 -0.02820900 -0.53711800 -0.21884100 -0.81462400 0.00842400 -0.96710100 0.25424900 -0.84346400 0.12969900 0.52129100
0.08261500 0.04641700 -0.02858100 -0.51356400 -0.25353500 -0.81973800 0.03154400 -0.96028200 0.27724100 -0.85747100 0.11652300 0.50116400
0.08237300 0.04671800 -0.02886400 -0.49390200 -0.27801500 -0.82387300 0.04061000 -0.95384800 0.29752900 -0.86856800 0.11349300 0.48239800
0.08215300 0.04695000 -0.02902200 -0.47252000 -0.30438600 -0.82708700 0.05346400 -0.94663600 0.31783800 -0.87969600 0.10596600 0.46357800
0.08204100 0.04702200 -0.02906000 -0.46337900 -0.32039100 -0.82621300 0.06028000 -0.94158900 0.33132400 -0.88410700 0.10372400 0.45562600
0.08180400 0.04706900 -0.02905500 -0.44194400 -0.35672600 -0.82306100 0.08479400 -0.93003200 0.35755900 -0.89302500 0.08823100 0.44127100
0.08163500 0.04705800 -0.02903600 -0.41815500 -0.38218900 -0.82406100 0.10034300 -0.92106400 0.37626000 -0.90281600 0.07464600 0.42349700
0.08158600 0.04705500 -0.02904500 -0.41014400 -0.39152300 -0.82370500 0.10006800 -0.91703100 0.38605500 -0.90651300 0.07591100 0.41529400
0.08154500 0.04706800 -0.02907300 -0.39097300 -0.41098100 -0.82354900 0.10967800 -0.90919900 0.40165500 -0.91384300 0.06671100 0.40054900
0.08155700 0.04711300 -0.02914200 -0.37522000 -0.42538300 -0.82356500 0.11927000 -0.90325100 0.41220300 -0.91923000 0.05644000 0.38965300
0.08161100 0.04717600 -0.02926200 -0.36369900 -0.43334900 -0.82457900 0.12913600 -0.90010900 0.41608500 -0.92252100 0.04484700 0.38333000
0.08165300 0.04722500 -0.02933600 -0.36075900 -0.43429100 -0.82537400 0.12860300 -0.89967900 0.41717800 -0.92374900 0.04435500 0.38041900
0.08171800 0.04731500 -0.02945700 -0.35811800 -0.43682200 -0.82518900 0.12873200 -0.89846600 0.41974400 -0.92475800 0.04408900 0.37799000
0.08172700 0.04740500 -0.02953300 -0.35810300 -0.43602800 -0.82561500 0.12910900 -0.89888700 0.41872500 -0.92471100 0.04335200 0.37819000
0.08172000 0.04743300 -0.02955300 -0.35790600 -0.43536100 -0.82605200 0.12899200 -0.89922500 0.41803700 -0.92480400 0.04306400 0.37799600
0.08169900 0.04743600 -0.02955000 -0.35759500 -0.43423500 -0.82678000 0.12854800 -0.89978000 0.41697600 -0.92498600 0.04282700 0.37757700
0.08168200 0.04742000 -0.02952000 -0.35738600 -0.43338200 -0.82731700 0.12804700 -0.90019100 0.41624300 -0.92513700 0.04282400 0.37720900
0.08167800 0.04740600 -0.02950500 -0.35717400 -0.43259600 -0.82782000 0.12764900 -0.90057400 0.41553800 -0.92527400 0.04274900 0.37688200
0.08167700 0.04740900 -0.02951400 -0.35979100 -0.43121000 -0.82741000 0.12842500 -0.90124300 0.41384400 -0.92415100 0.04263800 0.37963800
0.08169400 0.04741400 -0.02952300 -0.35952200 -0.43119200 -0.82753600 0.12830300 -0.90125200 0.41386100 -0.92427300 0.04261700 0.37934400
0.08173200 0.04740900 -0.02952700 -0.36760600 -0.42540100 -0.82698100 0.11242300 -0.90305100 0.41455800 -0.92316100 0.05942200 0.37979200
0.08175000 0.04741400 -0.02953100 -0.36743900 -0.42493000 -0.82729800 0.11227700 -0.90328300 0.41409200 -0.92324500 0.05926700 0.37961200
0.08176300 0.04743600 -0.02955900 -0.36716500 -0.42421000 -0.82778800 0.11218300 -0.90364600 0.41332500 -0.92336500 0.05889400 0.37937600
0.08176300 0.04743800 -0.02956800 -0.37155100 -0.42052100 -0.82771400 0.10309400 -0.90471100 0.41336200 -0.92267000 0.06825300 0.37950000
0.08174000 0.04745700 -0.02956400 -0.37419200 -0.41581100 -0.82890300 0.09553400 -0.90636800 0.41154400 -0.92241600 0.07480800 0.37888000
0.08172300 0.04746400 -0.02956100 -0.37421400 -0.41587500 -0.82886100 0.09556700 -0.90633800 0.41160200 -0.92240400 0.07481600 0.37890900
0.08169200 0.04746000 -0.02956100 -0.37419400 -0.41581100 -0.82890200 0.09555400 -0.90637000 0.41153500 -0.92241300 0.07478900 0.37889100
0.08169200 0.04745600 -0.02955800 -0.37676600 -0.41449200 -0.82839700 0.09625700 -0.90697700 0.41003100 -0.92129300 0.07474700 0.38161600
0.08168900 0.04746400 -0.02955900 -0.37660600 -0.41454900 -0.82844200 0.09620200 -0.90695100 0.41010200 -0.92136400 0.07474900 0.38144400
0.08168000 0.04746100 -0.02956000 -0.37655300 -0.41450200 -0.82848900 0.09617300 -0.90697400 0.41005700 -0.92138900 0.07473000 0.38138800
0.08167400 0.04745300 -0.02956300 -0.37652900 -0.41443900 -0.82853200 0.09615400 -0.90700500 0.40999400 -0.92140000 0.07470800 0.38136300
0.08167300 0.04744900 -0.02956400 -0.37649200 -0.41433700 -0.82859900 0.09611600 -0.90705300 0.40989500 -0.92141900 0.07468000 0.38132300
0.08166900 0.04745300 -0.02957300 -0.37644700 -0.41423300 -0.82867200 0.09612700 -0.90710800 0.40977200 -0.92143600 0.07460000 0.38129700
0.08165200 0.04747400 -0.02958900 -0.37639600 -0.41413400 -0.82874400 0.09621100 -0.90716500 0.40962500 -0.92144900 0.07444700 0.38129800
0.08164400 0.04748600 -0.02960400 -0.37634300 -0.41402500 -0.82882300 0.09626600 -0.90722600 0.40947800 -0.92146500 0.07431700 0.38128500
0.08164300 0.04748600 -0.02961400 -0.37625500 -0.41379700 -0.82897700 0.09622600 -0.90733900 0.40923800 -0.92150500 0.07420800 0.38120900
0.08164600 0.04745700 -0.02962600 -0.37611500 -0.41340200 -0.82923700 0.09607400 -0.90752700 0.40885500 -0.92157800 0.07410800 0.38105200
0.08163100 0.04741800 -0.02964500 -0.37610600 -0.41338000 -0.82925200 0.09609100 -0.90753900 0.40882400 -0.92158000 0.07407700 0.38105300
0.08162400 0.04738100 -0.02965900 -0.37603500 -0.41317800 -0.82938500 0.09601300 -0.90763600 0.40862800 -0.92161700 0.07402600 0.38097400
0.08162200 0.04736700 -0.02966400 -0.37597000 -0.41299000 -0.82950800 0.09594100 -0.90772500 0.40844700 -0.92165100 0.07398000 0.38090100
0.08161900 0.04734900 -0.02967100 -0.38116000 -0.40995300 -0.82864600 0.09138300 -0.90862700 0.40748700 -0.91998100 0.07959300 0.38379500
0.08160900 0.04734100 -0.02967400 -0.38022600 -0.40785600 -0.83010800 0.09064900 -0.90963000 0.40540600 -0.92044000 0.07889700 0.38283700
0.08160000 0.04734000 -0.02967900 -0.38024200 -0.40791400 -0.83007300 0.09069700 -0.90960600 0.40545100 -0.92042900 0.07888400 0.38286600
0.08159600 0.04732100 -0.02969100 -0.37932900 -0.40554000 -0.83165200 0.08994800 -0.91073500 0.40307600 -0.92087900 0.07809200 0.38194500
0.08158600 0.04729900 -0.02972000 -0.37764300 -0.40120700 -0.83451600 0.08866400 -0.91278000 0.39871000 -0.92169500 0.07657800 0.38027800
0.08157800 0.04727700 -0.02972800 -0.37765400 -0.40123100 -0.83449900 0.08867200 -0.91276900 0.39873400 -0.92169000 0.07658600 0.38028900
0.08155400 0.04723800 -0.02974200 -0.37770600 -0.40136600 -0.83441100 0.08872800 -0.91270600 0.39886400 -0.92166400 0.07661800 0.38034700
0.08153400 0.04719600 -0.02976200 -0.37766100 -0.40124500 -0.83448900 0.08870700 -0.91276500 0.39873600 -0.92168400 0.07656200 0.38030900
0.08152700 0.04716600 -0.02978400 -0.38022000 -0.39933900 -0.83424200 0.08343700 -0.91311700 0.39906700 -0.92112400 0.08212600 0.38050500
0.08152700 0.04716200 -0.02978600 -0.38022400 -0.39935700 -0.83423100 0.08344700 -0.91310900 0.39908300 -0.92112100 0.08212700 0.38051200
0.08151000 0.04716600 -0.02978400 -0.38012600 -0.39907500 -0.83441100 0.08334200 -0.91323800 0.39880900 -0.92117100 0.08205600 0.38040600
0.08149800 0.04716800 -0.02977700 -0.38006600 -0.39888900 -0.83452800 0.08325000 -0.91332200 0.39863700 -0.92120500 0.08203400 0.38032900
0.08149400 0.04716900 -0.02977600 -0.38007400 -0.39890900 -0.83451500 0.08325900 -0.91331300 0.39865500 -0.92120100 0.08203800 0.38033900
0.08148400 0.04716300 -0.02977800 -0.38260800 -0.39693300 -0.83429800 0.07791200 -0.91365300 0.39895600 -0.92061900 0.08764200 0.38049800
0.08146900 0.04715400 -0.02978600 -0.38171100 -0.39468500 -0.83577400 0.07721000 -0.91469800 0.39669300 -0.92105000 0.08689200 0.37962400
0.08146700 0.04714300 -0.02978500 -0.38168700 -0.39461600 -0.83581800 0.07716200 -0.91472700 0.39663400 -0.92106400 0.08689600 0.37959000
0.08146700 0.04713900 -0.02978700 -0.38164900 -0.39451400 -0.83588300 0.07712400 -0.91477400 0.39653400 -0.92108300 0.08687000 0.37954900
0.08145800 0.04713900 -0.02979100 -0.38328200 -0.39039100 -0.83707100 0.07110200 -0.91606500 0.39467600 -0.92089000 0.09175500 0.37886900
0.08144500 0.04714100 -0.02979000 -0.38330800 -0.39045800 -0.83702800 0.07113400 -0.91603500 0.39473800 -0.92087700 0.09176600 0.37889900
0.08144100 0.04714200 -0.02978900 -0.38327100 -0.39035800 -0.83709100 0.07109700 -0.91608000 0.39464000 -0.92089500 0.09174000 0.37886000
0.08143000 0.04713100 -0.02979300 -0.38321600 -0.39021100 -0.83718500 0.07104200 -0.91614700 0.39449500 -0.92092200 0.09170100 0.37880400
0.08142800 0.04711800 -0.02980300 -0.38475400 -0.38595200 -0.83845400 0.06495800 -0.91745200 0.39250700 -0.92073000 0.09655400 0.37806400
0.08141700 0.04710700 -0.02980700 -0.38386900 -0.38381800 -0.83983700 0.06426900 -0.91841800 0.39035500 -0.92114700 0.09587000 0.37721900
0.08141200 0.04710300 -0.02980800 -0.38389900 -0.38388800 -0.83979200 0.06429300 -0.91838600 0.39042500 -0.92113300 0.09589000 0.37724900
0.08140600 0.04709000 -0.02980800 -0.38448100 -0.37768400 -0.84233500 0.05763300 -0.92051500 0.38643200 -0.92133100 0.10002900 0.37568700
0.08139200 0.04708200 -0.02981100 -0.38452000 -0.37755900 -0.84237200 0.05747600 -0.92055300 0.38636500 -0.92132500 0.10014900 0.37567200
0.08138700 0.04707800 -0.02981200 -0.38448800 -0.37747800 -0.84242300 0.05744700 -0.92058800 0.38628400 -0.92134000 0.10012700 0.37564000
0.08138100 0.04707200 -0.02981400 -0.38446200 -0.37741500 -0.84246400 0.05742600 -0.92061700 0.38622000 -0.92135200 0.10010700 0.37561500
0.08138000 0.04706700 -0.02981600 -0.38442000 -0.37731400 -0.84252800 0.05739000 -0.92066100 0.38611900 -0.92137200 0.10008000 0.37557500
0.08138000 0.04706300 -0.02981800 -0.38433300 -0.37709200 -0.84266700 0.05730300 -0.92075800 0.38590200 -0.92141300 0.10002700 0.37548600
0.08137300 0.04704700 -0.02981800 -0.38423000 -0.37681500 -0.84283800 0.05717300 -0.92087500 0.38564100 -0.92146500 0.09998800 0.37537100
0.08136800 0.04704100 -0.02982000 -0.38415800 -0.37663000 -0.84295300 0.05710100 -0.92095600 0.38545900 -0.92149900 0.09994400 0.37529900
0.08136600 0.04702400 -0.02981700 -0.38316400 -0.37423800 -0.84447000 0.05626100 -0.92200300 0.38307100 -0.92196400 0.09926900 0.37433400
0.08136100 0.04702100 -0.02982300 -0.38216100 -0.37186700 -0.84597100 0.05551100 -0.92304300 0.38066900 -0.92242600 0.09851600 0.37339400
0.08135100 0.04701100 -0.02982100 -0.38012100 -0.36699400 -0.84901200 0.05388900 -0.92514200 0.37577500 -0.92336500 0.09708800 0.37144300
0.08132900 0.04700500 -0.02981200 -0.37883100 -0.36383300 -0.85094700 0.05276300 -0.92647500 0.37263600 -0.92395900 0.09626800 0.37017500
0.08130700 0.04700400 -0.02981200 -0.37850800 -0.36299000 -0.85145000 0.05244000 -0.92682500 0.37181200 -0.92411000 0.09608400 0.36984600
0.08124700 0.04701100 -0.02981100 -0.37792600 -0.36147200 -0.85235500 0.05188600 -0.92745500 0.37031500 -0.92438000 0.09572600 0.36926500
0.08119700 0.04699700 -0.02981400 -0.37763100 -0.36068300 -0.85281900 0.05158900 -0.92778000 0.36954300 -0.92451700 0.09555500 0.36896600
0.08115600 0.04696700 -0.02982900 -0.37974200 -0.35822800 -0.85291700 0.04598500 -0.92815000 0.36935300 -0.92394800 0.10103800 0.36893100
0.08114400 0.04694400 -0.02983800 -0.37965600 -0.35801000 -0.85304700 0.04590400 -0.92824000 0.36913700 -0.92398700 0.10098700 0.36884600
0.08111100 0.04690600 -0.02985100 -0.37958600 -0.35782000 -0.85315800 0.04583600 -0.92831800 0.36894900 -0.92402000 0.10094200 0.36877700
0.08106600 0.04689700 -0.02985300 -0.37964900 -0.35794700 -0.85307600 0.04589000 -0.92826600 0.36907400 -0.92399100 0.10097100 0.36884100
0.08104100 0.04690100 -0.02985000 -0.37970400 -0.35806400 -0.85300300 0.04593800 -0.92821800 0.36918900 -0.92396600 0.10099700 0.36889600
0.08099000 0.04690600 -0.02984000 -0.37977400 -0.35818900 -0.85291900 0.04596600 -0.92816400 0.36932100 -0.92393600 0.10105300 0.36895700
0.08095100 0.04688300 -0.02984700 -0.37868400 -0.35561600 -0.85447900 0.04512600 -0.92923300 0.36672800 -0.92442500 0.10031500 0.36793300
0.08090800 0.04683700 -0.02986400 -0.37641100 -0.35027500 -0.85768400 0.04338600 -0.93142000 0.36134800 -0.92543600 0.09880400 0.36579400
0.08087200 0.04680500 -0.02987900 -0.37517100 -0.34735200 -0.85941400 0.04245200 -0.93260200 0.35840100 -0.92598200 0.09797800 0.36463100
0.08074600 0.04671300 -0.02992500 -0.37228900 -0.34050200 -0.86339900 0.04025500 -0.93531800 0.35150700 -0.92724200 0.09610600 0.36191600
0.08052600 0.04655400 -0.02997800 -0.36564600 -0.32484600 -0.87222500 0.03526500 -0.94127900 0.33578100 -0.93008500 0.09201800 0.35563100
0.08036900 0.04645000 -0.03000700 -0.36021800 -0.31212800 -0.87910100 0.03130000 -0.94587700 0.32301200 -0.93234300 0.08883900 0.35049100
0.07998500 0.04618800 -0.03009900 -0.34837100 -0.28435700 -0.89318400 0.02282300 -0.95516600 0.29518800 -0.93707800 0.08245000 0.33924200
0.07949300 0.04582300 -0.03023300 -0.33909100 -0.26221400 -0.90347100 0.01590100 -0.96183000 0.27318300 -0.94061800 0.07826800 0.33031800
0.07887500 0.04537000 -0.03042000 -0.33053900 -0.24725500 -0.91082800 0.01649900 -0.96643900 0.25636400 -0.94364700 0.06971000 0.32352600
0.07853300 0.04511100 -0.03053700 -0.32284500 -0.24526100 -0.91412100 0.03163400 -0.96809600 0.24857100 -0.94592200 0.05133200 0.32030400
0.07778100 0.04453400 -0.03090900 -0.30054600 -0.24199300 -0.92255600 0.07304000 -0.97027500 0.23071600 -0.95096600 0.00195700 0.30928700
0.07702900 0.04390500 -0.03141300 -0.27447700 -0.24083200 -0.93094600 0.11301500 -0.96949800 0.21748400 -0.95492900 -0.04551700 0.29332200
0.07667900 0.04357700 -0.03173200 -0.25878200 -0.23526900 -0.93684500 0.13439900 -0.96921900 0.20627500 -0.95653900 -0.07253200 0.28243600
0.07600300 0.04294400 -0.03248400 -0.22592100 -0.22387700 -0.94807000 0.18573700 -0.96527800 0.18368000 -0.95627400 -0.13459500 0.25965900
0.07532000 0.04242500 -0.03335800 -0.20348000 -0.21701400 -0.95472400 0.24368700 -0.95566400 0.16529100 -0.94826700 -0.19902100 0.24734200
0.07462500 0.04198400 -0.03428500 -0.18054600 -0.21614700 -0.95952200 0.31144400 -0.93791800 0.15267800 -0.93295400 -0.27127300 0.23665500
0.07427400 0.04179000 -0.03476100 -0.17067600 -0.21743400 -0.96103600 0.34620300 -0.92639400 0.14811200 -0.92250300 -0.30743500 0.23338900
0.07358800 0.04148300 -0.03573000 -0.15174400 -0.22374700 -0.96276200 0.41817800 -0.89710500 0.14257800 -0.89560000 -0.38097000 0.22969600
0.07292800 0.04125500 -0.03667500 -0.13413000 -0.23135200 -0.96357800 0.47919000 -0.86626500 0.14128400 -0.86740100 -0.44278700 0.22705300
0.07261300 0.04116500 -0.03713900 -0.12396100 -0.23169000 -0.96485800 0.51102200 -0.84840500 0.13807200 -0.85058100 -0.47594900 0.22356800
0.07205600 0.04101000 -0.03801200 -0.11209600 -0.22701400 -0.96741800 0.54972200 -0.82517900 0.12993900 -0.82779200 -0.51724600 0.21729400
0.07159700 0.04082500 -0.03882300 -0.10693000 -0.20703300 -0.97247200 0.57539600 -0.81054000 0.10929000 -0.81085400 -0.54787000 0.20579700
0.07129500 0.04056400 -0.03956200 -0.10508600 -0.19055400 -0.97603500 0.59092000 -0.80137000 0.09283200 -0.79985500 -0.56700400 0.19681500
0.07117600 0.04043500 -0.03989800 -0.10361900 -0.18491900 -0.97727500 0.59953700 -0.79560700 0.08697600 -0.79361000 -0.57690000 0.19330600
0.07092100 0.04022300 -0.04046600 -0.10067000 -0.18221000 -0.97809200 0.61172000 -0.78664500 0.08358400 -0.78464100 -0.58990500 0.19065300
0.07065500 0.04010400 -0.04086100 -0.09734700 -0.18409200 -0.97807600 0.62183000 -0.77856300 0.08465000 -0.77707800 -0.59995700 0.19026500
0.07052200 0.04008000 -0.04098600 -0.09686100 -0.18527300 -0.97790100 0.62272400 -0.77773700 0.08566800 -0.77642200 -0.60066500 0.19070600
0.07029200 0.04008900 -0.04113900 -0.09934600 -0.18726000 -0.97727300 0.62387700 -0.77683800 0.08543300 -0.77518200 -0.60121100 0.19400300
0.07010300 0.04015600 -0.04120300 -0.09742100 -0.18261900 -0.97834500 0.63312800 -0.76983300 0.08065300 -0.76789100 -0.61156100 0.19061900
0.07004700 0.04019300 -0.04120900 -0.09733800 -0.18288500 -0.97830300 0.63322800 -0.76972600 0.08089000 -0.76782000 -0.61161500 0.19073200
0.07000000 0.04025800 -0.04122300 -0.09584600 -0.18328500 -0.97837500 0.63791900 -0.76583300 0.08097500 -0.76411400 -0.61636400 0.19032300
0.07002800 0.04029600 -0.04128000 -0.09574400 -0.18339200 -0.97836500 0.63818900 -0.76560000 0.08105600 -0.76390200 -0.61662100 0.19034100
0.07009600 0.04041900 -0.04141000 -0.09541800 -0.18391000 -0.97830000 0.63890900 -0.76495300 0.08148800 -0.76334100 -0.61727000 0.19049200
0.07012300 0.04052500 -0.04149700 -0.09386200 -0.18407700 -0.97841900 0.64391300 -0.76076000 0.08135600 -0.75931900 -0.62238100 0.18993600
0.07018800 0.04076300 -0.04173100 -0.09223100 -0.18376300 -0.97863300 0.64962100 -0.75596000 0.08072700 -0.75464200 -0.62829600 0.18909900
0.07023800 0.04106900 -0.04200400 -0.09185900 -0.18350400 -0.97871700 0.65115100 -0.75467800 0.08038300 -0.75336800 -0.62990900 0.18881300
0.07026100 0.04125800 -0.04216800 -0.09090900 -0.18617900 -0.97830000 0.65219200 -0.75351700 0.08279600 -0.75258200 -0.63051400 0.18992600
0.07037200 0.04168100 -0.04256200 -0.08746200 -0.19726400 -0.97644000 0.65475500 -0.75011100 0.09289200 -0.75076300 -0.63120500 0.19476600
0.07051200 0.04220300 -0.04306200 -0.08444000 -0.20606100 -0.97488800 0.65774500 -0.74646300 0.10080900 -0.74849100 -0.63271600 0.19856800
0.07066000 0.04284900 -0.04367000 -0.08296500 -0.20244500 -0.97577200 0.66073000 -0.74416900 0.09821600 -0.74602300 -0.63657400 0.19550100
0.07074700 0.04319400 -0.04399200 -0.08132300 -0.20029900 -0.97635300 0.66215600 -0.74302400 0.09727900 -0.74493900 -0.63858800 0.19305400
0.07093700 0.04385100 -0.04465300 -0.07666200 -0.19694200 -0.97741200 0.66947000 -0.73661900 0.09591500 -0.73887100 -0.64699600 0.18831700
0.07109800 0.04445000 -0.04531500 -0.06968000 -0.19405600 -0.97851200 0.68078000 -0.72622900 0.09554600 -0.72916500 -0.65949400 0.18271300
0.07123100 0.04498300 -0.04595000 -0.06185300 -0.19019700 -0.97979500 0.68274900 -0.72412200 0.09746500 -0.72803000 -0.66292500 0.17464600
0.07127100 0.04519800 -0.04623900 -0.05806700 -0.18834100 -0.98038500 0.68796100 -0.71917900 0.09741400 -0.72342000 -0.66881100 0.17133200
0.07128600 0.04551200 -0.04676400 -0.04768200 -0.18446500 -0.98168100 0.70183500 -0.70549800 0.09847900 -0.71074000 -0.68428400 0.16310300
0.07123600 0.04561700 -0.04714100 -0.03844600 -0.18174900 -0.98259300 0.70619400 -0.70063700 0.10196500 -0.70697300 -0.68998200 0.15528600
0.07118500 0.04560000 -0.04726900 -0.03769100 -0.18165700 -0.98263800 0.70645300 -0.70031600 0.10236800 -0.70675400 -0.69033100 0.15472700
0.07106300 0.04553200 -0.04741600 -0.03748000 -0.18282400 -0.98243000 0.70687900 -0.69975600 0.10325300 -0.70633900 -0.69059000 0.15546100
0.07098100 0.04552200 -0.04745800 -0.03723900 -0.18345900 -0.98232100 0.70701600 -0.69953100 0.10384300 -0.70621500 -0.69065100 0.15575900
0.07097200 0.04554500 -0.04745600 -0.03516800 -0.18298000 -0.98248700 0.70674300 -0.69963300 0.10500300 -0.70659400 -0.69067400 0.15392400
0.07099100 0.04561700 -0.04747700 -0.03446700 -0.18239500 -0.98262000 0.70678300 -0.69958400 0.10506600 -0.70658900 -0.69087800 0.15302700
0.07101900 0.04568400 -0.04753500 -0.03163200 -0.18144500 -0.98289100 0.70662300 -0.69954500 0.10639700 -0.70688200 -0.69116900 0.15034100
0.07101600 0.04572400 -0.04761700 -0.03158700 -0.18147800 -0.98288700 0.70698000 -0.69918700 0.10637600 -0.70652700 -0.69152200 0.15038700
0.07101100 0.04573300 -0.04767200 -0.03148600 -0.18161100 -0.98286600 0.70718300 -0.69896300 0.10649800 -0.70632800 -0.69171400 0.15044000
0.07097700 0.04568500 -0.04776800 -0.03129100 -0.18200400 -0.98279800 0.70742700 -0.69866000 0.10686200 -0.70609200 -0.69191500 0.15061600
0.07090600 0.04558300 -0.04786000 -0.03103700 -0.18268400 -0.98268100 0.70756200 -0.69842600 0.10749200 -0.70596700 -0.69197200 0.15093700
0.07086500 0.04551200 -0.04790300 -0.03086700 -0.18321100 -0.98258800 0.70758700 -0.69832700 0.10798000 -0.70595100 -0.69193400 0.15119300
0.07078300 0.04531200 -0.04802600 -0.03053700 -0.18422100 -0.98240900 0.70765300 -0.69811500 0.10891300 -0.70589900 -0.69188000 0.15168300
0.07069300 0.04501500 -0.04818700 -0.03298900 -0.17621600 -0.98379800 0.70747600 -0.69940200 0.10155200 -0.70596600 -0.69266400 0.14774100
0.07063400 0.04484700 -0.04827300 -0.03474000 -0.17049900 -0.98474400 0.70732300 -0.70030000 0.09629700 -0.70603500 -0.69318800 0.14492600
0.07046900 0.04447700 -0.04848500 -0.03964400 -0.16469700 -0.98554600 0.70768100 -0.70094500 0.08867000 -0.70541800 -0.69393800 0.14434100
0.07021000 0.04414600 -0.04874100 -0.04103000 -0.15923400 -0.98638700 0.70776500 -0.70145900 0.08379800 -0.70525400 -0.69469300 0.14148100
0.06982700 0.04387200 -0.04896500 -0.04441000 -0.16257800 -0.98569500 0.70441100 -0.70474300 0.08450200 -0.70840000 -0.69058300 0.14582000
0.06959200 0.04375400 -0.04904900 -0.04618800 -0.16472400 -0.98525600 0.69618100 -0.71263300 0.08650800 -0.71637700 -0.68192200 0.14759300
0.06905600 0.04355100 -0.04913500 -0.05467300 -0.17074100 -0.98379700 0.68455200 -0.72368600 0.08755500 -0.72691000 -0.66867400 0.15644700
0.06849600 0.04347100 -0.04916400 -0.06439300 -0.18214500 -0.98116000 0.68235100 -0.72547500 0.08989700 -0.72818200 -0.66370700 0.17100200
0.06826200 0.04347100 -0.04916500 -0.06891600 -0.18929900 -0.97949700 0.67910900 -0.72812800 0.09293800 -0.73079300 -0.65878200 0.17873400
0.06791100 0.04346200 -0.04914000 -0.08035200 -0.19515900 -0.97747300 0.66303300 -0.74269200 0.09378000 -0.74426400 -0.64056300 0.18907300
0.06763900 0.04349000 -0.04902900 -0.08970700 -0.19882300 -0.97592000 0.65056600 -0.75364100 0.09373800 -0.75413200 -0.62649200 0.19695400
0.06752500 0.04351400 -0.04884000 -0.09739000 -0.21179900 -0.97244800 0.65196000 -0.75183400 0.09845600 -0.75197200 -0.62440900 0.21130500
0.06754200 0.04351200 -0.04874100 -0.10223800 -0.22266900 -0.96951700 0.65297000 -0.75028300 0.10346000 -0.75045000 -0.62248900 0.22210400
0.06770200 0.04350000 -0.04855000 -0.12250300 -0.24503600 -0.96174200 0.64670600 -0.75477500 0.10992900 -0.75283600 -0.60849900 0.25092800
0.06796200 0.04349700 -0.04844700 -0.15010200 -0.26231100 -0.95323700 0.63580200 -0.76395700 0.11010800 -0.75711500 -0.58954300 0.28145000
0.06807700 0.04349100 -0.04839100 -0.16107000 -0.26887200 -0.94961200 0.63219000 -0.76697500 0.10993100 -0.75788600 -0.58262900 0.29351400
0.06834300 0.04343900 -0.04828200 -0.17309900 -0.28215300 -0.94362300 0.62904700 -0.76888600 0.11451200 -0.75784900 -0.57376200 0.31058100
0.06873200 0.04343500 -0.04831500 -0.19787900 -0.28317500 -0.93843200 0.59523000 -0.79535600 0.11449100 -0.77880900 -0.53592800 0.32593800
0.06899900 0.04354600 -0.04858600 -0.23263200 -0.27886700 -0.93172600 0.55409700 -0.82532700 0.10867500 -0.79928500 -0.49098600 0.34651700
0.06907400 0.04360900 -0.04876400 -0.25675100 -0.27443000 -0.92669600 0.52677400 -0.84363300 0.10388300 -0.81030000 -0.46148700 0.36116600
0.06915000 0.04363100 -0.04895300 -0.30543700 -0.26417400 -0.91483200 0.48120300 -0.87186100 0.09110500 -0.82167500 -0.41239400 0.39342000
0.06920200 0.04357200 -0.04890900 -0.33600000 -0.26927900 -0.90254700 0.46184300 -0.88225000 0.09128800 -0.82085500 -0.38616300 0.42080100
0.06927500 0.04354100 -0.04885100 -0.33865500 -0.27168900 -0.90083100 0.46242200 -0.88186000 0.09212700 -0.81943700 -0.38536600 0.42428100
0.06943900 0.04359200 -0.04874800 -0.33730900 -0.27704700 -0.89970300 0.46363900 -0.88065800 0.09735900 -0.81930400 -0.38429800 0.42550400
0.06957000 0.04374900 -0.04875600 -0.33161200 -0.28204100 -0.90026900 0.46509500 -0.87911800 0.10409800 -0.82080300 -0.38419200 0.42270200
0.06965300 0.04385800 -0.04881800 -0.33179200 -0.28386800 -0.89962800 0.46620500 -0.87839500 0.10522800 -0.82010100 -0.38449800 0.42378600
0.06967200 0.04386600 -0.04882500 -0.33178700 -0.28415600 -0.89953900 0.46635000 -0.87829300 0.10543500 -0.82002000 -0.38451900 0.42392300
0.06962300 0.04382800 -0.04879000 -0.33375800 -0.28266000 -0.89928200 0.46099100 -0.88106900 0.10584400 -0.82224800 -0.37923500 0.42436800
0.06949900 0.04377200 -0.04871400 -0.33381900 -0.28329700 -0.89905800 0.46077900 -0.88109500 0.10655000 -0.82234100 -0.37869900 0.42466400
0.06944600 0.04374500 -0.04867800 -0.33578700 -0.28191600 -0.89875900 0.45543800 -0.88380500 0.10706900 -0.82451300 -0.37337700 0.42516600
0.06931000 0.04376800 -0.04862300 -0.33578300 -0.28261600 -0.89854100 0.45550500 -0.88369000 0.10772400 -0.82447800 -0.37311900 0.42546200
0.06914900 0.04384600 -0.04858700 -0.33274400 -0.28353100 -0.89938300 0.45554300 -0.88339700 0.10995400 -0.82568800 -0.37312200 0.42310500
0.06902100 0.04392600 -0.04854400 -0.33298800 -0.28410900 -0.89911100 0.45578000 -0.88323200 0.11029200 -0.82545900 -0.37307100 0.42359700
0.06896800 0.04395700 -0.04852000 -0.33298800 -0.28416700 -0.89909200 0.45577800 -0.88322600 0.11035000 -0.82546000 -0.37304100 0.42362100
0.06888600 0.04402200 -0.04847600 -0.33297300 -0.28453500 -0.89898100 0.45586400 -0.88314100 0.11067400 -0.82541800 -0.37296200 0.42377200
0.06883400 0.04407900 -0.04844800 -0.33295700 -0.28448300 -0.89900300 0.45587300 -0.88314200 0.11062600 -0.82542000 -0.37299800 0.42373600
0.06883100 0.04411000 -0.04843600 -0.33294900 -0.28451300 -0.89899700 0.45590400 -0.88312400 0.11064200 -0.82540500 -0.37301900 0.42374600
0.06884300 0.04415200 -0.04840200 -0.33296200 -0.28427600 -0.89906700 0.45579300 -0.88320400 0.11046100 -0.82546100 -0.37301000 0.42364500
0.06884500 0.04419600 -0.04837700 -0.33296200 -0.28409700 -0.89912400 0.45574300 -0.88324900 0.11031100 -0.82549000 -0.37304000 0.42356300
0.06882500 0.04424900 -0.04834700 -0.33295700 -0.28399500 -0.89915800 0.45571400 -0.88327400 0.11022800 -0.82550800 -0.37305800 0.42351300
0.06880800 0.04427300 -0.04832800 -0.33295800 -0.28400600 -0.89915400 0.45569500 -0.88328200 0.11024800 -0.82551800 -0.37303300 0.42351600
0.06875600 0.04430700 -0.04830200 -0.33295200 -0.28418500 -0.89910000 0.45572400 -0.88324600 0.11041200 -0.82550400 -0.37298000 0.42358800
0.06869500 0.04430600 -0.04829500 -0.33294400 -0.28455000 -0.89898700 0.45580700 -0.88316300 0.11073100 -0.82546200 -0.37289800 0.42374300
0.06866700 0.04429800 -0.04828300 -0.33295300 -0.28473900 -0.89892400 0.45579500 -0.88314600 0.11091900 -0.82546400 -0.37279500 0.42382900
0.06862500 0.04423600 -0.04822200 -0.33303500 -0.28505100 -0.89879400 0.45551100 -0.88324000 0.11133500 -0.82558800 -0.37233300 0.42399400
0.06858800 0.04414700 -0.04812800 -0.33316400 -0.28558100 -0.89857800 0.45509200 -0.88337000 0.11201400 -0.82576700 -0.37161800 0.42427300
0.06853100 0.04406900 -0.04804800 -0.33326800 -0.28616400 -0.89835500 0.45477600 -0.88344500 0.11270300 -0.82589900 -0.37099100 0.42456500
0.06850100 0.04403300 -0.04800700 -0.33332000 -0.28647700 -0.89823600 0.45462500 -0.88347700 0.11306700 -0.82596200 -0.37067300 0.42472000
0.06844000 0.04392400 -0.04787800 -0.33348900 -0.28690300 -0.89803700 0.45400000 -0.88371300 0.11373200 -0.82623700 -0.36978100 0.42496300
0.06838800 0.04383000 -0.04770800 -0.33369200 -0.28735800 -0.89781600 0.45325100 -0.88400100 0.11447600 -0.82656600 -0.36873700 0.42522900
0.06835800 0.04378800 -0.04761500 -0.33379700 -0.28766500 -0.89767900 0.45287800 -0.88413400 0.11492400 -0.82672800 -0.36817800 0.42539800
