0.09141200 0.04617400 -0.03868800 -0.36772100 -0.51363100 -0.77521900 0.07684200 -0.84755700 0.52511000 -0.92675600 0.13352400 0.35113300
0.09141200 0.04617100 -0.03869500 -0.36762800 -0.51344000 -0.77538900 0.07678400 -0.84768700 0.52490900 -0.92679700 0.13343400 0.35105800
0.09141400 0.04615600 -0.03871200 -0.36739900 -0.51296700 -0.77581000 0.07662900 -0.84800800 0.52441400 -0.92690000 0.13322000 0.35086600
0.09139200 0.04610800 -0.03872200 -0.36727300 -0.51268200 -0.77605800 0.07645900 -0.84818700 0.52414800 -0.92696500 0.13316900 0.35071500
0.09138100 0.04608900 -0.03873000 -0.36717700 -0.51247700 -0.77623900 0.07637100 -0.84832200 0.52394200 -0.92701000 0.13309700 0.35062300
0.09136300 0.04605100 -0.03875100 -0.36697500 -0.51205500 -0.77661300 0.07621500 -0.84860400 0.52350800 -0.92710300 0.13292500 0.35044300
0.09135200 0.04598700 -0.03876900 -0.36675100 -0.51156900 -0.77703800 0.07595900 -0.84891600 0.52303900 -0.92721200 0.13280200 0.35020000
0.09134900 0.04591700 -0.03880500 -0.36661600 -0.51128900 -0.77728600 0.07586400 -0.84910400 0.52274800 -0.92727300 0.13268000 0.35008400
0.09134100 0.04588800 -0.03882300 -0.36662400 -0.51131300 -0.77726700 0.07589800 -0.84909200 0.52276200 -0.92726700 0.13266400 0.35010600
0.09132400 0.04586200 -0.03883900 -0.36659300 -0.51125000 -0.77732300 0.07589600 -0.84913700 0.52269000 -0.92727900 0.13261900 0.35008900
0.09131700 0.04587400 -0.03883300 -0.36649600 -0.51104400 -0.77750400 0.07580800 -0.84927200 0.52248200 -0.92732500 0.13254700 0.34999600
0.09130800 0.04586800 -0.03883000 -0.36642800 -0.51089300 -0.77763500 0.07572000 -0.84936800 0.52234000 -0.92735900 0.13251800 0.34991700
0.09128600 0.04587300 -0.03883800 -0.36631300 -0.51065800 -0.77784400 0.07566800 -0.84953000 0.52208500 -0.92740900 0.13238800 0.34983400
0.09129100 0.04588500 -0.03884300 -0.36613100 -0.51028800 -0.77817300 0.07555900 -0.84977900 0.52169300 -0.92749000 0.13221000 0.34968800
0.09128500 0.04587000 -0.03884400 -0.36611900 -0.51025600 -0.77819900 0.07552200 -0.84979700 0.52167100 -0.92749700 0.13222300 0.34966300
0.09127900 0.04586000 -0.03884900 -0.36610000 -0.51021400 -0.77823600 0.07550400 -0.84982400 0.52162900 -0.92750700 0.13220800 0.34964400
0.09126800 0.04583600 -0.03886400 -0.36606000 -0.51013400 -0.77830700 0.07549400 -0.84988000 0.52153900 -0.92752300 0.13215700 0.34961900
0.09125900 0.04580700 -0.03889200 -0.36601700 -0.51006200 -0.77837500 0.07553600 -0.84993900 0.52143800 -0.92753700 0.13206000 0.34962000
0.09125700 0.04580000 -0.03891600 -0.36597100 -0.50999100 -0.77844200 0.07560300 -0.85000000 0.52132800 -0.92754900 0.13193900 0.34963300
0.09124800 0.04583400 -0.03901400 -0.36595000 -0.51008200 -0.77839300 0.07617300 -0.85002200 0.52120900 -0.92751100 0.13144400 0.34992000
0.09124400 0.04596300 -0.03920000 -0.36080100 -0.51256200 -0.77916600 0.07525300 -0.84871500 0.52346700 -0.92960100 0.13023300 0.34479000
0.09125500 0.04603600 -0.03930800 -0.35970000 -0.51580300 -0.77753500 0.07627000 -0.84677500 0.52645300 -0.92994400 0.13006200 0.34392600
0.09126700 0.04610900 -0.03946700 -0.34852400 -0.52282500 -0.77793500 0.07320500 -0.84262300 0.53350300 -0.93443600 0.12899000 0.33194800
0.09123900 0.04609700 -0.03954400 -0.34132300 -0.52787000 -0.77772100 0.07128000 -0.83956400 0.53856200 -0.93723800 0.12838800 0.32418900
0.09116900 0.04604800 -0.03959500 -0.33951700 -0.52918500 -0.77761700 0.07096000 -0.83877900 0.53982500 -0.93791800 0.12810000 0.32233100
0.09114700 0.04601000 -0.03961600 -0.33957200 -0.52915600 -0.77761400 0.07099500 -0.83880000 0.53978900 -0.93789600 0.12809100 0.32240100
0.09114400 0.04594000 -0.03965300 -0.33930200 -0.52855100 -0.77814300 0.07076000 -0.83921300 0.53917800 -0.93801100 0.12788300 0.32214700
0.09115900 0.04588500 -0.03968300 -0.33916800 -0.52825600 -0.77840100 0.07065100 -0.83941500 0.53887800 -0.93806800 0.12777600 0.32202400
0.09116400 0.04585400 -0.03970800 -0.33916300 -0.52824400 -0.77841200 0.07068800 -0.83942800 0.53885200 -0.93806700 0.12773400 0.32204400
0.09116700 0.04578300 -0.03977100 -0.33935700 -0.52776600 -0.77865200 0.07084100 -0.83976200 0.53831200 -0.93798600 0.12752000 0.32236600
0.09116100 0.04571800 -0.03983700 -0.34143000 -0.52683400 -0.77837700 0.07180900 -0.84034300 0.53727600 -0.93715900 0.12754700 0.32475000
0.09114800 0.04565100 -0.03988700 -0.34142400 -0.52691800 -0.77832200 0.07191500 -0.84030000 0.53733000 -0.93715300 0.12748400 0.32479200
0.09114500 0.04563200 -0.03991100 -0.34134800 -0.52678500 -0.77844600 0.07193500 -0.84040200 0.53716800 -0.93718000 0.12736400 0.32476400
0.09112900 0.04561800 -0.03993300 -0.34129900 -0.52670200 -0.77852300 0.07197500 -0.84046900 0.53705800 -0.93719400 0.12726300 0.32476100
0.09111900 0.04560800 -0.03994200 -0.34123500 -0.52657800 -0.77863500 0.07195000 -0.84055700 0.53692300 -0.93721900 0.12719400 0.32471500
0.09111400 0.04562000 -0.03995200 -0.34122000 -0.52656500 -0.77865100 0.07201800 -0.84057700 0.53688200 -0.93722000 0.12711800 0.32474400
0.09111900 0.04564400 -0.03997200 -0.34105800 -0.52627700 -0.77891600 0.07205100 -0.84079500 0.53653700 -0.93727600 0.12686900 0.32467800
0.09111600 0.04565700 -0.04002900 -0.34571100 -0.52101900 -0.78039800 0.06735000 -0.84331200 0.53318700 -0.93592000 0.13176900 0.32663300
0.09110200 0.04566700 -0.04011200 -0.34474800 -0.51923300 -0.78201300 0.06681900 -0.84454600 0.53129600 -0.93631300 0.13091000 0.32585000
0.09108700 0.04567800 -0.04015300 -0.34469200 -0.51918200 -0.78207200 0.06702000 -0.84461400 0.53116300 -0.93632000 0.13067300 0.32592700
0.09108200 0.04568300 -0.04022400 -0.34347800 -0.51666900 -0.78426700 0.06620300 -0.84631500 0.52855100 -0.93682300 0.12962500 0.32489600
0.09107500 0.04565500 -0.04035100 -0.33487300 -0.49802300 -0.79989400 0.05806000 -0.85820000 0.51001900 -0.94047200 0.12435000 0.31630400
0.09104600 0.04563200 -0.04041800 -0.33312900 -0.48605400 -0.80794500 0.04868800 -0.86461400 0.50007100 -0.94162200 0.12725100 0.31169300
0.09088100 0.04554900 -0.04052300 -0.32735800 -0.46612500 -0.82192600 0.03594900 -0.87536900 0.48211600 -0.94421600 0.12827700 0.30331500
0.09060500 0.04534500 -0.04060600 -0.32359000 -0.45511200 -0.82955500 0.03255300 -0.88156100 0.47094500 -0.94563700 0.12538800 0.30008000
0.09046400 0.04518600 -0.04065400 -0.32220100 -0.44989300 -0.83293500 0.03117800 -0.88442300 0.46564200 -0.94615700 0.12406100 0.29898900
0.09010700 0.04485200 -0.04078000 -0.31720300 -0.44078900 -0.83969400 0.02783500 -0.88936500 0.45634800 -0.94794800 0.12138200 0.29437900
0.08961300 0.04449500 -0.04094400 -0.31899900 -0.43070500 -0.84423500 0.01518600 -0.89298200 0.44983600 -0.94763300 0.13067600 0.29140100
0.08906900 0.04416100 -0.04112400 -0.31942900 -0.42499500 -0.84696100 0.00878300 -0.89507600 0.44582500 -0.94756800 0.13497000 0.28964600
0.08875100 0.04400800 -0.04122700 -0.32159200 -0.42250300 -0.84738900 0.00347600 -0.89545000 0.44514700 -0.94687100 0.14021000 0.28943800
0.08806100 0.04379100 -0.04151200 -0.32176000 -0.42275600 -0.84719800 -0.00154400 -0.89454700 0.44697000 -0.94681900 0.14512500 0.28717700
0.08740800 0.04376000 -0.04197000 -0.31698200 -0.42758500 -0.84657700 -0.00683800 -0.89155400 0.45286200 -0.94840600 0.14933800 0.27968200
0.08708000 0.04385800 -0.04228800 -0.31090300 -0.43146900 -0.84686000 -0.00704800 -0.88994700 0.45600900 -0.95041500 0.14774300 0.27364600
0.08654700 0.04417500 -0.04304400 -0.30256400 -0.43627000 -0.84742100 -0.02993800 -0.88430500 0.46594700 -0.95265800 0.16634900 0.25449800
0.08621000 0.04452100 -0.04387700 -0.27799600 -0.44845300 -0.84947400 -0.04616300 -0.87707400 0.47813100 -0.95947100 0.17213300 0.22312200
0.08603200 0.04479000 -0.04458900 -0.25328700 -0.46221600 -0.84982400 -0.06934700 -0.86753400 0.49251700 -0.96490200 0.18368100 0.18768200
0.08598700 0.04488800 -0.04487400 -0.24383000 -0.46785600 -0.84950300 -0.08149000 -0.86296000 0.49865700 -0.96638700 0.19081300 0.17229000
0.08596200 0.04502800 -0.04534100 -0.23000100 -0.47724400 -0.84813700 -0.10941800 -0.85329400 0.50981900 -0.96701900 0.21006000 0.14404000
0.08596100 0.04514000 -0.04565200 -0.22000600 -0.48955500 -0.84376000 -0.12255300 -0.84422900 0.52178200 -0.96776900 0.21820100 0.12573900
0.08593500 0.04519800 -0.04576600 -0.21649100 -0.49744800 -0.84004400 -0.12176400 -0.83997400 0.52878700 -0.96866100 0.21676500 0.12127500
0.08579400 0.04527200 -0.04591100 -0.21545600 -0.51891600 -0.82722600 -0.12331600 -0.82588200 0.55019100 -0.96869500 0.22055300 0.11395000
0.08556300 0.04527400 -0.04586500 -0.20437900 -0.53215200 -0.82160900 -0.13423700 -0.81616000 0.56201500 -0.96964300 0.22515500 0.09537100
0.08529000 0.04538600 -0.04569700 -0.18149700 -0.54329300 -0.81968900 -0.15278600 -0.80783200 0.56926500 -0.97145000 0.22855700 0.06361100
0.08514600 0.04550800 -0.04562000 -0.16677900 -0.55115600 -0.81756300 -0.15988800 -0.80308400 0.57401200 -0.97294300 0.22645200 0.04581500
0.08485500 0.04572400 -0.04548600 -0.14023300 -0.56434400 -0.81354100 -0.17314100 -0.79502300 0.58134300 -0.97486200 0.22238100 0.01377800
0.08452900 0.04590800 -0.04551000 -0.12373900 -0.57631700 -0.80780300 -0.17999400 -0.78752000 0.58941800 -0.97585300 0.21833300 -0.00628700
0.08403300 0.04617600 -0.04582200 -0.12056400 -0.58054100 -0.80525400 -0.17932600 -0.78509000 0.59285300 -0.97637300 0.21588000 -0.00945300
0.08379200 0.04631100 -0.04601200 -0.12277600 -0.57847400 -0.80640700 -0.19038900 -0.78373300 0.59119600 -0.97400000 0.22611600 -0.01391100
0.08329000 0.04652300 -0.04637700 -0.11587000 -0.57119300 -0.81259500 -0.20839900 -0.78591500 0.58215500 -0.97115500 0.23679800 -0.02797200
0.08275800 0.04651200 -0.04667400 -0.10035800 -0.56963800 -0.81574400 -0.21534500 -0.78801300 0.57676600 -0.97136700 0.23355000 -0.04358600
0.08244500 0.04641600 -0.04680300 -0.09145700 -0.56922400 -0.81707900 -0.21888100 -0.78896100 0.57413400 -0.97145500 0.23135200 -0.05243600
0.08175900 0.04612000 -0.04704400 -0.07366000 -0.56394100 -0.82252300 -0.22634700 -0.79378600 0.56450800 -0.97125700 0.22775800 -0.06917600
0.08091700 0.04569300 -0.04722700 -0.06367300 -0.55241800 -0.83113100 -0.23030700 -0.80220700 0.55083700 -0.97103200 0.22648900 -0.07614700
0.08045200 0.04544800 -0.04730800 -0.05969400 -0.54820500 -0.83421000 -0.23188100 -0.80522500 0.54574900 -0.97091000 0.22601500 -0.07905100
0.07933800 0.04489600 -0.04748800 -0.05305300 -0.54110900 -0.83927600 -0.23482400 -0.81013100 0.53716200 -0.97058800 0.22558000 -0.08408600
0.07821900 0.04440900 -0.04767500 -0.04597000 -0.53293100 -0.84490800 -0.23894600 -0.81538300 0.52730800 -0.96994300 0.22612800 -0.08985900
0.07712200 0.04397100 -0.04790700 -0.03980200 -0.52631400 -0.84935700 -0.24134800 -0.81979800 0.51930700 -0.96962100 0.22566000 -0.09439600
0.07658600 0.04376300 -0.04802600 -0.03648300 -0.52278900 -0.85168100 -0.24250800 -0.82214200 0.51504500 -0.96946300 0.22533000 -0.09678600
0.07567800 0.04331000 -0.04828800 -0.00897100 -0.51352500 -0.85802700 -0.23030900 -0.83393100 0.50151200 -0.97307500 0.20211100 -0.11078800
0.07496300 0.04294100 -0.04861100 0.01248100 -0.51161600 -0.85912300 -0.23181200 -0.83726300 0.49523000 -0.97268000 0.19297400 -0.12904900
0.07464300 0.04278900 -0.04878700 0.02405700 -0.51160400 -0.85888300 -0.22874000 -0.83915800 0.49344700 -0.97318900 0.18459000 -0.13721200
0.07412200 0.04251800 -0.04914800 0.05673900 -0.51105400 -0.85767300 -0.22070900 -0.84422400 0.48843900 -0.97368700 0.16158200 -0.16069500
0.07373200 0.04230200 -0.04950000 0.08315400 -0.51011400 -0.85607800 -0.21476800 -0.84803900 0.48446300 -0.97311900 0.14357300 -0.18007300
0.07344400 0.04218300 -0.04983400 0.10157300 -0.50673700 -0.85609500 -0.21113100 -0.85192300 0.47921700 -0.97216500 0.13207200 -0.19352100
0.07335600 0.04214700 -0.04993600 0.11164700 -0.50557000 -0.85553100 -0.20733200 -0.85381800 0.47750100 -0.97187800 0.12406800 -0.20014800
0.07330800 0.04215200 -0.05007200 0.13263400 -0.50522000 -0.85273600 -0.20084700 -0.85618800 0.47602600 -0.97060100 0.10813200 -0.21503200
0.07336700 0.04229700 -0.05013500 0.14897200 -0.50681000 -0.84908700 -0.19925800 -0.85644100 0.47623900 -0.96855600 0.09824100 -0.22857200
0.07344100 0.04236600 -0.05015800 0.15532100 -0.51098400 -0.84544000 -0.20047000 -0.85432300 0.47952300 -0.96730800 0.09500500 -0.23513200
0.07365700 0.04245200 -0.05021900 0.17064500 -0.52256500 -0.83534700 -0.18829000 -0.84945300 0.49292500 -0.96717400 0.07317200 -0.24334900
0.07381200 0.04252100 -0.05028400 0.18251100 -0.53046100 -0.82782800 -0.18227700 -0.84562900 0.50168100 -0.96615900 0.05933200 -0.25102800
0.07384900 0.04253900 -0.05031900 0.19087500 -0.53053500 -0.82589200 -0.17949900 -0.84603900 0.50199200 -0.96506200 0.05242900 -0.25671800
0.07386500 0.04257300 -0.05030500 0.19895400 -0.53415100 -0.82164400 -0.18245200 -0.84393500 0.50446300 -0.96287400 0.04954500 -0.26536100
0.07388500 0.04262000 -0.05019500 0.19854800 -0.53368400 -0.82204500 -0.18252100 -0.84420500 0.50398600 -0.96294500 0.04997500 -0.26502400
0.07390000 0.04262800 -0.05003000 0.19806600 -0.53400900 -0.82195000 -0.18335800 -0.84394600 0.50411600 -0.96288500 0.05086300 -0.26507200
0.07392400 0.04264200 -0.04991600 0.19796800 -0.53399000 -0.82198700 -0.18383800 -0.84393000 0.50396900 -0.96281400 0.05134300 -0.26523900
0.07403000 0.04279200 -0.04968900 0.19768300 -0.53412400 -0.82196800 -0.18453900 -0.84380000 0.50393000 -0.96273800 0.05206700 -0.26537200
0.07414100 0.04298400 -0.04942800 0.19761400 -0.53400300 -0.82206300 -0.18521600 -0.84383600 0.50362200 -0.96262300 0.05273600 -0.26566000
0.07420900 0.04310900 -0.04929300 0.19661900 -0.53569600 -0.82119900 -0.18436100 -0.84280800 0.50565100 -0.96299000 0.05197700 -0.26447500
0.07433800 0.04340000 -0.04901200 0.19387700 -0.54058900 -0.81864200 -0.18142400 -0.83983900 0.51162000 -0.96410300 0.04933000 -0.26090100
0.07454500 0.04375400 -0.04873700 0.19360400 -0.54138500 -0.81818000 -0.18045500 -0.83938100 0.51271300 -0.96434000 0.04838100 -0.26020300
0.07478400 0.04412800 -0.04849900 0.19263000 -0.54305900 -0.81729900 -0.17945500 -0.83834800 0.51474900 -0.96472200 0.04751200 -0.25894600
0.07488800 0.04429700 -0.04839300 0.19256000 -0.54309600 -0.81729100 -0.17956400 -0.83831700 0.51476100 -0.96471500 0.04763300 -0.25894700
0.07505800 0.04455000 -0.04817800 0.19128000 -0.54508000 -0.81627100 -0.17886700 -0.83705900 0.51704600 -0.96509900 0.04710300 -0.25761000
0.07514200 0.04465900 -0.04798500 0.18947700 -0.54761800 -0.81499200 -0.17857400 -0.83540400 0.51981700 -0.96550900 0.04704300 -0.25608100
0.07513700 0.04466500 -0.04791100 0.18888700 -0.54822100 -0.81472400 -0.17906400 -0.83497700 0.52033400 -0.96553400 0.04760300 -0.25588300
0.07505400 0.04460200 -0.04782200 0.18818200 -0.54891200 -0.81442100 -0.17980400 -0.83447600 0.52088200 -0.96553400 0.04841600 -0.25573000
0.07498400 0.04453500 -0.04780700 0.18783600 -0.54926700 -0.81426200 -0.18012700 -0.83422200 0.52117800 -0.96554100 0.04877500 -0.25563400
0.07490300 0.04449800 -0.04781500 0.18753100 -0.54962100 -0.81409300 -0.18027400 -0.83397700 0.52151900 -0.96557300 0.04895900 -0.25547900
0.07487500 0.04448100 -0.04783400 0.18757600 -0.54958700 -0.81410500 -0.18021600 -0.83400400 0.52149600 -0.96557500 0.04889400 -0.25548400
0.07483600 0.04446800 -0.04792200 0.18732900 -0.54997600 -0.81390000 -0.17994400 -0.83376000 0.52198000 -0.96567400 0.04867500 -0.25515200
0.07482200 0.04444600 -0.04805900 0.18736000 -0.55008700 -0.81381700 -0.17939700 -0.83371800 0.52223700 -0.96577000 0.04814900 -0.25488900
0.07480900 0.04443200 -0.04814800 0.18731900 -0.55023200 -0.81372900 -0.17905800 -0.83364000 0.52247600 -0.96584000 0.04783500 -0.25468100
0.07477900 0.04439200 -0.04836600 0.18736000 -0.55041800 -0.81359400 -0.17820500 -0.83356300 0.52289000 -0.96599100 0.04701800 -0.25426300
0.07473900 0.04429800 -0.04859700 0.18910600 -0.54754400 -0.81512800 -0.17934600 -0.83540200 0.51955500 -0.96543900 0.04793900 -0.25617900
0.07468100 0.04421900 -0.04883600 0.19045800 -0.54539600 -0.81625200 -0.17997500 -0.83677800 0.51711700 -0.96505600 0.04841600 -0.25752900
0.07465000 0.04418400 -0.04894800 0.19056000 -0.54540200 -0.81622400 -0.17952400 -0.83680000 0.51723800 -0.96512000 0.04796700 -0.25737400
0.07458900 0.04417100 -0.04914000 0.19065000 -0.54552900 -0.81611800 -0.17870300 -0.83676200 0.51758300 -0.96525400 0.04716500 -0.25701700
0.07453400 0.04418700 -0.04931700 0.19287600 -0.54720600 -0.81447100 -0.17911800 -0.83574500 0.51908200 -0.96473500 0.04576800 -0.25921000
0.07450800 0.04419800 -0.04940400 0.19406600 -0.54521500 -0.81552200 -0.17971100 -0.83701800 0.51682100 -0.96438600 0.04626100 -0.26041900
0.07446500 0.04424200 -0.04955400 0.19638900 -0.54642900 -0.81415300 -0.17997600 -0.83630400 0.51788300 -0.96386700 0.04482100 -0.26258500
0.07445700 0.04430700 -0.04967200 0.19659600 -0.54631900 -0.81417700 -0.17918500 -0.83641700 0.51797500 -0.96397200 0.04405700 -0.26232800
0.07446800 0.04440000 -0.04979600 0.19912500 -0.54752900 -0.81274800 -0.17948200 -0.83570500 0.51902100 -0.96339700 0.04252300 -0.26468100
0.07447900 0.04443700 -0.04987000 0.20154200 -0.54872600 -0.81134400 -0.18017100 -0.83497600 0.51995300 -0.96276600 0.04138800 -0.26714700
0.07446800 0.04451100 -0.05003200 0.20160900 -0.54856000 -0.81144000 -0.17909100 -0.83513000 0.52007900 -0.96295300 0.04046900 -0.26661300
0.07442100 0.04456700 -0.05019200 0.20392800 -0.55002100 -0.80987000 -0.17939200 -0.83424100 0.52140100 -0.96240900 0.03895600 -0.26879500
0.07439200 0.04457800 -0.05026200 0.20378800 -0.55011600 -0.80984000 -0.17903000 -0.83419100 0.52160500 -0.96250500 0.03868900 -0.26848500
0.07429100 0.04459100 -0.05038400 0.20703100 -0.54986900 -0.80918500 -0.18077700 -0.83436300 0.52072700 -0.96148600 0.03847500 -0.27214400
0.07416300 0.04455900 -0.05043800 0.20760800 -0.54840000 -0.81003500 -0.18179400 -0.83528100 0.51889900 -0.96117100 0.03953200 -0.27310700
0.07403200 0.04451300 -0.05045500 0.21080000 -0.54810500 -0.80940800 -0.18414500 -0.83545600 0.51778600 -0.96002700 0.03990000 -0.27704500
0.07397600 0.04451400 -0.05045300 0.21074100 -0.54797200 -0.80951500 -0.18404100 -0.83554400 0.51768100 -0.96006000 0.03988800 -0.27693300
0.07390000 0.04453500 -0.05045000 0.21048000 -0.54826400 -0.80938500 -0.18407000 -0.83535000 0.51798500 -0.96011200 0.03995800 -0.27674300
0.07388300 0.04455200 -0.05046300 0.21038300 -0.54840300 -0.80931500 -0.18401300 -0.83526000 0.51814900 -0.96014400 0.03991500 -0.27663800
0.07389000 0.04457100 -0.05046800 0.21037400 -0.54843100 -0.80929900 -0.18394700 -0.83524500 0.51819700 -0.96015900 0.03985300 -0.27659600
0.07392700 0.04457600 -0.05051600 0.21158200 -0.54892500 -0.80864900 -0.18424700 -0.83494800 0.51856900 -0.95983500 0.03927100 -0.27779800
0.07395800 0.04455700 -0.05059400 0.21287800 -0.54941200 -0.80797800 -0.18444000 -0.83466100 0.51896100 -0.95951200 0.03854800 -0.27901500
0.07396800 0.04451700 -0.05069900 0.21629500 -0.54786000 -0.80812400 -0.17932000 -0.83592900 0.51871500 -0.95971800 0.03271700 -0.27905000
0.07395500 0.04448300 -0.05076300 0.21617300 -0.54804900 -0.80802800 -0.17917400 -0.83581000 0.51895800 -0.95977300 0.03259300 -0.27887500
0.07392500 0.04441000 -0.05089200 0.22061500 -0.54467300 -0.80911000 -0.17517200 -0.83818700 0.51648400 -0.95950100 0.02778900 -0.28032800
0.07389500 0.04436900 -0.05101400 0.22824600 -0.54530700 -0.80656200 -0.17206900 -0.83798300 0.51785700 -0.95827700 0.02058500 -0.28509700
0.07387600 0.04437000 -0.05106300 0.23179500 -0.54386400 -0.80652400 -0.16762100 -0.83903500 0.51761200 -0.95821300 0.01521000 -0.28564800
0.07386100 0.04440600 -0.05111400 0.23203800 -0.54363700 -0.80660800 -0.16679100 -0.83919600 0.51761900 -0.95829900 0.01442800 -0.28540000
0.07388100 0.04445100 -0.05112700 0.23204000 -0.54366500 -0.80658800 -0.16663400 -0.83918000 0.51769600 -0.95832600 0.01427900 -0.28531700
0.07388800 0.04446700 -0.05113500 0.23210800 -0.54360200 -0.80661100 -0.16654300 -0.83922200 0.51765500 -0.95832500 0.01418400 -0.28532400
0.07387100 0.04445700 -0.05114000 0.23202200 -0.54370600 -0.80656600 -0.16658100 -0.83915400 0.51775400 -0.95834000 0.01422900 -0.28527400
0.07385600 0.04447200 -0.05113100 0.23200100 -0.54373300 -0.80655300 -0.16659400 -0.83913600 0.51777900 -0.95834200 0.01424100 -0.28526400
0.07385500 0.04446900 -0.05113800 0.23198800 -0.54375500 -0.80654200 -0.16657900 -0.83912200 0.51780700 -0.95834800 0.01422800 -0.28524400
0.07385500 0.04447200 -0.05113700 0.23190900 -0.54384800 -0.80650200 -0.16660800 -0.83906100 0.51789600 -0.95836200 0.01426500 -0.28519600
0.07384300 0.04448400 -0.05113500 0.23190600 -0.54386200 -0.80649400 -0.16658900 -0.83905300 0.51791600 -0.95836600 0.01424500 -0.28518300
0.07382700 0.04450500 -0.05113900 0.23190400 -0.54389000 -0.80647500 -0.16652500 -0.83903600 0.51796400 -0.95837800 0.01418100 -0.28514700
0.07382200 0.04450000 -0.05114200 0.23187600 -0.54392400 -0.80646000 -0.16653700 -0.83901300 0.51799700 -0.95838200 0.01419400 -0.28513100
0.07381400 0.04450500 -0.05113400 0.23176800 -0.54404800 -0.80640700 -0.16660000 -0.83893100 0.51810900 -0.95839800 0.01426600 -0.28507600
0.07379000 0.04450300 -0.05113400 0.23176100 -0.54406400 -0.80639900 -0.16660600 -0.83892100 0.51812300 -0.95839800 0.01427000 -0.28507400
0.07378400 0.04450100 -0.05114100 0.23173500 -0.54410400 -0.80638000 -0.16659400 -0.83889600 0.51816800 -0.95840700 0.01426000 -0.28504600
0.07378900 0.04450300 -0.05114500 0.23176200 -0.54407500 -0.80639100 -0.16656000 -0.83891500 0.51814800 -0.95840600 0.01422500 -0.28505000
0.07378900 0.04454400 -0.05116100 0.23179600 -0.54408300 -0.80637600 -0.16638900 -0.83891200 0.51820700 -0.95842700 0.01405400 -0.28498600
0.07378000 0.04454800 -0.05120300 0.23306600 -0.54196900 -0.80743300 -0.16719400 -0.84026700 0.51574800 -0.95798000 0.01479500 -0.28645300
0.07378500 0.04453900 -0.05123000 0.23306900 -0.54199200 -0.80741700 -0.16709700 -0.84025400 0.51580000 -0.95799600 0.01470000 -0.28640300
0.07378500 0.04452100 -0.05128500 0.23303800 -0.54207800 -0.80736800 -0.16692400 -0.84020200 0.51594200 -0.95803400 0.01453500 -0.28628500
0.07377900 0.04449800 -0.05134700 0.23408800 -0.54021800 -0.80831100 -0.16780700 -0.84138400 0.51372400 -0.95762300 0.01538300 -0.28761100
0.07375600 0.04446400 -0.05142100 0.23400000 -0.54040400 -0.80821200 -0.16758500 -0.84126800 0.51398600 -0.95768300 0.01517100 -0.28742100
0.07375200 0.04443300 -0.05145600 0.23853400 -0.53662800 -0.80940100 -0.16374100 -0.84375100 0.51114700 -0.95723000 0.01060600 -0.28913200
0.07375600 0.04439500 -0.05153900 0.23971900 -0.53461200 -0.81038500 -0.16447000 -0.84502100 0.50880900 -0.95680800 0.01131200 -0.29049600
0.07375200 0.04434100 -0.05162400 0.24342000 -0.52822800 -0.81346200 -0.16718500 -0.84898700 0.50126800 -0.95540200 0.01398000 -0.29497300
0.07377000 0.04430600 -0.05166200 0.24594400 -0.52389800 -0.81550100 -0.16899300 -0.85163400 0.49614400 -0.95443800 0.01579000 -0.29798900
0.07375200 0.04425900 -0.05171000 0.24757600 -0.52131000 -0.81666400 -0.16970300 -0.85320700 0.49319100 -0.95389000 0.01648800 -0.29970100
0.07375400 0.04418200 -0.05175500 0.24885100 -0.51910600 -0.81768000 -0.17065400 -0.85453100 0.49056400 -0.95338800 0.01746300 -0.30123900
0.07376800 0.04410600 -0.05182100 0.25211500 -0.51322100 -0.82039000 -0.17358100 -0.85801000 0.48341200 -0.95200100 0.02052900 -0.30540400
0.07376600 0.04408600 -0.05184900 0.25231900 -0.51300700 -0.82046200 -0.17341100 -0.85814200 0.48323800 -0.95197800 0.02034700 -0.30548700
0.07377200 0.04407200 -0.05190200 0.25466900 -0.50890500 -0.82228800 -0.17518400 -0.86053400 0.47832000 -0.95102700 0.02223800 -0.30830400
0.07377800 0.04408100 -0.05190800 0.25468200 -0.50891600 -0.82227700 -0.17510300 -0.86053000 0.47835700 -0.95103800 0.02215500 -0.30827500
0.07379200 0.04408100 -0.05190800 0.25576800 -0.50693900 -0.82316100 -0.17611800 -0.86166800 0.47593100 -0.95055900 0.02324500 -0.30966900
0.07381000 0.04407800 -0.05191000 0.25692300 -0.50489800 -0.82405500 -0.17706300 -0.86283600 0.47345600 -0.95007200 0.02426800 -0.31108200
0.07380100 0.04407600 -0.05190600 0.25756700 -0.50366400 -0.82460900 -0.17782200 -0.86353400 0.47189700 -0.94975600 0.02508800 -0.31198000
0.07381400 0.04407000 -0.05190400 0.25802900 -0.50290000 -0.82493100 -0.17809000 -0.86397100 0.47099500 -0.94958100 0.02538200 -0.31249100
0.07382800 0.04403500 -0.05189700 0.26145200 -0.49677400 -0.82756100 -0.18111000 -0.86740400 0.46347300 -0.94807200 0.02870300 -0.31675600
0.07383700 0.04400700 -0.05190200 0.26400800 -0.49238900 -0.82936800 -0.18294000 -0.86983000 0.45817700 -0.94701100 0.03076200 -0.31972000
0.07387700 0.04395600 -0.05193800 0.26522800 -0.49026100 -0.83023900 -0.18382700 -0.87099500 0.45560200 -0.94649900 0.03178200 -0.32113600
0.07391000 0.04391000 -0.05196000 0.26757600 -0.48611500 -0.83192100 -0.18571100 -0.87323400 0.45052400 -0.94546900 0.03394800 -0.32393400
0.07403800 0.04381500 -0.05202800 0.27187600 -0.47895800 -0.83467400 -0.18812600 -0.87706300 0.44200400 -0.94376400 0.03685400 -0.32855700
0.07416900 0.04381000 -0.05207900 0.27403200 -0.47574500 -0.83580600 -0.18841400 -0.87879000 0.43843700 -0.94308300 0.03733100 -0.33045400
0.07425100 0.04379900 -0.05209200 0.27429500 -0.47540900 -0.83591100 -0.18826800 -0.87897700 0.43812400 -0.94303500 0.03720000 -0.33060300
0.07444200 0.04376500 -0.05211100 0.27461300 -0.47495300 -0.83606600 -0.18812500 -0.87922800 0.43768200 -0.94297100 0.03709200 -0.33079900
0.07464000 0.04374800 -0.05213000 0.27296500 -0.47298300 -0.83772000 -0.18670800 -0.88027900 0.43617400 -0.94373100 0.03734900 -0.32859500
0.07477800 0.04374300 -0.05215800 0.27133000 -0.47104000 -0.83934500 -0.18523800 -0.88131200 0.43471200 -0.94449200 0.03752800 -0.32638200
0.07484900 0.04376100 -0.05217800 0.26695100 -0.47196300 -0.84023000 -0.18933300 -0.88056400 0.43446500 -0.94492800 0.04310200 -0.32442600
0.07496800 0.04384300 -0.05219400 0.26403200 -0.47281200 -0.84067500 -0.19354700 -0.87984800 0.43405600 -0.94489400 0.04810500 -0.32382000
0.07511400 0.04391500 -0.05221200 0.26347700 -0.47162800 -0.84151400 -0.19256700 -0.88049400 0.43318200 -0.94524900 0.04791500 -0.32281000
0.07519000 0.04395100 -0.05221500 0.25952100 -0.47247800 -0.84226600 -0.19676800 -0.87972200 0.43286200 -0.94547900 0.05339500 -0.32127500
0.07535100 0.04403700 -0.05223600 0.26026700 -0.47192100 -0.84234800 -0.19632500 -0.88005500 0.43238700 -0.94536600 0.05283800 -0.32170000
0.07551400 0.04415300 -0.05227800 0.25781400 -0.47326200 -0.84235000 -0.20070800 -0.87903700 0.43244500 -0.94511700 0.05757600 -0.32161600
0.07568600 0.04427600 -0.05237800 0.25837200 -0.47274800 -0.84246800 -0.19978700 -0.87937400 0.43218600 -0.94516000 0.05664900 -0.32165500
0.07575600 0.04433700 -0.05242700 0.25864600 -0.47250200 -0.84252200 -0.19933100 -0.87953600 0.43206700 -0.94518100 0.05618800 -0.32167300
0.07588100 0.04444600 -0.05250600 0.25604300 -0.47404700 -0.84244900 -0.20363500 -0.87839400 0.43238300 -0.94497200 0.06084400 -0.32144000
0.07602700 0.04458900 -0.05257200 0.25044000 -0.47740900 -0.84223500 -0.21292500 -0.87581900 0.43313100 -0.94442600 0.07086000 -0.32099300
0.07612100 0.04468000 -0.05260500 0.24308700 -0.48119500 -0.84223400 -0.21422100 -0.87347200 0.43721300 -0.94605300 0.07414400 -0.31541200
0.07640600 0.04495000 -0.05267200 0.22533700 -0.49270400 -0.84051400 -0.21981300 -0.86616900 0.44881200 -0.94916000 0.08362100 -0.30348300
0.07684700 0.04531500 -0.05272300 0.19553000 -0.50516700 -0.84057900 -0.22886500 -0.85696100 0.46177600 -0.95361800 0.10208800 -0.28317700
0.07735600 0.04571700 -0.05268800 0.15622200 -0.52944400 -0.83383600 -0.22878000 -0.84063900 0.49090100 -0.96086000 0.11407600 -0.25245300
0.07760300 0.04589500 -0.05261600 0.13685500 -0.54460800 -0.82744800 -0.22654100 -0.83037800 0.50906800 -0.96433800 0.11778300 -0.23701800
0.07798500 0.04620300 -0.05243000 0.10164400 -0.57532900 -0.81158000 -0.21626100 -0.80907500 0.54646800 -0.97102900 0.11996800 -0.20665900
0.07826200 0.04652100 -0.05215000 0.05657100 -0.60496600 -0.79423800 -0.20061300 -0.78617500 0.58453600 -0.97803500 0.12626600 -0.16583900
0.07839600 0.04668800 -0.05201800 0.02392200 -0.61838900 -0.78550800 -0.19306100 -0.77379900 0.60329200 -0.98089400 0.13722000 -0.13789800
0.07857700 0.04679800 -0.05157000 -0.06605100 -0.66240300 -0.74622900 -0.16962600 -0.72952300 0.66258700 -0.98329200 0.17034500 -0.06417500
0.07860300 0.04647500 -0.05097100 -0.15599000 -0.70587100 -0.69095000 -0.14302000 -0.67600100 0.72288700 -0.97734900 0.21158300 0.00449600
0.07844500 0.04605800 -0.05023200 -0.25521400 -0.73366500 -0.62976200 -0.09674200 -0.62868600 0.77161700 -0.96203200 0.25785200 0.08947300
0.07835200 0.04586800 -0.04989200 -0.30289600 -0.73381900 -0.60808000 -0.07785300 -0.61686900 0.78320500 -0.94983700 0.28457100 0.12971700
0.07841400 0.04526000 -0.04909800 -0.38442900 -0.73055100 -0.56436600 -0.04194900 -0.59688900 0.80122500 -0.92220000 0.33168900 0.19881500
0.07859100 0.04416400 -0.04833900 -0.45356800 -0.73094700 -0.50989200 0.00097500 -0.57253400 0.81987900 -0.89122000 0.37137400 0.26039600
0.07860800 0.04351600 -0.04793200 -0.47904600 -0.73954600 -0.47284800 0.02942300 -0.55190600 0.83338600 -0.87729600 0.38531800 0.28614800
0.07882300 0.04222300 -0.04729800 -0.52424900 -0.75409000 -0.39561300 0.07920200 -0.50573600 0.85904400 -0.84787300 0.41902000 0.32485700
0.07907600 0.04078800 -0.04701100 -0.55013300 -0.78183700 -0.29339900 0.15176400 -0.43909800 0.88552800 -0.82117000 0.44263100 0.36021700
0.07924200 0.03955200 -0.04676800 -0.52278500 -0.82879800 -0.19946800 0.21682500 -0.35557300 0.90914900 -0.82442700 0.43204100 0.36559300
0.07935300 0.03891400 -0.04670500 -0.50168000 -0.85000000 -0.16067500 0.23848300 -0.31444200 0.91883100 -0.83153000 0.42264200 0.36046000
0.07932300 0.03770700 -0.04665700 -0.46710400 -0.88033700 -0.08257100 0.27252400 -0.23217800 0.93371400 -0.84115500 0.41364000 0.34836400
0.07916700 0.03676900 -0.04662000 -0.44726900 -0.89422200 -0.01779200 0.28899300 -0.16331700 0.94329700 -0.84642300 0.41676600 0.33147100
0.07909100 0.03641400 -0.04668200 -0.44549600 -0.89525000 0.00771900 0.29295200 -0.13762100 0.94617000 -0.84599700 0.42377600 0.32357500
0.07897700 0.03592700 -0.04684800 -0.41100800 -0.90953400 0.06181100 0.30259300 -0.07215100 0.95038500 -0.85994700 0.40931900 0.30487300
0.07883300 0.03570400 -0.04694600 -0.37871400 -0.91944300 0.10582400 0.29870200 -0.01320300 0.95425400 -0.87598600 0.39300000 0.27964000
0.07863800 0.03578000 -0.04689100 -0.34483800 -0.93086300 0.12074000 0.28476300 0.01882300 0.95841200 -0.89442400 0.36487900 0.25858500
0.07848200 0.03585700 -0.04682600 -0.31607600 -0.94135600 0.11807900 0.28057000 0.02614600 0.95947600 -0.90629700 0.33639700 0.25585200
0.07791600 0.03622500 -0.04660000 -0.26399000 -0.95741100 0.11692600 0.27502700 0.04147500 0.96054100 -0.92448300 0.28573100 0.25236500
0.07704700 0.03673200 -0.04608900 -0.24899700 -0.96183800 0.11343200 0.26731300 0.04431900 0.96258900 -0.93088300 0.27000400 0.24607600
0.07661000 0.03693900 -0.04579100 -0.22863600 -0.96767000 0.10647900 0.25759600 0.04534200 0.96518700 -0.93881200 0.24810600 0.23890100
0.07558200 0.03720300 -0.04515400 -0.21293800 -0.97221900 0.09718900 0.24609200 0.04289700 0.96829600 -0.94556500 0.23010500 0.23012100
0.07464500 0.03738600 -0.04466200 -0.20172700 -0.97542100 0.08864900 0.23633300 0.03936000 0.97087400 -0.95050100 0.21680300 0.22258400
0.07412300 0.03749200 -0.04447800 -0.19924500 -0.97621300 0.08549500 0.23280000 0.03759400 0.97179700 -0.95189500 0.21352900 0.21977200
0.07309700 0.03765600 -0.04417500 -0.18741000 -0.97913600 0.07854700 0.22522500 0.03500000 0.97367700 -0.95611200 0.20016700 0.21396700
0.07221800 0.03767600 -0.04406400 -0.17477500 -0.98209700 0.07026500 0.21744000 0.03110300 0.97557700 -0.96029800 0.18578500 0.20811200
0.07149100 0.03764200 -0.04408800 -0.15749700 -0.98559400 0.06162000 0.20953300 0.02762500 0.97741000 -0.96503300 0.16685100 0.20216300
0.07118900 0.03760300 -0.04414800 -0.14395700 -0.98780700 0.05926200 0.20759000 0.02840900 0.97780300 -0.96756400 0.15306400 0.20096900
0.07060100 0.03757400 -0.04424600 -0.13503000 -0.98928700 0.05546700 0.20474900 0.02691200 0.97844400 -0.96945500 0.14347600 0.19892100
0.07025300 0.03752500 -0.04438400 -0.12287400 -0.99129700 0.04722400 0.19722100 0.02224500 0.98010600 -0.97262800 0.12974300 0.19277200
0.07014200 0.03747900 -0.04448100 -0.11900500 -0.99182700 0.04599300 0.19654100 0.02187500 0.98025100 -0.97324600 0.12569400 0.19233200
0.07004000 0.03746200 -0.04470300 -0.10594500 -0.99343200 0.04321100 0.19391200 0.02198100 0.98077200 -0.97528100 0.11228700 0.19030900
0.07009000 0.03745500 -0.04495600 -0.09853600 -0.99431500 0.04035100 0.19107100 0.02089000 0.98135300 -0.97661700 0.10440900 0.18792600
0.07022200 0.03749100 -0.04519200 -0.09129600 -0.99508000 0.03845600 0.18867500 0.02063400 0.98182200 -0.97778600 0.09689200 0.18586300
0.07035000 0.03749600 -0.04534400 -0.08755600 -0.99549200 0.03646100 0.18651700 0.01957100 0.98225600 -0.97854200 0.09280300 0.18396300
0.07059600 0.03754800 -0.04569800 -0.07524300 -0.99660800 0.03329300 0.18257100 0.01905500 0.98300700 -0.98030800 0.08004300 0.18051900
0.07074100 0.03772400 -0.04603000 -0.07187300 -0.99693800 0.03079200 0.17846000 0.01752000 0.98379100 -0.98131800 0.07620300 0.17665400
0.07081200 0.03781400 -0.04617700 -0.06196900 -0.99767300 0.02840900 0.17515900 0.01715100 0.98439000 -0.98258700 0.06597800 0.17368900
0.07094900 0.03792500 -0.04643900 -0.04920200 -0.99852900 0.02274400 0.16854100 0.01414400 0.98559300 -0.98446500 0.05232700 0.16759700
0.07099300 0.03803100 -0.04667200 -0.05640200 -0.99821700 0.01950700 0.16463900 0.00997200 0.98630300 -0.98473900 0.05884100 0.16378300
0.07098800 0.03811800 -0.04683700 -0.05551100 -0.99828600 0.01846200 0.16290200 0.00918700 0.98659900 -0.98507800 0.05777400 0.16211300
0.07098500 0.03813300 -0.04688500 -0.05527900 -0.99833300 0.01653000 0.16097700 0.00742800 0.98693000 -0.98540800 0.05721700 0.16029800
0.07101300 0.03811200 -0.04694800 -0.05362900 -0.99848100 0.01257000 0.15744300 0.00397600 0.98751900 -0.98606900 0.05493900 0.15699100
0.07101100 0.03809500 -0.04694100 -0.05323500 -0.99851400 0.01159800 0.15669800 0.00311700 0.98764100 -0.98621000 0.05439400 0.15630000
0.07099100 0.03810300 -0.04691400 -0.05301600 -0.99853800 0.01045300 0.15557200 0.00208100 0.98782200 -0.98640000 0.05399600 0.15523400
0.07099400 0.03811400 -0.04686800 -0.05245500 -0.99859900 0.00679200 0.15205900 -0.00126500 0.98837000 -0.98697700 0.05287800 0.15191300
0.07097500 0.03810900 -0.04685300 -0.05174100 -0.99865200 0.00393600 0.14947900 -0.00384700 0.98875700 -0.98740900 0.05174800 0.14947700
0.07091400 0.03812100 -0.04685600 -0.05119200 -0.99868800 0.00015400 0.14593700 -0.00732800 0.98926600 -0.98796800 0.05066500 0.14612000
0.07085700 0.03812000 -0.04685000 -0.05106900 -0.99868800 -0.00347300 0.14266000 -0.01073700 0.98971300 -0.98845300 0.05004800 0.14302200
0.07074100 0.03812700 -0.04686100 -0.05135100 -0.99861600 -0.01135200 0.13544500 -0.01822600 0.99061700 -0.98945300 0.04933100 0.13619300
0.07068600 0.03806100 -0.04690400 -0.05066500 -0.99856400 -0.01737200 0.13058700 -0.02386800 0.99114900 -0.99014100 0.04794800 0.13160900
0.07066600 0.03801000 -0.04692200 -0.05513700 -0.99827300 -0.02026100 0.12829300 -0.02720700 0.99136300 -0.99020200 0.05206200 0.12957200
0.07063100 0.03791400 -0.04695400 -0.05885100 -0.99781800 -0.02991900 0.12018300 -0.03683500 0.99206700 -0.99100500 0.05478900 0.12208900
0.07059300 0.03783600 -0.04699900 -0.06595400 -0.99700100 -0.04046600 0.11086000 -0.04762500 0.99269400 -0.99164400 0.06098600 0.11366800
0.07057400 0.03779400 -0.04701200 -0.06746400 -0.99672800 -0.04451200 0.10743800 -0.05161200 0.99287100 -0.99191900 0.06220100 0.11056800
0.07058900 0.03772000 -0.04702700 -0.06980300 -0.99625200 -0.05107000 0.10189900 -0.05804800 0.99309900 -0.99234200 0.06411700 0.10556900
0.07060600 0.03759000 -0.04705800 -0.07173200 -0.99575800 -0.05761500 0.09690100 -0.06444800 0.99320400 -0.99270500 0.06566100 0.10111200
0.07056600 0.03743300 -0.04708700 -0.07317800 -0.99551800 -0.05989000 0.09616000 -0.06681400 0.99312000 -0.99267100 0.06691500 0.10061900
0.07057300 0.03733000 -0.04712500 -0.07771100 -0.99502900 -0.06226600 0.09460800 -0.06953300 0.99308300 -0.99247600 0.07128200 0.09954100
0.07054900 0.03714500 -0.04722700 -0.08001100 -0.99449500 -0.06764900 0.09152200 -0.07490900 0.99298100 -0.99258300 0.07325800 0.09701200
0.07054600 0.03700200 -0.04733500 -0.10407300 -0.99199300 -0.07153600 0.08814200 -0.08084200 0.99282200 -0.99065600 0.09702000 0.09584900
0.07056800 0.03693600 -0.04738000 -0.11608700 -0.99056200 -0.07286400 0.08627800 -0.08314000 0.99279500 -0.98948400 0.10896400 0.09511600
0.07062900 0.03685000 -0.04743800 -0.13276300 -0.98830400 -0.07501700 0.08288300 -0.08649200 0.99279800 -0.98767500 0.12558900 0.09339700
0.07073700 0.03683000 -0.04752100 -0.15792000 -0.98444000 -0.07705400 0.07873100 -0.09033800 0.99279400 -0.98430700 0.15071500 0.09177200
0.07086000 0.03686100 -0.04763500 -0.18404400 -0.97977900 -0.07847800 0.07441500 -0.09350200 0.99283300 -0.98009600 0.17688500 0.09011800
0.07093600 0.03687900 -0.04771800 -0.20017600 -0.97657500 -0.07892300 0.07215400 -0.09502800 0.99285500 -0.97709800 0.19305100 0.08948600
0.07109800 0.03689400 -0.04792900 -0.23767500 -0.96804400 -0.08000000 0.06693800 -0.09848700 0.99288400 -0.96903500 0.23062800 0.08820600
0.07131200 0.03685900 -0.04821100 -0.26327900 -0.96136000 -0.08043500 0.06391000 -0.10057400 0.99287400 -0.96259900 0.25626300 0.08792000
0.07146300 0.03682300 -0.04836700 -0.28384100 -0.95543400 -0.08111000 0.06115300 -0.10245400 0.99285500 -0.95691800 0.27685300 0.08750800
0.07175800 0.03675100 -0.04869100 -0.33332200 -0.93914400 -0.08308900 0.05375600 -0.10691600 0.99281300 -0.94127900 0.32646000 0.08612200
0.07199700 0.03669800 -0.04899600 -0.37187100 -0.92429900 -0.08591700 0.04613800 -0.11084300 0.99276600 -0.92713600 0.36521700 0.08386400
0.07217100 0.03660800 -0.04926100 -0.41514500 -0.90566100 -0.08620500 0.04097300 -0.11327300 0.99271800 -0.90883100 0.40859000 0.08413300
0.07225200 0.03653900 -0.04935000 -0.44050000 -0.89364500 -0.08576900 0.03872800 -0.11436400 0.99268300 -0.89691600 0.43395500 0.08498700
0.07237100 0.03640400 -0.04948600 -0.47543500 -0.87542800 -0.08709700 0.03344200 -0.11691500 0.99257800 -0.87911400 0.46899400 0.08486200
0.07251300 0.03629900 -0.04958700 -0.50990700 -0.85550700 -0.09000500 0.02574700 -0.11976000 0.99246800 -0.85984300 0.50374900 0.08309400
0.07259300 0.03626900 -0.04965800 -0.51904100 -0.84976100 -0.09220000 0.02185500 -0.12102700 0.99240800 -0.85446900 0.51308600 0.08138900
0.07264800 0.03635100 -0.04975900 -0.53437300 -0.83973300 -0.09639700 0.01355600 -0.12254500 0.99236900 -0.84513900 0.52898900 0.07686900
0.07268700 0.03643200 -0.04983100 -0.55567700 -0.82517200 -0.10154900 0.00303500 -0.12415500 0.99225700 -0.83139200 0.55106700 0.07149400
0.07277300 0.03646100 -0.04993500 -0.56720100 -0.81658600 -0.10709600 -0.00619100 -0.12580500 0.99203500 -0.82355500 0.56334600 0.06630100
0.07274000 0.03653200 -0.04993800 -0.56752000 -0.81631700 -0.10745400 -0.00725400 -0.12554400 0.99206100 -0.82332700 0.56379400 0.06532700
0.07282400 0.03661100 -0.04990800 -0.58349000 -0.80484900 -0.10842600 -0.01217000 -0.12483000 0.99210300 -0.81202800 0.58020200 0.06304200
0.07301000 0.03661000 -0.04998700 -0.58492000 -0.80316100 -0.11313900 -0.01871500 -0.12608800 0.99184200 -0.81087400 0.58226600 0.05872000
0.07294400 0.03673000 -0.04999900 -0.58526300 -0.80304200 -0.11220100 -0.01849600 -0.12511700 0.99196900 -0.81063200 0.58263800 0.05837300
0.07289500 0.03697500 -0.05000400 -0.58812100 -0.80084400 -0.11296400 -0.02199400 -0.12378500 0.99206400 -0.80847200 0.58593900 0.05518700
