0.07194800 0.02074800 -0.06359100 -0.37967900 0.47675700 -0.79280900 -0.57250200 -0.79425800 -0.20345500 -0.72669400 0.37663700 0.57450700
0.07192200 0.02075200 -0.06358800 -0.37990800 0.47661000 -0.79278700 -0.57241500 -0.79437100 -0.20325800 -0.72664200 0.37658400 0.57460700
0.07187600 0.02075800 -0.06358300 -0.38009400 0.47648900 -0.79277000 -0.57234400 -0.79446400 -0.20309600 -0.72660100 0.37654200 0.57468700
0.07181300 0.02076400 -0.06357900 -0.38036100 0.47631600 -0.79274600 -0.57224300 -0.79459600 -0.20286400 -0.72654100 0.37648200 0.57480200
0.07178100 0.02076300 -0.06358100 -0.38052200 0.47621200 -0.79273200 -0.57218200 -0.79467500 -0.20272500 -0.72650500 0.37644600 0.57487100
0.07173100 0.02075300 -0.06358900 -0.37944400 0.47385700 -0.79465700 -0.57195500 -0.79525000 -0.20110600 -0.72724700 0.37820000 0.57277800
0.07169200 0.02074600 -0.06359500 -0.37973800 0.47394000 -0.79446700 -0.57191800 -0.79528700 -0.20106500 -0.72712300 0.37801800 0.57305600
0.07168000 0.02074600 -0.06360200 -0.37980500 0.47390500 -0.79445600 -0.57187500 -0.79532700 -0.20102900 -0.72712200 0.37797800 0.57308400
0.07166300 0.02074000 -0.06360700 -0.37990400 0.47384300 -0.79444600 -0.57183700 -0.79537500 -0.20094500 -0.72709900 0.37795400 0.57312800
0.07166700 0.02073900 -0.06361400 -0.37990500 0.47383900 -0.79444800 -0.57181700 -0.79538700 -0.20095700 -0.72711500 0.37793400 0.57312000
0.07166700 0.02074900 -0.06362600 -0.37998300 0.47377700 -0.79444800 -0.57172600 -0.79546000 -0.20092500 -0.72714600 0.37785900 0.57313200
0.07166800 0.02075700 -0.06363200 -0.37995100 0.47378800 -0.79445600 -0.57169700 -0.79546800 -0.20097600 -0.72718500 0.37782800 0.57310300
0.07166900 0.02078100 -0.06365900 -0.37998400 0.47373700 -0.79447100 -0.57154300 -0.79556600 -0.20102900 -0.72728900 0.37768600 0.57306400
0.07167400 0.02081800 -0.06370700 -0.37995300 0.47370600 -0.79450400 -0.57131100 -0.79569000 -0.20119700 -0.72748800 0.37746400 0.57295800
0.07167400 0.02084200 -0.06374000 -0.37986300 0.47372800 -0.79453400 -0.57118200 -0.79573900 -0.20136700 -0.72763600 0.37733200 0.57285700
0.07167400 0.02088800 -0.06380800 -0.37982600 0.47368300 -0.79457800 -0.57087000 -0.79590700 -0.20158600 -0.72789900 0.37703400 0.57271800
0.07166300 0.02093100 -0.06386500 -0.37984400 0.47361100 -0.79461300 -0.57057900 -0.79607900 -0.20173400 -0.72811900 0.37676200 0.57261800
0.07165300 0.02094500 -0.06388000 -0.37878900 0.47138600 -0.79643800 -0.57031300 -0.79664100 -0.20026400 -0.72887700 0.37836100 0.57059600
0.07164200 0.02094400 -0.06388200 -0.37876200 0.47150500 -0.79638000 -0.57034700 -0.79659000 -0.20037000 -0.72886400 0.37832100 0.57063900
0.07161100 0.02095000 -0.06387700 -0.37887500 0.47144800 -0.79636000 -0.57030700 -0.79664000 -0.20028500 -0.72883600 0.37828700 0.57069700
0.07158000 0.02095300 -0.06387500 -0.37914300 0.47127600 -0.79633400 -0.57020500 -0.79677100 -0.20005400 -0.72877700 0.37822500 0.57081400
0.07156900 0.02095100 -0.06387600 -0.37907700 0.47131700 -0.79634100 -0.57023000 -0.79673900 -0.20010900 -0.72879100 0.37824100 0.57078500
0.07154400 0.02093700 -0.06388800 -0.37925100 0.47120500 -0.79632400 -0.57016300 -0.79682400 -0.19995900 -0.72875300 0.37820100 0.57086100
0.07152000 0.02092200 -0.06389400 -0.37942300 0.47109900 -0.79630500 -0.57011800 -0.79689600 -0.19979900 -0.72869900 0.37818000 0.57094300
0.07151200 0.02090700 -0.06390600 -0.37953500 0.47102800 -0.79629400 -0.57007600 -0.79695100 -0.19970300 -0.72867400 0.37815400 0.57099300
0.07151400 0.02089600 -0.06391400 -0.37956900 0.47100700 -0.79629100 -0.57006300 -0.79696700 -0.19967400 -0.72866600 0.37814600 0.57100800
0.07151000 0.02087900 -0.06393500 -0.37966200 0.47094400 -0.79628400 -0.57000800 -0.79702400 -0.19960600 -0.72866100 0.37810500 0.57104200
0.07150100 0.02086600 -0.06394600 -0.37975600 0.47088400 -0.79627400 -0.56997300 -0.79706900 -0.19952600 -0.72864000 0.37808400 0.57108300
0.07150100 0.02086300 -0.06394900 -0.37977400 0.47087200 -0.79627200 -0.56996600 -0.79707800 -0.19951000 -0.72863500 0.37808000 0.57109100
0.07150100 0.02086700 -0.06395200 -0.37975800 0.47087800 -0.79627600 -0.56995100 -0.79708200 -0.19953500 -0.72865500 0.37806400 0.57107600
0.07149500 0.02086500 -0.06395400 -0.37979700 0.47085300 -0.79627300 -0.56993700 -0.79710100 -0.19950100 -0.72864600 0.37805500 0.57109300
0.07149400 0.02086400 -0.06396100 -0.37981700 0.47083600 -0.79627300 -0.56990900 -0.79712200 -0.19949500 -0.72865700 0.37803100 0.57109500
0.07149300 0.02085900 -0.06396500 -0.37983500 0.47082400 -0.79627100 -0.56990200 -0.79713100 -0.19948000 -0.72865300 0.37802700 0.57110300
0.07149400 0.02084600 -0.06398800 -0.37989200 0.47078000 -0.79627000 -0.56984000 -0.79718200 -0.19945500 -0.72867200 0.37797600 0.57111300
0.07148800 0.02082800 -0.06402300 -0.38000800 0.47069400 -0.79626600 -0.56973500 -0.79727300 -0.19939000 -0.72869400 0.37789200 0.57114100
0.07148000 0.02081600 -0.06403300 -0.38010200 0.47063400 -0.79625700 -0.56970000 -0.79731800 -0.19930900 -0.72867200 0.37787000 0.57118200
0.07145700 0.02081000 -0.06403800 -0.38022100 0.47055700 -0.79624500 -0.56965500 -0.79737600 -0.19920600 -0.72864600 0.37784300 0.57123400
0.07142100 0.02081600 -0.06403400 -0.38036600 0.47046300 -0.79623200 -0.56959900 -0.79744800 -0.19908000 -0.72861300 0.37781000 0.57129700
0.07140600 0.02081800 -0.06403200 -0.38042800 0.47042200 -0.79622600 -0.56957500 -0.79747800 -0.19902500 -0.72860000 0.37779600 0.57132400
0.07139000 0.02082100 -0.06403000 -0.38049000 0.47038200 -0.79622100 -0.56955100 -0.79750900 -0.19897100 -0.72858600 0.37778300 0.57135000
0.07138400 0.02081800 -0.06403200 -0.38052800 0.47035600 -0.79621700 -0.56953700 -0.79752800 -0.19893700 -0.72857700 0.37777400 0.57136700
0.07139400 0.02081500 -0.06403500 -0.38050500 0.47037200 -0.79621900 -0.56954600 -0.79751600 -0.19895800 -0.72858200 0.37777900 0.57135700
0.07139800 0.02080900 -0.06403900 -0.38050300 0.47037400 -0.79621900 -0.56954700 -0.79751500 -0.19896000 -0.72858300 0.37778000 0.57135700
0.07141500 0.02079800 -0.06406100 -0.38047900 0.47038200 -0.79622500 -0.56951500 -0.79752600 -0.19900500 -0.72861900 0.37774600 0.57133200
0.07140800 0.02079500 -0.06407700 -0.38052200 0.47034500 -0.79622600 -0.56945900 -0.79757000 -0.19899100 -0.72864100 0.37769800 0.57133600
0.07140700 0.02079600 -0.06408300 -0.38052500 0.47034000 -0.79622900 -0.56943700 -0.79758300 -0.19900000 -0.72865700 0.37767800 0.57132900
0.07140800 0.02080400 -0.06408900 -0.38049300 0.47035100 -0.79623700 -0.56940800 -0.79759100 -0.19905100 -0.72869600 0.37764700 0.57130000
0.07141400 0.02080800 -0.06409300 -0.38045700 0.47037000 -0.79624300 -0.56940200 -0.79758500 -0.19909400 -0.72872000 0.37763600 0.57127600
0.07140900 0.02081200 -0.06409600 -0.38046200 0.47036200 -0.79624500 -0.56938000 -0.79759900 -0.19910100 -0.72873500 0.37761600 0.57127100
0.07140900 0.02081600 -0.06409900 -0.38044600 0.47036800 -0.79625000 -0.56936500 -0.79760300 -0.19912700 -0.72875400 0.37760000 0.57125600
0.07140900 0.02082400 -0.06410600 -0.38041400 0.47038000 -0.79625800 -0.56933600 -0.79761100 -0.19917700 -0.72879300 0.37756900 0.57122700
0.07141000 0.02084400 -0.06412900 -0.38033700 0.47040200 -0.79628100 -0.56924400 -0.79764300 -0.19931300 -0.72890600 0.37747300 0.57114700
0.07141000 0.02085300 -0.06414200 -0.38043300 0.47032800 -0.79627900 -0.56914600 -0.79772400 -0.19926500 -0.72893200 0.37739300 0.57116600
0.07140600 0.02088600 -0.06417400 -0.38032900 0.47035500 -0.79631300 -0.56900200 -0.79777900 -0.19945800 -0.72909900 0.37724500 0.57105100
0.07139200 0.02092700 -0.06420600 -0.38037600 0.47028100 -0.79633500 -0.56878100 -0.79791800 -0.19953300 -0.72924700 0.37704300 0.57099500
0.07138300 0.02096100 -0.06423800 -0.38027400 0.47030500 -0.79636900 -0.56863600 -0.79797400 -0.19972400 -0.72941300 0.37689500 0.57088100
0.07138400 0.02097700 -0.06425100 -0.38033600 0.47024800 -0.79637300 -0.56853100 -0.79805000 -0.19971700 -0.72946300 0.37680300 0.57087800
0.07138500 0.02101500 -0.06429200 -0.38032300 0.47020900 -0.79640200 -0.56831200 -0.79817200 -0.19985600 -0.72964000 0.37659500 0.57078900
0.07138600 0.02106600 -0.06435000 -0.38024700 0.47019200 -0.79644800 -0.56803500 -0.79830900 -0.20009500 -0.72989500 0.37632500 0.57064000
0.07138200 0.02109900 -0.06438200 -0.38232500 0.46910400 -0.79609500 -0.56831200 -0.79870600 -0.19771000 -0.72859300 0.37684100 0.57196200
0.07137600 0.02118000 -0.06445400 -0.38216300 0.46911200 -0.79616800 -0.56793700 -0.79887700 -0.19809700 -0.72897000 0.37646800 0.57172700
0.07136700 0.02129700 -0.06454300 -0.38079300 0.46685400 -0.79815000 -0.56726900 -0.79960600 -0.19706500 -0.73020600 0.37772500 0.56931600
0.07135800 0.02142000 -0.06465300 -0.38140100 0.46373400 -0.79967700 -0.56703600 -0.80056700 -0.19380600 -0.73007000 0.37952800 0.56829100
0.07135000 0.02149300 -0.06471900 -0.38224500 0.46064500 -0.80105800 -0.56700500 -0.80143000 -0.19029900 -0.72965200 0.38146300 0.56753100
0.07133300 0.02169000 -0.06490000 -0.38577300 0.45857500 -0.80055300 -0.56704100 -0.80233300 -0.18634700 -0.72776500 0.38205900 0.56955000
0.07130900 0.02192200 -0.06509800 -0.38243800 0.45601000 -0.80361300 -0.57106100 -0.80038400 -0.18241000 -0.72638000 0.38915300 0.56650700
0.07130900 0.02203400 -0.06519800 -0.38433000 0.45522000 -0.80315900 -0.57103900 -0.80080400 -0.18063000 -0.72539900 0.38921300 0.56772100
0.07132200 0.02219800 -0.06535200 -0.38377500 0.45001200 -0.80635300 -0.57038500 -0.80224400 -0.17625100 -0.72620700 0.39229100 0.56456100
0.07134100 0.02229700 -0.06545500 -0.38554100 0.44917500 -0.80597600 -0.57036600 -0.80264400 -0.17448200 -0.72528600 0.39243200 0.56564600
0.07134900 0.02236900 -0.06552800 -0.38184500 0.44938800 -0.80761600 -0.57467200 -0.79981500 -0.17333900 -0.72384000 0.39792600 0.56365600
0.07134600 0.02240200 -0.06555400 -0.38189300 0.44939400 -0.80759000 -0.57450500 -0.79991100 -0.17345000 -0.72394800 0.39772600 0.56366000
0.07133900 0.02246000 -0.06560500 -0.37953000 0.45276900 -0.80681800 -0.58404100 -0.79359100 -0.17061100 -0.71753200 0.40646300 0.56562700
0.07133200 0.02253300 -0.06566400 -0.37737300 0.45484300 -0.80666400 -0.58832500 -0.79045100 -0.17047100 -0.71516600 0.41025000 0.56589000
0.07132500 0.02258200 -0.06569600 -0.37958500 0.45373900 -0.80624700 -0.58845300 -0.79087500 -0.16804200 -0.71388900 0.41065200 0.56720900
0.07131500 0.02267600 -0.06577000 -0.37951500 0.45483300 -0.80566300 -0.59303800 -0.78798200 -0.16549600 -0.71012200 0.41498100 0.56878500
0.07130100 0.02280700 -0.06588000 -0.37200800 0.46274100 -0.80466100 -0.61110200 -0.77460100 -0.16293100 -0.69868600 0.43111900 0.57094000
0.07129300 0.02301800 -0.06605000 -0.37085600 0.46555000 -0.80357100 -0.62057700 -0.76795500 -0.15851400 -0.69090400 0.43989300 0.57371100
0.07129100 0.02315900 -0.06616400 -0.36598300 0.47072500 -0.80279100 -0.63271000 -0.75845400 -0.15628300 -0.68244700 0.45073700 0.57541400
0.07128100 0.02352800 -0.06646000 -0.36025300 0.47922000 -0.80035200 -0.65655500 -0.73973500 -0.14739800 -0.66268600 0.47237500 0.58112600
0.07125800 0.02402900 -0.06685800 -0.34982700 0.49252400 -0.79689400 -0.69080500 -0.71019500 -0.13568400 -0.63277800 0.50303200 0.58868400
0.07123500 0.02433600 -0.06709900 -0.34459700 0.49896900 -0.79516100 -0.70672700 -0.69541900 -0.13010800 -0.61789100 0.51712700 0.59227400
0.07115000 0.02505100 -0.06764200 -0.32915000 0.51654700 -0.79046600 -0.74761800 -0.65391700 -0.11600800 -0.57682400 0.55278400 0.60141700
0.07099500 0.02580900 -0.06821000 -0.30858200 0.53603800 -0.78577300 -0.79496100 -0.59895100 -0.09640200 -0.52231500 0.59491200 0.61095500
0.07090200 0.02614400 -0.06846100 -0.29834000 0.54702800 -0.78214600 -0.81736500 -0.56957600 -0.08658500 -0.49285600 0.61346700 0.61704900
0.07064500 0.02682500 -0.06894700 -0.27562500 0.57002100 -0.77401900 -0.86060000 -0.50505100 -0.06548600 -0.42824800 0.64807200 0.62976500
0.07027100 0.02745400 -0.06939100 -0.25179900 0.59278100 -0.76498800 -0.89815300 -0.43753200 -0.04340800 -0.36043900 0.67614700 0.64257900
0.06974400 0.02800500 -0.06982900 -0.22207500 0.61234900 -0.75875500 -0.92727200 -0.37319900 -0.02979100 -0.30140900 0.69695700 0.65069300
0.06943100 0.02825000 -0.07005700 -0.20666500 0.62020300 -0.75672700 -0.93861000 -0.34402600 -0.02562100 -0.27622400 0.70497700 0.65322700
0.06874200 0.02854700 -0.07051800 -0.19056800 0.63966200 -0.74465700 -0.95911400 -0.28300600 0.00234700 -0.20924100 0.71465900 0.66744200
0.06795200 0.02880800 -0.07103000 -0.19248400 0.66020500 -0.72600100 -0.97049900 -0.23754100 0.04129400 -0.14519300 0.71253200 0.68645200
0.06755400 0.02896100 -0.07127800 -0.18769400 0.66557000 -0.72234800 -0.97460300 -0.21765000 0.05269700 -0.12214600 0.71389400 0.68951800
0.06673100 0.02926900 -0.07180700 -0.16113100 0.66727000 -0.72717700 -0.98109900 -0.18828700 0.04462100 -0.10714400 0.72062300 0.68499700
0.06594100 0.02943900 -0.07234000 -0.13973500 0.65848300 -0.73950900 -0.98395900 -0.17598000 0.02922800 -0.11089300 0.73173100 0.67251100
0.06515300 0.02945400 -0.07284800 -0.13545200 0.63907900 -0.75712000 -0.98263100 -0.18447900 0.02007900 -0.12684100 0.74668900 0.65296700
0.06484300 0.02939400 -0.07309300 -0.12976600 0.62679400 -0.76830200 -0.98253300 -0.18551400 0.01460400 -0.13337700 0.75677800 0.63991900
0.06425200 0.02913000 -0.07355300 -0.10400300 0.60026200 -0.79301200 -0.98353100 -0.18057200 -0.00769300 -0.14781400 0.77915200 0.60915600
0.06368300 0.02881900 -0.07395800 -0.09516100 0.59163900 -0.80056600 -0.98507900 -0.17181300 -0.00988100 -0.14339400 0.78768100 0.59916200
0.06337800 0.02870100 -0.07413600 -0.09260500 0.59218100 -0.80046500 -0.98583200 -0.16744200 -0.00982300 -0.13984900 0.78821600 0.59929700
0.06276100 0.02854900 -0.07440300 -0.08163500 0.59644700 -0.79848900 -0.99005900 -0.14059800 -0.00380100 -0.11453300 0.79024200 0.60199500
0.06210100 0.02846400 -0.07462100 -0.07408300 0.59855200 -0.79765000 -0.99223500 -0.12437000 -0.00117100 -0.09990500 0.79137000 0.60311800
0.06144800 0.02828100 -0.07492100 -0.06372200 0.60043000 -0.79713400 -0.99451500 -0.10458100 0.00072600 -0.08292900 0.79280800 0.60380100
0.06114900 0.02816300 -0.07506400 -0.05201200 0.59889100 -0.79913900 -0.99581500 -0.09131900 -0.00362400 -0.07514700 0.79560600 0.60113400
0.06050500 0.02790900 -0.07533500 -0.01597200 0.59218100 -0.80564600 -0.99793000 -0.05963600 -0.02405100 -0.06228900 0.80359500 0.59190700
0.05980400 0.02766600 -0.07557400 0.01442600 0.58954700 -0.80760400 -0.99924900 -0.02053100 -0.03283700 -0.03594000 0.80747200 0.58880800
0.05945400 0.02757600 -0.07567000 0.02784700 0.59024100 -0.80674500 -0.99937200 -0.00122700 -0.03539400 -0.02188100 0.80722500 0.58983600
0.05872300 0.02746200 -0.07580600 0.04829300 0.59247800 -0.80413700 -0.99883200 0.02963900 -0.03814800 0.00123200 0.80504000 0.59321700
0.05799400 0.02739500 -0.07590000 0.07365000 0.59193700 -0.80261100 -0.99693000 0.06513900 -0.04344100 0.02656700 0.80334700 0.59491700
0.05729400 0.02738700 -0.07594100 0.09253600 0.59120300 -0.80119600 -0.99482600 0.08878300 -0.04938700 0.04193500 0.80162000 0.59636000
0.05697300 0.02739900 -0.07594600 0.10269600 0.58677500 -0.80321000 -0.99347900 0.10069500 -0.05346200 0.04950900 0.80346300 0.59329000
0.05640300 0.02746200 -0.07592500 0.11360600 0.58178400 -0.80536900 -0.99188200 0.11301100 -0.05827900 0.05710900 0.80545300 0.58990000
0.05587800 0.02753700 -0.07587600 0.12342400 0.57731400 -0.80713900 -0.99024000 0.12469700 -0.06223200 0.06472100 0.80694300 0.58707000
0.05561400 0.02758900 -0.07584300 0.13072000 0.57477800 -0.80780000 -0.98869200 0.13596200 -0.06325100 0.07347500 0.80693400 0.58605200
0.05513500 0.02772400 -0.07575200 0.13669000 0.57291400 -0.80813600 -0.98720200 0.14642400 -0.06317300 0.08213800 0.80642900 0.58559700
0.05470100 0.02786000 -0.07565200 0.14104500 0.57249600 -0.80768300 -0.98572100 0.15700400 -0.06084900 0.09197400 0.80473400 0.58646700
0.05451400 0.02790600 -0.07560600 0.14630600 0.57153400 -0.80742900 -0.98397700 0.16814800 -0.05927400 0.10189100 0.80316500 0.58697700
0.05420300 0.02796000 -0.07552600 0.15411700 0.57006000 -0.80701800 -0.98112500 0.18484400 -0.05679600 0.11679600 0.80053900 0.58778700
0.05407000 0.02797100 -0.07555000 0.16520700 0.56329300 -0.80957100 -0.97853000 0.19617400 -0.06319000 0.12322300 0.80263000 0.58360900
0.05408300 0.02791700 -0.07560500 0.16686400 0.56163500 -0.81038300 -0.97839100 0.19609200 -0.06555600 0.12209200 0.80381100 0.58222000
0.05413600 0.02787100 -0.07566500 0.16994800 0.56067800 -0.81040500 -0.97723900 0.20184400 -0.06528900 0.12697000 0.80305500 0.58222000
0.05421300 0.02775700 -0.07579900 0.17263700 0.55629400 -0.81285400 -0.97610200 0.20720200 -0.06550600 0.13198400 0.80473700 0.57877100
0.05421700 0.02763300 -0.07593300 0.17727300 0.55391100 -0.81348400 -0.97476400 0.21277200 -0.06754000 0.13567600 0.80492800 0.57765100
0.05418100 0.02757700 -0.07597900 0.17876600 0.55232100 -0.81423700 -0.97463900 0.21263200 -0.06974800 0.13460900 0.80605700 0.57632500
0.05411200 0.02748800 -0.07605800 0.18017500 0.55078500 -0.81496700 -0.97452600 0.21244200 -0.07187400 0.13354600 0.80715700 0.57503200
0.05404500 0.02739300 -0.07611400 0.17954700 0.55129300 -0.81476200 -0.97463600 0.21215500 -0.07122800 0.13358800 0.80688600 0.57540200
0.05402800 0.02728700 -0.07615000 0.18264400 0.54807500 -0.81624400 -0.97432800 0.21204500 -0.07563700 0.13162600 0.80910400 0.57273300
0.05403300 0.02725300 -0.07618100 0.18437600 0.54630100 -0.81704300 -0.97414100 0.21202500 -0.07806100 0.13058900 0.81030800 0.57126700
0.05405400 0.02721700 -0.07624800 0.18623600 0.54440500 -0.81788600 -0.97393800 0.21197900 -0.08067000 0.12945800 0.81159500 0.56969500
0.05403900 0.02718200 -0.07630200 0.18953500 0.54093100 -0.81943200 -0.97359100 0.21170700 -0.08543800 0.12726300 0.81398600 0.56677100
0.05403200 0.02717200 -0.07633900 0.19126700 0.53912000 -0.82022200 -0.97339700 0.21158400 -0.08791500 0.12614900 0.81521800 0.56524700
0.05399900 0.02715300 -0.07642100 0.19499300 0.53147900 -0.82432200 -0.97289300 0.21134100 -0.09387600 0.12432000 0.82028200 0.55828200
0.05396300 0.02709100 -0.07650200 0.19793700 0.52902100 -0.82520000 -0.97243000 0.21186400 -0.09743000 0.12328700 0.82173500 0.55637200
0.05395100 0.02702400 -0.07656400 0.19761200 0.52546800 -0.82754500 -0.97245000 0.21156800 -0.09787400 0.12365300 0.82408800 0.55280000
0.05395700 0.02699600 -0.07659600 0.19943500 0.52384400 -0.82813700 -0.97221900 0.21145100 -0.10037900 0.12252800 0.82515100 0.55146200
0.05398000 0.02695500 -0.07664000 0.19951300 0.52032300 -0.83033500 -0.97216900 0.21130200 -0.10118100 0.12280500 0.82741400 0.54800000
0.05399600 0.02694500 -0.07666900 0.20133700 0.51852300 -0.83102100 -0.97193100 0.21116900 -0.10371500 0.12170700 0.82857700 0.54648400
0.05400100 0.02694900 -0.07667900 0.20123600 0.51859300 -0.83100100 -0.97195800 0.21107400 -0.10364900 0.12165100 0.82855700 0.54652700
0.05400200 0.02697200 -0.07670700 0.20290400 0.51679600 -0.83171500 -0.97175700 0.21078800 -0.10609300 0.12048600 0.82975200 0.54497100
0.05401500 0.02699300 -0.07676300 0.20294100 0.51669700 -0.83176800 -0.97178000 0.21058200 -0.10628800 0.12023700 0.82986600 0.54485200
0.05401900 0.02697600 -0.07682700 0.20261900 0.51690900 -0.83171500 -0.97187300 0.21025100 -0.10609300 0.12002900 0.82981800 0.54497100
0.05403000 0.02696900 -0.07685400 0.20250900 0.51698100 -0.83169600 -0.97190700 0.21012400 -0.10603600 0.11994100 0.82980500 0.54501000
0.05406700 0.02695000 -0.07691900 0.20242400 0.51701800 -0.83169400 -0.97194700 0.20992500 -0.10606100 0.11975800 0.82983300 0.54500900
0.05412700 0.02692900 -0.07701100 0.20087900 0.51501800 -0.83330800 -0.97213200 0.20974500 -0.10471400 0.12085200 0.83112100 0.54279900
0.05415300 0.02692800 -0.07705900 0.20099900 0.51497300 -0.83330700 -0.97213100 0.20964100 -0.10492900 0.12066000 0.83117500 0.54275900
0.05417300 0.02695800 -0.07712100 0.20276200 0.51308100 -0.83404700 -0.97192400 0.20927700 -0.10754000 0.11937000 0.83243600 0.54110900
0.05415400 0.02703900 -0.07714400 0.20262200 0.51307900 -0.83408200 -0.97199500 0.20891300 -0.10761400 0.11903600 0.83252900 0.54104100
0.05407300 0.02711100 -0.07712400 0.20023600 0.51531300 -0.83328100 -0.97239300 0.20853800 -0.10470200 0.11981700 0.83124200 0.54284400
0.05400700 0.02714500 -0.07709600 0.20005500 0.51542500 -0.83325500 -0.97243100 0.20844300 -0.10453400 0.11980700 0.83119600 0.54291600
0.05385300 0.02723100 -0.07702600 0.19929200 0.51595500 -0.83310900 -0.97259600 0.20803200 -0.10382300 0.11974600 0.83097000 0.54327500
0.05369600 0.02730700 -0.07696400 0.19682600 0.51826000 -0.83226400 -0.97298200 0.20773600 -0.10074500 0.12067900 0.82960900 0.54514500
0.05362400 0.02732300 -0.07695300 0.19666100 0.51835700 -0.83224300 -0.97301600 0.20764800 -0.10059400 0.12067000 0.82957000 0.54520600
0.05352600 0.02734700 -0.07694400 0.19639300 0.52225400 -0.82986600 -0.97312400 0.20760300 -0.09964600 0.12024300 0.82713300 0.54899000
0.05350700 0.02734100 -0.07695100 0.19626400 0.52212900 -0.82997600 -0.97314100 0.20757600 -0.09953400 0.12031300 0.82722000 0.54884500
0.05351200 0.02734100 -0.07695000 0.19617800 0.52218400 -0.82996200 -0.97315900 0.20753100 -0.09945300 0.12031000 0.82719600 0.54888100
0.05352500 0.02734700 -0.07695100 0.19622600 0.52214000 -0.82997800 -0.97315100 0.20753800 -0.09951300 0.12029200 0.82722200 0.54884600
0.05352300 0.02734500 -0.07696000 0.19621800 0.52213900 -0.82998100 -0.97315600 0.20751300 -0.09952100 0.12026800 0.82722900 0.54884100
0.05355400 0.02734600 -0.07697800 0.19633400 0.52203900 -0.83001600 -0.97314000 0.20751400 -0.09967300 0.12020700 0.82729200 0.54876000
0.05357200 0.02734300 -0.07700100 0.19637700 0.52199300 -0.83003500 -0.97314000 0.20747400 -0.09975700 0.12013800 0.82733100 0.54871600
0.05359600 0.02734000 -0.07705800 0.19630700 0.52200400 -0.83004400 -0.97317900 0.20726600 -0.09981200 0.11993800 0.82737600 0.54869200
0.05359300 0.02733200 -0.07707200 0.19638100 0.52193800 -0.83006800 -0.97316600 0.20728800 -0.09989600 0.11992300 0.82741200 0.54864000
0.05359800 0.02733200 -0.07707200 0.19816000 0.52010800 -0.83079400 -0.97292600 0.20722200 -0.10233400 0.11893400 0.82858000 0.54709000
0.05362400 0.02733200 -0.07708500 0.20195400 0.51624100 -0.83229100 -0.97239100 0.20713500 -0.10747100 0.11691500 0.83101700 0.54382000
0.05367700 0.02734700 -0.07712300 0.20089300 0.51421000 -0.83380300 -0.97396100 0.19613800 -0.11370300 0.10507400 0.83493500 0.54022400
0.05373500 0.02741300 -0.07716900 0.19069200 0.51963300 -0.83283600 -0.97869000 0.16646000 -0.12022800 0.07615900 0.83801600 0.54030300
0.05376200 0.02748400 -0.07720600 0.17964500 0.52334000 -0.83297100 -0.98217500 0.14302400 -0.12196400 0.05530600 0.84003400 0.53970500
0.05384500 0.02770100 -0.07734100 0.15777500 0.53025600 -0.83302700 -0.98747400 0.08434100 -0.13334000 -0.00044600 0.84363100 0.53692100
0.05400800 0.02799200 -0.07756900 0.13394600 0.53203400 -0.83606000 -0.98867400 0.01412400 -0.14940900 -0.06768200 0.84660400 0.52790000
0.05431400 0.02828500 -0.07784200 0.11050600 0.53165000 -0.83972300 -0.98338200 -0.06395700 -0.16990500 -0.14403600 0.84454500 0.51574800
0.05452000 0.02840300 -0.07796400 0.10094100 0.53200100 -0.84070400 -0.97993800 -0.09279000 -0.17637700 -0.17184200 0.84164300 0.51196200
0.05511500 0.02858200 -0.07822200 0.08377000 0.52522900 -0.84682700 -0.97357500 -0.13803800 -0.18192500 -0.21244700 0.83969000 0.49978600
0.05584800 0.02869700 -0.07853200 0.06794700 0.50985400 -0.85757300 -0.96543000 -0.18320700 -0.18541400 -0.25164700 0.84052600 0.47978000
0.05627800 0.02875700 -0.07868200 0.06323700 0.49844400 -0.86461100 -0.96026800 -0.20557200 -0.18874500 -0.27182000 0.84219500 0.46564000
0.05711100 0.02886100 -0.07890900 0.05126400 0.48265400 -0.87430800 -0.95143800 -0.24248200 -0.18964700 -0.30353800 0.84157300 0.44678500
0.05787200 0.02903300 -0.07899400 0.04422600 0.47590600 -0.87838200 -0.94184600 -0.27331800 -0.19550500 -0.33312000 0.83594800 0.43614300
0.05820900 0.02911100 -0.07895900 0.03923800 0.47501600 -0.87910100 -0.93664200 -0.28898500 -0.19795800 -0.34808100 0.83117100 0.43358100
0.05891000 0.02925000 -0.07876200 0.03239000 0.47607900 -0.87880500 -0.93155100 -0.30422500 -0.19914300 -0.36216200 0.82510300 0.43363800
0.05957700 0.02940000 -0.07849000 0.03017400 0.47612900 -0.87885700 -0.92779600 -0.31377100 -0.20184300 -0.37186400 0.82149100 0.43228300
0.06019000 0.02958500 -0.07825800 0.02266500 0.47629800 -0.87899100 -0.91980700 -0.33455600 -0.20500300 -0.39171500 0.81314900 0.43051900
0.06048000 0.02968000 -0.07816700 0.01611500 0.47360300 -0.88059000 -0.91394600 -0.35020700 -0.20507500 -0.40551300 0.80811700 0.42720400
0.06103900 0.02989900 -0.07795800 0.00496600 0.46198900 -0.88687100 -0.90379600 -0.37745800 -0.20168700 -0.42793400 0.80255200 0.41567000
0.06162700 0.03023900 -0.07781200 -0.01294200 0.43590900 -0.89989700 -0.87583900 -0.43915100 -0.20012900 -0.48242900 0.78557500 0.38747000
0.06194300 0.03043900 -0.07777000 -0.01961800 0.41772900 -0.90835900 -0.85942600 -0.47128900 -0.19817100 -0.51088200 0.77678000 0.36825300
0.06261700 0.03092800 -0.07781000 -0.02810600 0.37948200 -0.92477100 -0.82603200 -0.52980300 -0.19230100 -0.56292100 0.75848600 0.32835500
0.06328900 0.03162800 -0.07802200 -0.02632900 0.34338300 -0.93882600 -0.79494700 -0.57661500 -0.18860800 -0.60610600 0.74135100 0.28815300
0.06403300 0.03246400 -0.07841600 -0.03592100 0.30965100 -0.95017100 -0.76658100 -0.61851900 -0.17258900 -0.64114100 0.72218300 0.25959100
0.06445300 0.03292600 -0.07868600 -0.04231100 0.29027000 -0.95600800 -0.74570300 -0.64599600 -0.16313900 -0.66493300 0.70599600 0.24378800
0.06526300 0.03382600 -0.07922900 -0.04849500 0.25507500 -0.96570300 -0.70906400 -0.68974000 -0.14657700 -0.70347300 0.67763800 0.21431300
0.06624500 0.03471200 -0.07976500 -0.05206300 0.21856100 -0.97443300 -0.67250500 -0.72901200 -0.12758300 -0.73825900 0.64866900 0.18493800
0.06679400 0.03513000 -0.08001700 -0.05240900 0.20084700 -0.97821900 -0.65858300 -0.74330400 -0.11733000 -0.75068000 0.63808900 0.17123000
0.06788300 0.03577500 -0.08042300 -0.05457400 0.17203500 -0.98357700 -0.62780000 -0.77190000 -0.10017800 -0.77645800 0.61202400 0.15012900
0.06898200 0.03619400 -0.08078700 -0.05758500 0.15145000 -0.98678500 -0.60336700 -0.79276200 -0.08646200 -0.79538100 0.59041500 0.13703100
0.06956300 0.03635100 -0.08097400 -0.05874000 0.14148400 -0.98819500 -0.58818700 -0.80473200 -0.08025400 -0.80658800 0.57653000 0.13048900
0.07072400 0.03662300 -0.08131400 -0.06373800 0.13045700 -0.98940200 -0.57188700 -0.81726000 -0.07091800 -0.81785100 0.56130700 0.12669700
0.07185900 0.03686700 -0.08158900 -0.07136400 0.12669300 -0.98937100 -0.55582900 -0.82867000 -0.06602200 -0.82822700 0.54521000 0.12955700
0.07288400 0.03709800 -0.08173300 -0.08214700 0.12120600 -0.98922100 -0.53482600 -0.84290800 -0.05886600 -0.84095800 0.52422600 0.13406600
0.07333900 0.03722700 -0.08174000 -0.08794600 0.11498600 -0.98946500 -0.52915500 -0.84696700 -0.05139400 -0.84395400 0.51906100 0.13533300
0.07408000 0.03749000 -0.08163300 -0.09765900 0.10536900 -0.98962500 -0.50793100 -0.86039700 -0.04148600 -0.85584300 0.49861000 0.13754500
0.07464600 0.03779900 -0.08136600 -0.10313500 0.09536100 -0.99008500 -0.49168700 -0.87016100 -0.03259300 -0.86464200 0.48345100 0.13663200
0.07509000 0.03815400 -0.08103100 -0.10950400 0.09162700 -0.98975300 -0.48079100 -0.87638900 -0.02793800 -0.86996900 0.47280600 0.14002200
0.07528600 0.03834600 -0.08085300 -0.11216100 0.09041800 -0.98956700 -0.48061000 -0.87656000 -0.02561800 -0.86973100 0.47272300 0.14177100
0.07561700 0.03872900 -0.08047600 -0.12013500 0.08518600 -0.98909500 -0.46983500 -0.88255000 -0.01894400 -0.87454000 0.46243600 0.14604900
0.07589500 0.03908400 -0.08007400 -0.12733700 0.08011800 -0.98861700 -0.45923400 -0.88822200 -0.01283100 -0.87914000 0.45237300 0.14989600
0.07603200 0.03925500 -0.07987900 -0.12776000 0.07642600 -0.98885500 -0.45908500 -0.88834300 -0.00934400 -0.87915700 0.45277500 0.14858100
0.07629300 0.03956800 -0.07952900 -0.13200900 0.07375800 -0.98849900 -0.45368700 -0.89114100 -0.00590600 -0.88132800 0.44769000 0.15110200
0.07655700 0.03985300 -0.07926200 -0.13395000 0.06856600 -0.98861200 -0.44805200 -0.89400500 -0.00129600 -0.88391400 0.44277700 0.15047300
0.07668700 0.03996900 -0.07916000 -0.13420500 0.06565700 -0.98877500 -0.44785400 -0.89410500 0.00141600 -0.88397600 0.44301800 0.14939700
0.07694400 0.04018600 -0.07896900 -0.13821400 0.05774500 -0.98871700 -0.43668100 -0.89957500 0.00850600 -0.88893500 0.43293000 0.14955000
0.07717700 0.04036200 -0.07880000 -0.14714900 0.05318400 -0.98768200 -0.43602700 -0.89978100 0.01651000 -0.88782100 0.43308600 0.15559200
0.07741200 0.04055400 -0.07864400 -0.14994800 0.04699300 -0.98757600 -0.43004300 -0.90253100 0.02234900 -0.89026800 0.42805200 0.15554200
0.07751400 0.04063400 -0.07856800 -0.15204000 0.04610000 -0.98729800 -0.42982000 -0.90259400 0.02404500 -0.89002100 0.42801600 0.15704500
0.07766700 0.04081000 -0.07839400 -0.15419200 0.04046500 -0.98721100 -0.42403000 -0.90517900 0.02912600 -0.89242500 0.42309900 0.15672900
0.07773800 0.04100700 -0.07816100 -0.15946700 0.03511400 -0.98657800 -0.42356200 -0.90514100 0.03624800 -0.89172000 0.42365800 0.15921300
0.07775700 0.04109200 -0.07801900 -0.16084300 0.03321300 -0.98642000 -0.42354500 -0.90505200 0.03858900 -0.89148000 0.42400100 0.15963900
0.07777400 0.04121900 -0.07767900 -0.17261900 0.02666700 -0.98462700 -0.42315200 -0.90469500 0.04968200 -0.88946200 0.42522300 0.16745200
0.07776800 0.04134400 -0.07728000 -0.18750200 0.02157100 -0.98202600 -0.42264100 -0.90425200 0.06083300 -0.88668800 0.42645200 0.17866600
0.07778300 0.04143700 -0.07681400 -0.19720400 0.01597300 -0.98023100 -0.42257600 -0.90359700 0.07029000 -0.88461200 0.42808400 0.18494200
0.07779200 0.04146900 -0.07654600 -0.20040100 0.01423000 -0.97961000 -0.42291700 -0.90319000 0.07339600 -0.88373000 0.42900300 0.18701800
0.07778900 0.04153900 -0.07599600 -0.21345900 0.00681600 -0.97692700 -0.42279800 -0.90212500 0.08608700 -0.88072400 0.43142000 0.19544800
0.07776600 0.04159800 -0.07536900 -0.23224000 -0.00395300 -0.97265000 -0.42191300 -0.90060400 0.10440100 -0.87638600 0.43462000 0.20748900
0.07773700 0.04162600 -0.07503300 -0.24308400 -0.00657800 -0.96998300 -0.42141000 -0.89996300 0.11171100 -0.87368400 0.43591600 0.21599400
0.07762300 0.04169800 -0.07430200 -0.26279300 -0.01446900 -0.96474300 -0.42023500 -0.89834900 0.12794400 -0.86852800 0.43904200 0.22999900
0.07741700 0.04172800 -0.07354900 -0.28258300 -0.01861700 -0.95906200 -0.41922700 -0.89687500 0.14093300 -0.86278300 0.44189000 0.24563700
0.07710900 0.04173900 -0.07272300 -0.29752900 -0.01966100 -0.95451000 -0.41922000 -0.89555400 0.14912100 -0.85774700 0.44451800 0.25821100
0.07694800 0.04176200 -0.07228600 -0.30421100 -0.01971400 -0.95239900 -0.41939500 -0.89490500 0.15248500 -0.85531400 0.44582000 0.26397200
0.07660600 0.04185700 -0.07142700 -0.32365000 -0.02279200 -0.94590100 -0.41832700 -0.89324600 0.16465800 -0.84867600 0.44898800 0.27956400
0.07624400 0.04198000 -0.07063000 -0.34820600 -0.02158400 -0.93716900 -0.42131100 -0.88947100 0.17702400 -0.83740600 0.45648100 0.30062500
0.07605000 0.04205800 -0.07027200 -0.35602100 -0.01980700 -0.93426700 -0.42079600 -0.88927800 0.17920600 -0.83437300 0.45693700 0.30826600
0.07564000 0.04229100 -0.06955300 -0.36877400 -0.02204700 -0.92925700 -0.41918900 -0.88834000 0.18743100 -0.82962900 0.45865400 0.31835500
0.07524900 0.04250100 -0.06886500 -0.37932100 -0.02763200 -0.92485200 -0.41766100 -0.88681100 0.19779600 -0.82563500 0.46130300 0.32484500
0.07484400 0.04268600 -0.06821600 -0.38842300 -0.03308100 -0.92088600 -0.41658800 -0.88509500 0.20750900 -0.82193700 0.46423200 0.33001000
0.07465000 0.04274600 -0.06791200 -0.39315900 -0.03292900 -0.91888000 -0.41644100 -0.88460400 0.20988200 -0.81975700 0.46517700 0.33407700
0.07428600 0.04272000 -0.06735300 -0.40400300 -0.02892500 -0.91429900 -0.41666200 -0.88397700 0.21207700 -0.81435400 0.46663400 0.34507800
0.07389100 0.04242100 -0.06684600 -0.42200600 -0.01019600 -0.90653400 -0.41770300 -0.88529200 0.20440500 -0.80463200 0.46492200 0.36933900
0.07368300 0.04216300 -0.06660800 -0.43697100 0.00686900 -0.89944800 -0.42739500 -0.88145800 0.20090600 -0.79144700 0.47221000 0.38810700
0.07326900 0.04147400 -0.06610700 -0.46776500 0.04515900 -0.88269700 -0.44752700 -0.87331000 0.19247800 -0.76217700 0.48506600 0.42871400
0.07293900 0.04067500 -0.06560300 -0.49839000 0.06800700 -0.86428000 -0.45392100 -0.86981800 0.19331200 -0.73862100 0.48866100 0.46437900
0.07274100 0.03984000 -0.06504600 -0.52858400 0.09181000 -0.84390100 -0.46344000 -0.86411800 0.19627000 -0.71121200 0.49484300 0.49930700
0.07267200 0.03948900 -0.06478700 -0.54293200 0.10554300 -0.83311700 -0.46664200 -0.86272400 0.19481100 -0.69819000 0.49453600 0.51765100
0.07254500 0.03879500 -0.06426200 -0.56932700 0.13642800 -0.81071100 -0.47277400 -0.86109000 0.18710200 -0.67257000 0.48980500 0.55474200
0.07250900 0.03814200 -0.06382700 -0.59281900 0.17273500 -0.78659200 -0.48775800 -0.85421500 0.18001700 -0.64082400 0.49038500 0.59064900
0.07248600 0.03783000 -0.06364700 -0.60279700 0.19031800 -0.77486400 -0.49478000 -0.85103300 0.17588200 -0.62596200 0.48940800 0.60716600
0.07242600 0.03725200 -0.06335100 -0.61569700 0.21642600 -0.75767700 -0.49983700 -0.85060300 0.16320400 -0.60916200 0.47920000 0.63189200
0.07240400 0.03678900 -0.06309500 -0.62353700 0.23557000 -0.74545700 -0.50846700 -0.84649700 0.15780700 -0.59385300 0.47743900 0.64760100
0.07234400 0.03657400 -0.06293100 -0.63248700 0.25106000 -0.73275300 -0.51695900 -0.84130800 0.15796700 -0.57681200 0.47871600 0.66190400
0.07230000 0.03655500 -0.06285400 -0.63723200 0.25121800 -0.72857600 -0.51450200 -0.84252600 0.15948800 -0.57377900 0.47648500 0.66613700
0.07222400 0.03666100 -0.06269000 -0.64135100 0.25249800 -0.72450800 -0.51257600 -0.84365400 0.15972300 -0.57090500 0.47380400 0.67050300
0.07211900 0.03689400 -0.06252300 -0.64095200 0.25429500 -0.72423300 -0.51321800 -0.84358900 0.15799800 -0.57077700 0.47295900 0.67120900
0.07206100 0.03703000 -0.06242400 -0.64101300 0.25706200 -0.72320100 -0.51381500 -0.84368300 0.15553600 -0.57017100 0.47129200 0.67289500
0.07192200 0.03721600 -0.06214000 -0.64511300 0.26433300 -0.71690700 -0.51433700 -0.84408000 0.15160500 -0.56505400 0.46653400 0.68048400
0.07182500 0.03726800 -0.06174600 -0.66140900 0.27040800 -0.69958300 -0.51212900 -0.84427900 0.15784600 -0.54796100 0.46267800 0.69689800
0.07178700 0.03722600 -0.06149500 -0.67703000 0.27268700 -0.68357200 -0.50887000 -0.84446200 0.16713200 -0.53167700 0.46100300 0.71048800
0.07173500 0.03696700 -0.06093100 -0.68746300 0.28282000 -0.66888400 -0.50762200 -0.84580800 0.16409500 -0.51933800 0.45235000 0.72502800
0.07180500 0.03651700 -0.06038400 -0.69432500 0.29334900 -0.65715800 -0.50816800 -0.84644100 0.15906500 -0.50958500 0.44438900 0.73677600
0.07186100 0.03603300 -0.05987000 -0.69929700 0.30709900 -0.64550200 -0.51075700 -0.84642500 0.15063500 -0.50010900 0.43503400 0.74875500
0.07188800 0.03578700 -0.05964200 -0.69902400 0.31288700 -0.64301200 -0.51260900 -0.84620300 0.14550200 -0.49859400 0.43132300 0.75190500
0.07193900 0.03534000 -0.05922800 -0.69548700 0.31892100 -0.64388200 -0.51567700 -0.84556400 0.13819100 -0.50037200 0.42814600 0.75254000
0.07193500 0.03493200 -0.05891800 -0.69165300 0.32282100 -0.64606600 -0.51820200 -0.84491800 0.13258600 -0.50307100 0.42649700 0.75167700
0.07193400 0.03474300 -0.05880000 -0.69074000 0.31992400 -0.64848000 -0.51462400 -0.84749400 0.13005500 -0.50797500 0.42355800 0.75003900
0.07196100 0.03437700 -0.05862800 -0.69222100 0.31532500 -0.64915300 -0.50689900 -0.85269700 0.12633300 -0.51369500 0.41650600 0.75009300
0.07196600 0.03402500 -0.05854800 -0.69478600 0.31477200 -0.64667600 -0.49931300 -0.85825100 0.11870200 -0.51764700 0.40536600 0.75347100
0.07203000 0.03366400 -0.05854600 -0.69760700 0.31150000 -0.64522200 -0.49065700 -0.86394100 0.11340000 -0.52211000 0.39569200 0.75553100
0.07209100 0.03346900 -0.05858900 -0.69810400 0.31015400 -0.64533200 -0.48637600 -0.86685700 0.10952800 -0.52544000 0.39033600 0.75600800
0.07216600 0.03306900 -0.05871700 -0.69732500 0.30365800 -0.64925200 -0.47762600 -0.87226200 0.10503000 -0.53442500 0.38334000 0.75328500
0.07230800 0.03268100 -0.05890400 -0.69825600 0.30295100 -0.64858100 -0.47414200 -0.87452300 0.10196900 -0.53630800 0.37872000 0.75428300
0.07238300 0.03249000 -0.05901700 -0.70060700 0.29510500 -0.64966200 -0.46452800 -0.87974000 0.10133900 -0.54162800 0.37278500 0.75343700
0.07254400 0.03213200 -0.05926400 -0.70445700 0.29178500 -0.64699300 -0.45526500 -0.88510700 0.09652800 -0.54449300 0.36255300 0.75636000
0.07280100 0.03173100 -0.05954900 -0.71103900 0.28097300 -0.64457400 -0.43590100 -0.89542900 0.09052700 -0.55173500 0.34533900 0.75916200
0.07308900 0.03120500 -0.05991300 -0.72009300 0.26033400 -0.64318800 -0.40536200 -0.91015400 0.08544100 -0.56315700 0.32225000 0.76092600
0.07321800 0.03093200 -0.06009300 -0.72581900 0.24595000 -0.64241300 -0.38484200 -0.91925500 0.08286700 -0.57016000 0.30737400 0.76186500
0.07345900 0.03037900 -0.06042400 -0.73472600 0.23296600 -0.63710500 -0.36337900 -0.92823000 0.07963900 -0.57282800 0.29002300 0.76665100
0.07361400 0.02987000 -0.06062800 -0.74368400 0.22366300 -0.63000600 -0.34352800 -0.93629100 0.07311400 -0.57351700 0.27079900 0.77314000
0.07365400 0.02962100 -0.06068300 -0.74819400 0.22243600 -0.62508000 -0.33701400 -0.93894700 0.06926500 -0.57151100 0.26248500 0.77748000
0.07363000 0.02915400 -0.06072300 -0.75532900 0.22516600 -0.61544800 -0.33152000 -0.94137700 0.06245900 -0.56530600 0.25121100 0.78569700
0.07358100 0.02869700 -0.06071900 -0.76338600 0.22296900 -0.60623900 -0.32084200 -0.94545900 0.05627900 -0.56062600 0.23746900 0.79328800
0.07350400 0.02830100 -0.06068400 -0.76914900 0.22277100 -0.59898400 -0.31532000 -0.94753100 0.05249900 -0.55586100 0.22925100 0.79903700
0.07347000 0.02811200 -0.06065300 -0.77246900 0.22068200 -0.59547400 -0.30997400 -0.94941500 0.05025700 -0.55426100 0.22340400 0.80180000
0.07342300 0.02774600 -0.06060200 -0.77867900 0.21279600 -0.59023300 -0.29897500 -0.95290300 0.05087900 -0.55160900 0.21608300 0.80562700
0.07344600 0.02742900 -0.06059800 -0.78470200 0.20494200 -0.58501200 -0.28779000 -0.95633400 0.05100000 -0.54901600 0.20838100 0.80941800
0.07346800 0.02731300 -0.06062600 -0.78727100 0.20486900 -0.58157600 -0.28752000 -0.95634300 0.05232500 -0.54546700 0.20840900 0.81180600
0.07350000 0.02716500 -0.06075400 -0.79130400 0.20417700 -0.57632300 -0.28703800 -0.95632100 0.05530800 -0.53985700 0.20919200 0.81534700
0.07355100 0.02706300 -0.06096700 -0.79492100 0.20350600 -0.57156300 -0.28638100 -0.95637100 0.05777600 -0.53486900 0.20961200 0.81852100
0.07377700 0.02694900 -0.06132000 -0.80235000 0.18813100 -0.56642700 -0.26902200 -0.96114600 0.06184100 -0.53278500 0.20200000 0.82178700
0.07396300 0.02686600 -0.06155800 -0.80554900 0.18163700 -0.56400100 -0.26301000 -0.96255600 0.06565800 -0.53095700 0.20122800 0.82315900
0.07443900 0.02665300 -0.06212000 -0.81619100 0.15608700 -0.55629800 -0.23823400 -0.96807700 0.07790900 -0.52637900 0.19611900 0.82732200
0.07509000 0.02641800 -0.06273900 -0.82349500 0.12338400 -0.55374200 -0.20714200 -0.97406800 0.09100900 -0.52815400 0.18964900 0.82769800
0.07541000 0.02628400 -0.06299200 -0.82704600 0.11031800 -0.55120200 -0.19409300 -0.97629000 0.09582900 -0.52756200 0.18624000 0.82884900
0.07593100 0.02605800 -0.06329100 -0.82921100 0.08246900 -0.55281700 -0.16412800 -0.98137800 0.09978600 -0.53429400 0.17347600 0.82730600
0.07638300 0.02589200 -0.06338000 -0.82873400 0.05296700 -0.55712800 -0.13072000 -0.98629300 0.10068000 -0.54416000 0.15626500 0.82429900
