0.08345000 0.04794800 -0.02200200 -0.45267700 0.84561400 -0.28287800 -0.84030700 -0.51068400 -0.18189300 -0.29827300 0.15536600 0.94175000
0.08345100 0.04794900 -0.02199700 -0.45253900 0.84568000 -0.28289900 -0.84037800 -0.51055700 -0.18191800 -0.29828100 0.15541700 0.94173900
0.08344500 0.04794200 -0.02199300 -0.45232800 0.84578200 -0.28293300 -0.84048300 -0.51036700 -0.18196900 -0.29830600 0.15549000 0.94171900
0.08345300 0.04792900 -0.02198400 -0.45206100 0.84591200 -0.28297000 -0.84062900 -0.51011700 -0.18199200 -0.29829800 0.15560100 0.94170300
0.08345200 0.04792000 -0.02197200 -0.45208400 0.84590800 -0.28294500 -0.84064500 -0.51012000 -0.18191400 -0.29821900 0.15561600 0.94172500
0.08344800 0.04791000 -0.02195500 -0.45203000 0.84594200 -0.28292800 -0.84070400 -0.51004800 -0.18184100 -0.29813400 0.15566100 0.94174500
0.08343700 0.04788600 -0.02193300 -0.45177900 0.84607500 -0.28293300 -0.84087000 -0.50979200 -0.18179200 -0.29804700 0.15578100 0.94175200
0.08344100 0.04787500 -0.02191700 -0.45166200 0.84613800 -0.28293200 -0.84095700 -0.50966600 -0.18173900 -0.29797800 0.15585000 0.94176300
0.08344900 0.04786300 -0.02190200 -0.45139000 0.84627300 -0.28296400 -0.84111500 -0.50940600 -0.18174100 -0.29794600 0.15597000 0.94175400
0.08345100 0.04786300 -0.02189100 -0.45137900 0.84628200 -0.28295200 -0.84113700 -0.50938500 -0.18169800 -0.29790000 0.15598700 0.94176500
0.08345300 0.04788300 -0.02188400 -0.45117200 0.84637900 -0.28299200 -0.84123000 -0.50920400 -0.18177200 -0.29794900 0.15605200 0.94173900
0.08346000 0.04789600 -0.02188500 -0.45109700 0.84641100 -0.28301600 -0.84125500 -0.50914500 -0.18182000 -0.29799100 0.15607000 0.94172200
0.08348900 0.04790800 -0.02188800 -0.45060900 0.84663200 -0.28313300 -0.84146600 -0.50872900 -0.18201100 -0.29813400 0.15623100 0.94165100
0.08351500 0.04790500 -0.02189000 -0.45021200 0.84681300 -0.28322400 -0.84164500 -0.50838500 -0.18214600 -0.29823100 0.15637000 0.94159700
0.08351900 0.04791700 -0.02191100 -0.45000600 0.84689700 -0.28330100 -0.84169500 -0.50823500 -0.18233400 -0.29840200 0.15640100 0.94153800
0.08351800 0.04792300 -0.02192400 -0.44998300 0.84690100 -0.28332600 -0.84167900 -0.50823300 -0.18241200 -0.29848100 0.15638700 0.94151500
0.08352500 0.04798000 -0.02200000 -0.44959800 0.84703600 -0.28353200 -0.84168800 -0.50801200 -0.18298800 -0.29903500 0.15637500 0.94134100
0.08371100 0.04828600 -0.02245100 -0.46239300 0.83577800 -0.29608400 -0.83273800 -0.52402700 -0.17872500 -0.30453100 0.16391900 0.93829100
0.08396700 0.04866200 -0.02304600 -0.48233800 0.81686100 -0.31636600 -0.81596100 -0.55035000 -0.17697800 -0.31867900 0.17277900 0.93198200
0.08488800 0.05044400 -0.02558500 -0.52619300 0.75243800 -0.39617700 -0.76301500 -0.62344400 -0.17065700 -0.37540300 0.21249100 0.90217400
0.08610400 0.05322000 -0.02987900 -0.53242600 0.68198200 -0.50141900 -0.72529100 -0.67296400 -0.14516100 -0.43643500 0.28638700 0.85293900
0.08673800 0.05461100 -0.03247900 -0.53420500 0.64345400 -0.54826100 -0.71262000 -0.69165700 -0.11739700 -0.45474900 0.32798800 0.82802600
0.08808800 0.05735500 -0.03805700 -0.53036000 0.58232100 -0.61613200 -0.71537800 -0.69739200 -0.04333200 -0.45491900 0.41778600 0.78644900
0.08930900 0.05965000 -0.04353800 -0.52281400 0.51377100 -0.68022200 -0.70898200 -0.70511800 0.01234300 -0.47329600 0.48871900 0.73290100
0.08987300 0.06043800 -0.04608000 -0.50985900 0.48558900 -0.71010200 -0.71172400 -0.70176800 0.03113400 -0.48320900 0.52127100 0.70340900
0.09086700 0.06103300 -0.05065500 -0.46886300 0.44135800 -0.76509400 -0.72960800 -0.68174100 0.05384200 -0.49783400 0.58346300 0.64166200
0.09132300 0.06040500 -0.05408900 -0.41887300 0.42281900 -0.80359700 -0.76135100 -0.64582400 0.05704700 -0.49486200 0.63571600 0.59243200
0.09107700 0.05903400 -0.05662500 -0.34551500 0.43525400 -0.83136700 -0.80634700 -0.59088000 0.02576700 -0.48002300 0.67927400 0.55512400
0.09074700 0.05818200 -0.05757900 -0.30834600 0.44503900 -0.84075000 -0.82196000 -0.56954400 -0.00002600 -0.47885700 0.69105500 0.54142100
0.08968400 0.05627700 -0.05891600 -0.25729800 0.45033600 -0.85498100 -0.83462700 -0.54948400 -0.03825200 -0.48702600 0.70374900 0.51724400
0.08813900 0.05428400 -0.05954300 -0.22073400 0.45270000 -0.86390800 -0.84323500 -0.53369400 -0.06421200 -0.49013300 0.71430400 0.49953800
0.08618800 0.05248900 -0.05974600 -0.19168700 0.45474800 -0.86974600 -0.85531300 -0.51202000 -0.07920500 -0.48134600 0.72872300 0.48710000
0.08502100 0.05165300 -0.05976200 -0.17844700 0.45855500 -0.87056400 -0.86316100 -0.49768300 -0.08521700 -0.47234300 0.73623100 0.48461700
0.08259800 0.05019300 -0.05968900 -0.17027400 0.45485100 -0.87413700 -0.86905100 -0.48747400 -0.08437000 -0.46449500 0.74530400 0.47829300
0.07999500 0.04882700 -0.05948700 -0.15580200 0.46009700 -0.87409000 -0.88802200 -0.45277800 -0.08004500 -0.43259900 0.76374100 0.47912100
0.07868500 0.04818500 -0.05935200 -0.14274100 0.46339400 -0.87458000 -0.89914900 -0.43005900 -0.08111500 -0.41370900 0.77480000 0.47804700
0.07644600 0.04710900 -0.05909400 -0.10087400 0.47181400 -0.87590700 -0.91922200 -0.38099400 -0.09936300 -0.38059600 0.79513100 0.47213500
0.07459400 0.04618800 -0.05886400 -0.06117900 0.47409000 -0.87834800 -0.93544700 -0.33416300 -0.11520900 -0.34813100 0.81460000 0.46392900
0.07381400 0.04575200 -0.05877900 -0.04857400 0.47540800 -0.87842200 -0.94033500 -0.31828600 -0.12026100 -0.33676300 0.82017000 0.46250300
0.07270400 0.04497500 -0.05869600 -0.02284400 0.47844500 -0.87781900 -0.95059600 -0.28229800 -0.12912600 -0.30958600 0.83150300 0.46125700
0.07206100 0.04435700 -0.05871200 -0.00912800 0.48012700 -0.87715000 -0.95609800 -0.26113300 -0.13298800 -0.29290500 0.83742800 0.46143200
0.07170600 0.04391700 -0.05877800 -0.00456400 0.48852500 -0.87253600 -0.96288500 -0.23762400 -0.12800600 -0.26987000 0.83956900 0.47147900
0.07161700 0.04375500 -0.05880600 -0.00216100 0.49338800 -0.86980600 -0.96593900 -0.22609900 -0.12585200 -0.25875600 0.83990900 0.47707100
0.07158700 0.04355900 -0.05882700 0.00564300 0.50182200 -0.86495200 -0.96972800 -0.20841400 -0.12724300 -0.24412200 0.83948600 0.48545500
0.07169300 0.04356600 -0.05880900 0.00503300 0.50771900 -0.86150700 -0.97117400 -0.20283600 -0.12521300 -0.23831700 0.83730400 0.49206300
0.07175000 0.04360800 -0.05878000 0.00349600 0.50979500 -0.86028800 -0.97128300 -0.20293300 -0.12420300 -0.23789900 0.83601800 0.49444600
0.07184300 0.04371200 -0.05869000 0.00342200 0.51537000 -0.85696000 -0.97111300 -0.20275400 -0.12581300 -0.23859300 0.83263700 0.49978800
0.07188100 0.04375500 -0.05855900 0.00911900 0.52300000 -0.85228300 -0.97173800 -0.19642300 -0.13093200 -0.23588500 0.82939000 0.50642800
0.07189600 0.04369700 -0.05840900 0.01075000 0.52780400 -0.84929700 -0.97144400 -0.19581500 -0.13398800 -0.23702400 0.82648500 0.51062700
0.07189500 0.04364200 -0.05832200 0.01143200 0.53020700 -0.84779000 -0.97133400 -0.19543700 -0.13532400 -0.23744000 0.82503500 0.51277400
0.07188800 0.04350400 -0.05814400 0.01268600 0.53513200 -0.84467200 -0.97113600 -0.19462700 -0.13788900 -0.23818500 0.82204200 0.51721700
0.07187500 0.04336800 -0.05797500 0.01390500 0.54000600 -0.84154500 -0.97092500 -0.19385600 -0.14043700 -0.23897600 0.81903100 0.52161100
0.07186300 0.04326400 -0.05782100 0.01420400 0.54248100 -0.83994700 -0.97093000 -0.19325500 -0.14123300 -0.23894100 0.81753600 0.52396600
0.07185000 0.04322500 -0.05774100 0.01390500 0.54263300 -0.83985400 -0.97104700 -0.19300100 -0.14077600 -0.23848300 0.81749500 0.52423900
0.07182700 0.04316800 -0.05757800 0.01311800 0.54305700 -0.83959300 -0.97126400 -0.19263500 -0.13977400 -0.23764000 0.81730000 0.52492500
0.07180100 0.04311900 -0.05744100 0.01246300 0.54341800 -0.83936900 -0.97144800 -0.19231700 -0.13893300 -0.23692400 0.81713500 0.52550600
0.07177800 0.04308500 -0.05737500 0.01211200 0.54360600 -0.83925200 -0.97154200 -0.19215900 -0.13848800 -0.23655300 0.81704700 0.52580900
0.07173100 0.04301000 -0.05726000 0.01166400 0.54390300 -0.83906600 -0.97171600 -0.19176500 -0.13781500 -0.23586200 0.81694200 0.52628200
0.07171500 0.04295200 -0.05720500 0.01126700 0.54411400 -0.83893500 -0.97181600 -0.19161000 -0.13732500 -0.23546900 0.81683800 0.52662000
0.07170100 0.04293500 -0.05719900 0.01113500 0.54416600 -0.83890200 -0.97183500 -0.19160800 -0.13718900 -0.23539400 0.81680400 0.52670600
0.07169400 0.04295600 -0.05721400 0.01087400 0.54419700 -0.83888600 -0.97181000 -0.19184000 -0.13704600 -0.23551200 0.81672800 0.52677000
0.07170300 0.04301900 -0.05723100 0.01040300 0.54424900 -0.83885800 -0.97175700 -0.19228200 -0.13680300 -0.23575300 0.81659000 0.52687800
0.07169800 0.04306000 -0.05723300 0.00993500 0.54433200 -0.83881000 -0.97173300 -0.19261400 -0.13650400 -0.23587100 0.81645600 0.52703300
0.07169700 0.04307700 -0.05724000 0.00997500 0.54430000 -0.83883100 -0.97171500 -0.19265900 -0.13656800 -0.23594200 0.81646700 0.52698300
0.07169000 0.04309200 -0.05724100 0.00969000 0.54435700 -0.83879700 -0.97170700 -0.19283900 -0.13637400 -0.23598900 0.81638700 0.52708700
0.07164700 0.04312400 -0.05722000 0.00897800 0.54452500 -0.83869500 -0.97171600 -0.19318100 -0.13582500 -0.23598100 0.81619300 0.52739000
0.07160100 0.04314900 -0.05719800 0.00863800 0.54460300 -0.83864800 -0.97172600 -0.19332100 -0.13554900 -0.23594900 0.81610800 0.52753600
0.07150400 0.04321300 -0.05715600 0.00798000 0.54473700 -0.83856800 -0.97173600 -0.19363400 -0.13503300 -0.23593300 0.81594500 0.52779600
0.07141200 0.04326500 -0.05712200 0.00759400 0.54480300 -0.83852800 -0.97174200 -0.19381600 -0.13472500 -0.23591900 0.81585700 0.52793700
0.07131700 0.04328700 -0.05709100 0.00708600 0.54492300 -0.83845500 -0.97176700 -0.19399300 -0.13429100 -0.23583300 0.81573500 0.52816400
0.07127200 0.04328200 -0.05707700 0.00680500 0.54500300 -0.83840600 -0.97178800 -0.19406200 -0.13403700 -0.23575400 0.81566600 0.52830700
0.07123400 0.04328700 -0.05707400 0.00659100 0.54504500 -0.83837900 -0.97179100 -0.19416400 -0.13386900 -0.23574900 0.81561200 0.52839100
0.07124200 0.04328100 -0.05707300 0.00662500 0.54504700 -0.83837800 -0.97179600 -0.19412700 -0.13388500 -0.23572500 0.81562100 0.52838900
0.07126300 0.04326400 -0.05707200 0.00669700 0.54505000 -0.83837600 -0.97180700 -0.19404900 -0.13391900 -0.23567900 0.81563700 0.52838400
0.07133600 0.04326000 -0.05708600 0.00712900 0.54494700 -0.83843900 -0.97179000 -0.19388700 -0.13428000 -0.23573800 0.81574400 0.52819200
0.07138400 0.04325100 -0.05708500 0.00739700 0.54490000 -0.83846700 -0.97179200 -0.19373700 -0.13447900 -0.23572000 0.81581100 0.52809700
0.07139100 0.04324000 -0.05708600 0.00741100 0.54490700 -0.83846300 -0.97179800 -0.19370900 -0.13447900 -0.23569700 0.81581300 0.52810400
0.07139400 0.04323100 -0.05708600 0.00740000 0.54491800 -0.83845600 -0.97180300 -0.19369400 -0.13446000 -0.23567400 0.81580900 0.52812000
0.07139400 0.04323100 -0.05708600 0.00740000 0.54491800 -0.83845600 -0.97180300 -0.19369400 -0.13446000 -0.23567300 0.81580900 0.52812000
0.07139400 0.04323200 -0.05708600 0.00740100 0.54491800 -0.83845500 -0.97180400 -0.19369300 -0.13446000 -0.23567300 0.81581000 0.52812100
0.07139800 0.04322600 -0.05708400 0.00741000 0.54492400 -0.83845200 -0.97180900 -0.19366700 -0.13445600 -0.23565000 0.81581200 0.52812700
0.07141500 0.04321700 -0.05708900 0.00458600 0.54418700 -0.83895100 -0.97061000 -0.19944200 -0.13467400 -0.24061000 0.81491300 0.52727900
0.07145100 0.04320000 -0.05708900 0.00475100 0.54417200 -0.83896000 -0.97062100 -0.19931900 -0.13478100 -0.24056500 0.81495300 0.52723700
0.07148200 0.04318700 -0.05709100 0.00490700 0.54415000 -0.83897300 -0.97062500 -0.19922300 -0.13489100 -0.24054400 0.81499100 0.52718800
0.07155700 0.04317600 -0.05711000 0.00532400 0.54405600 -0.83903100 -0.97060900 -0.19906600 -0.13524000 -0.24060100 0.81509200 0.52700600
0.07168800 0.04313700 -0.05714000 0.00600000 0.54392300 -0.83911300 -0.97059500 -0.19876500 -0.13578200 -0.24064100 0.81525400 0.52673600
0.07187200 0.04306100 -0.05719500 0.00698700 0.54373000 -0.83923000 -0.97057600 -0.19831900 -0.13656900 -0.24069200 0.81549100 0.52634600
0.07198200 0.04300600 -0.05723700 0.00465500 0.54291400 -0.83977400 -0.96936900 -0.20377200 -0.13711300 -0.24556300 0.81469000 0.52533600
0.07232500 0.04283600 -0.05740000 -0.00233400 0.54028700 -0.84147600 -0.96538800 -0.22068000 -0.13901500 -0.26080600 0.81202700 0.52210200
0.07276100 0.04259900 -0.05769700 -0.01162500 0.53672600 -0.84367600 -0.95972300 -0.24284600 -0.14126900 -0.28070600 0.80805300 0.51793100
0.07296400 0.04246900 -0.05785900 -0.01098700 0.53647900 -0.84384100 -0.95950200 -0.24321300 -0.14213200 -0.28148400 0.80810600 0.51742600
0.07337400 0.04218900 -0.05822800 -0.00677900 0.53349200 -0.84577700 -0.95714100 -0.24836100 -0.14898800 -0.28954200 0.80851800 0.51231000
0.07367000 0.04203200 -0.05856300 -0.00480300 0.53554500 -0.84449200 -0.95658700 -0.24855600 -0.15218400 -0.29140600 0.80710000 0.51348900
0.07376100 0.04209900 -0.05883200 -0.00385500 0.53710100 -0.84350800 -0.95599100 -0.24944100 -0.15446200 -0.29336700 0.80579200 0.51442600
0.07373400 0.04219900 -0.05893600 -0.00310100 0.53966900 -0.84187000 -0.95546600 -0.25002300 -0.15675500 -0.29508300 0.80389300 0.51641100
0.07363000 0.04236100 -0.05908900 -0.00510200 0.54259700 -0.83997600 -0.95521700 -0.25116600 -0.15644400 -0.29586000 0.80156200 0.51957900
0.07347400 0.04230400 -0.05917800 -0.01059600 0.54401000 -0.83901100 -0.95587100 -0.25186500 -0.15123600 -0.29359200 0.80038500 0.52267200
0.07338600 0.04220400 -0.05922400 -0.01328000 0.54489200 -0.83840000 -0.95623800 -0.25201800 -0.14864400 -0.29228700 0.79973600 0.52439300
0.07317100 0.04194500 -0.05935800 -0.01374400 0.54651900 -0.83733300 -0.95613900 -0.25222400 -0.14893000 -0.29258900 0.79856100 0.52601400
0.07288000 0.04168600 -0.05955400 -0.01499700 0.54761600 -0.83659400 -0.95600600 -0.25299800 -0.14847000 -0.29296200 0.79756300 0.52731800
0.07243500 0.04134400 -0.05977600 -0.01545900 0.55266200 -0.83326100 -0.95552000 -0.25363600 -0.15049700 -0.29451900 0.79387200 0.53200000
0.07218600 0.04114000 -0.05988200 -0.01355000 0.55180900 -0.83386000 -0.95522000 -0.25366600 -0.15234200 -0.29558600 0.79445500 0.53053600
0.07167000 0.04063700 -0.06010900 -0.00635900 0.54927300 -0.83561700 -0.95436600 -0.25283400 -0.15893200 -0.29857000 0.79647500 0.52581600
0.07118800 0.03997600 -0.06036000 0.00576100 0.54564300 -0.83799600 -0.95316900 -0.25040700 -0.16960000 -0.30238100 0.79973000 0.51864800
0.07096300 0.03958400 -0.06050700 0.00385900 0.54317700 -0.83960900 -0.94983900 -0.26057000 -0.17293900 -0.31271300 0.79816100 0.51492500
0.07057300 0.03872300 -0.06090900 -0.04130600 0.52518700 -0.84998300 -0.91409200 -0.36333000 -0.18007300 -0.40339700 0.76952500 0.49507700
0.07030800 0.03780800 -0.06156600 -0.11774700 0.48752500 -0.86513200 -0.83401300 -0.52144100 -0.18033400 -0.53903300 0.70029800 0.46800000
0.07021200 0.03734000 -0.06197500 -0.14869800 0.46616700 -0.87211000 -0.79354600 -0.58248500 -0.17605200 -0.59006100 0.66588200 0.45653900
0.07001500 0.03633900 -0.06290400 -0.18928000 0.43527600 -0.88017400 -0.73047800 -0.66143400 -0.17001400 -0.65618100 0.61076800 0.44315600
0.06977700 0.03530400 -0.06387800 -0.19160000 0.43156500 -0.88149800 -0.72143400 -0.67087300 -0.17163900 -0.66544700 0.60305800 0.43988600
0.06950300 0.03432900 -0.06492200 -0.19270000 0.43654800 -0.87880100 -0.72020300 -0.67119800 -0.17549700 -0.66646300 0.59909700 0.44374400
0.06937800 0.03395300 -0.06542200 -0.19327500 0.43881700 -0.87754300 -0.71934900 -0.67161100 -0.17740700 -0.66721800 0.59697200 0.44546900
0.06908500 0.03327000 -0.06640000 -0.19444000 0.44516900 -0.87408000 -0.71746500 -0.67219400 -0.18274800 -0.66890600 0.59158900 0.45009500
0.06870300 0.03257600 -0.06721600 -0.19617100 0.45280800 -0.86975900 -0.71585100 -0.67231100 -0.18855700 -0.67013000 0.58562800 0.45603100
0.06847400 0.03220700 -0.06753700 -0.19765100 0.45713400 -0.86715700 -0.71518800 -0.67222400 -0.19136000 -0.67040100 0.58235800 0.45980300
0.06797800 0.03156700 -0.06796000 -0.19771000 0.46373200 -0.86363200 -0.71861800 -0.66777900 -0.19405600 -0.66670600 0.58225600 0.46527400
0.06741000 0.03091100 -0.06814600 -0.20039600 0.47056300 -0.85930800 -0.73239500 -0.65451900 -0.18762000 -0.65072100 0.59175600 0.47580100
0.06683600 0.03012700 -0.06817900 -0.20347500 0.47402200 -0.85667900 -0.74319500 -0.64439600 -0.18003900 -0.63738400 0.60004600 0.48340900
0.06656400 0.02971700 -0.06813500 -0.20358400 0.47436400 -0.85646400 -0.74423500 -0.64336400 -0.17942900 -0.63613300 0.60088300 0.48401700
0.06604600 0.02904500 -0.06791600 -0.20420300 0.47909300 -0.85368000 -0.74940600 -0.63758000 -0.17855600 -0.62983400 0.60329200 0.48923100
0.06556400 0.02855600 -0.06756300 -0.20491900 0.48627200 -0.84943900 -0.74981000 -0.63581400 -0.18309500 -0.62912000 0.59939900 0.49490200
0.06539600 0.02836600 -0.06740300 -0.20566300 0.49129300 -0.84636400 -0.75011400 -0.63458600 -0.18608700 -0.62851400 0.59659900 0.49903700
0.06524500 0.02806200 -0.06711600 -0.20358200 0.50185400 -0.84065200 -0.75005000 -0.63181300 -0.19554100 -0.62926800 0.59072300 0.50504100
0.06531200 0.02783500 -0.06695000 -0.20503000 0.50848100 -0.83630600 -0.74664100 -0.63373000 -0.20226600 -0.63284100 0.58295000 0.50958700
0.06549100 0.02769900 -0.06685400 -0.21612700 0.51179600 -0.83147500 -0.73088600 -0.64945900 -0.20977900 -0.64737400 0.56237600 0.51443100
0.06559600 0.02766500 -0.06683600 -0.22468300 0.50885400 -0.83101400 -0.71430800 -0.66607400 -0.21472700 -0.66278200 0.54535500 0.51313400
0.06574700 0.02756300 -0.06680100 -0.24055600 0.50081900 -0.83145100 -0.68534700 -0.69422700 -0.21987800 -0.68733600 0.51694000 0.51023600
0.06583100 0.02732700 -0.06672300 -0.24641800 0.49735800 -0.83181200 -0.65809400 -0.71593800 -0.23311900 -0.71147000 0.48996600 0.50372900
0.06583600 0.02712900 -0.06663900 -0.24512400 0.49678200 -0.83253900 -0.64543200 -0.72439400 -0.24221800 -0.72341600 0.47797400 0.49820500
0.06572200 0.02662200 -0.06638500 -0.24219100 0.49933400 -0.83187000 -0.62560600 -0.73572100 -0.25948100 -0.74159200 0.45758000 0.49057100
0.06555400 0.02596900 -0.06607800 -0.24813000 0.49279100 -0.83401900 -0.59592800 -0.75641400 -0.26964200 -0.76374100 0.43011000 0.48135600
0.06539500 0.02532400 -0.06572900 -0.25615900 0.48820300 -0.83428900 -0.58111500 -0.76748500 -0.27068600 -0.77245500 0.41548000 0.48030000
0.06528300 0.02507600 -0.06553900 -0.25970800 0.48584200 -0.83457000 -0.57761000 -0.77073800 -0.26893800 -0.77389700 0.41221100 0.48079400
0.06500700 0.02468100 -0.06511500 -0.26380800 0.48616200 -0.83309700 -0.57918500 -0.77049800 -0.26622800 -0.77133000 0.41228400 0.48484100
0.06474600 0.02446000 -0.06474000 -0.26754600 0.48869000 -0.83042200 -0.58004500 -0.76986800 -0.26617600 -0.76939300 0.41046800 0.48943800
0.06461300 0.02440300 -0.06456700 -0.27026000 0.49186400 -0.82766400 -0.58013300 -0.76926400 -0.26772500 -0.76837700 0.40780000 0.49324900
0.06437100 0.02442200 -0.06423300 -0.27297100 0.49420700 -0.82537500 -0.58036500 -0.76884700 -0.26841900 -0.76724200 0.40574900 0.49669400
0.06417700 0.02456300 -0.06394700 -0.27505200 0.49572700 -0.82377200 -0.58036000 -0.76871300 -0.26881500 -0.76650300 0.40414600 0.49913600
0.06401500 0.02477900 -0.06372200 -0.27622000 0.49505100 -0.82378700 -0.58022700 -0.76920300 -0.26769700 -0.76618400 0.40404000 0.49971100
0.06396900 0.02489900 -0.06362700 -0.27679000 0.49471500 -0.82379800 -0.58006800 -0.76949400 -0.26720600 -0.76609900 0.40389900 0.49995700
0.06386800 0.02508800 -0.06343700 -0.27944400 0.49373900 -0.82348700 -0.58083400 -0.76985700 -0.26448300 -0.76455300 0.40440100 0.50191200
0.06374900 0.02518300 -0.06326700 -0.28009500 0.49346000 -0.82343400 -0.58096700 -0.76998600 -0.26381200 -0.76421400 0.40449600 0.50235300
0.06367700 0.02517300 -0.06318000 -0.28051200 0.49333100 -0.82336800 -0.58117700 -0.76998700 -0.26334700 -0.76390100 0.40465000 0.50270400
0.06352900 0.02498400 -0.06298700 -0.28190000 0.49296000 -0.82311700 -0.58195000 -0.76993000 -0.26180100 -0.76280000 0.40521100 0.50392200
0.06338000 0.02470300 -0.06277900 -0.28374100 0.49245100 -0.82278900 -0.58289100 -0.76990100 -0.25978500 -0.76139800 0.40588500 0.50549700
0.06327900 0.02455600 -0.06267000 -0.28470900 0.49218000 -0.82261600 -0.58338900 -0.76988400 -0.25871800 -0.76065600 0.40624600 0.50632600
0.06305000 0.02426900 -0.06242600 -0.28549400 0.49472800 -0.82081400 -0.58344700 -0.76918000 -0.26067300 -0.76031700 0.40448100 0.50824500
0.06284000 0.02406100 -0.06216600 -0.28814600 0.49638100 -0.81888700 -0.58411300 -0.76874800 -0.26045400 -0.75880300 0.40327500 0.51145400
0.06252000 0.02394000 -0.06189900 -0.29261300 0.50227400 -0.81369300 -0.58416500 -0.76758700 -0.26374200 -0.75705200 0.39815600 0.51801700
0.06235200 0.02391200 -0.06178500 -0.29454600 0.50496100 -0.81132900 -0.58405000 -0.76710300 -0.26540100 -0.75639100 0.39568400 0.52086900
0.06207500 0.02391700 -0.06163100 -0.29729100 0.50766800 -0.80863400 -0.58373500 -0.76684800 -0.26682700 -0.75556000 0.39270300 0.52432100
0.06186000 0.02403100 -0.06156100 -0.29947300 0.50910400 -0.80692400 -0.58314600 -0.76705200 -0.26752600 -0.75515200 0.39043800 0.52659300
0.06167100 0.02418000 -0.06149300 -0.30008800 0.50837800 -0.80715300 -0.58275900 -0.76759800 -0.26680300 -0.75520700 0.39031200 0.52660900
0.06159100 0.02424300 -0.06144400 -0.30053500 0.50810200 -0.80716100 -0.58263700 -0.76782800 -0.26640600 -0.75512300 0.39021800 0.52679900
0.06148900 0.02435300 -0.06133600 -0.30173800 0.50781500 -0.80689300 -0.58236900 -0.76826600 -0.26572800 -0.75485000 0.38973000 0.52755200
0.06143300 0.02446300 -0.06125300 -0.30516500 0.50861800 -0.80509700 -0.58278900 -0.76836700 -0.26451300 -0.75314700 0.38848100 0.53089600
0.06141400 0.02449700 -0.06122400 -0.30508800 0.50861600 -0.80512700 -0.58278700 -0.76835600 -0.26455100 -0.75318000 0.38850600 0.53083200
0.06140200 0.02450800 -0.06121500 -0.31381400 0.50495300 -0.80407800 -0.57405700 -0.77545000 -0.26293400 -0.75629300 0.37907500 0.53321900
0.06148100 0.02447700 -0.06125700 -0.32333800 0.49524900 -0.80633700 -0.55673700 -0.78858800 -0.26109800 -0.76517700 0.36449500 0.53070400
0.06161200 0.02444800 -0.06130000 -0.33910800 0.47866800 -0.80986500 -0.52675000 -0.80988200 -0.25811600 -0.77944700 0.33906800 0.52677600
0.06167600 0.02441100 -0.06132700 -0.34653500 0.47050600 -0.81150200 -0.51220100 -0.81966400 -0.25651400 -0.78585200 0.32676100 0.52503600
0.06192500 0.02429700 -0.06142200 -0.37637700 0.43414400 -0.81844800 -0.44784200 -0.85859700 -0.24949300 -0.81103400 0.27263200 0.51758400
0.06234800 0.02423200 -0.06151000 -0.40540100 0.39418800 -0.82478100 -0.38059900 -0.89311300 -0.23977300 -0.83113900 0.21670700 0.51209700
0.06263400 0.02423100 -0.06154600 -0.41414800 0.37956200 -0.82729200 -0.35427700 -0.90444900 -0.23760800 -0.83843100 0.19468600 0.50904600
0.06326800 0.02414800 -0.06161600 -0.42442400 0.35630600 -0.83241100 -0.30530700 -0.92179900 -0.23889900 -0.85243800 0.15274700 0.50001700
0.06395100 0.02409400 -0.06176700 -0.42906600 0.33828700 -0.83753400 -0.24742500 -0.93577400 -0.25121200 -0.86872500 0.09944100 0.48520900
0.06427500 0.02409300 -0.06186800 -0.43084100 0.33350200 -0.83854100 -0.22347900 -0.93969300 -0.25890800 -0.87431800 0.07584800 0.47938900
0.06485500 0.02407900 -0.06209300 -0.43734800 0.31770400 -0.84130200 -0.17837300 -0.94757500 -0.26511000 -0.88142400 0.03412100 0.47109000
0.06532900 0.02408600 -0.06235400 -0.44616000 0.30399900 -0.84173900 -0.13784200 -0.95265900 -0.27099600 -0.88427300 -0.00488100 0.46694300
0.06567900 0.02413000 -0.06253800 -0.44817500 0.29098000 -0.84526200 -0.10152400 -0.95599100 -0.27526800 -0.88816100 -0.03755400 0.45799300
0.06578800 0.02412400 -0.06257700 -0.44448000 0.29548500 -0.84565100 -0.10030200 -0.95450900 -0.28080300 -0.89015500 -0.03999100 0.45389800
0.06588600 0.02409600 -0.06258200 -0.44361500 0.29523500 -0.84619200 -0.09459500 -0.95433200 -0.28337400 -0.89121000 -0.04566400 0.45128400
0.06585400 0.02395500 -0.06258300 -0.44150000 0.29800300 -0.84632800 -0.08707600 -0.95301300 -0.29014300 -0.89302500 -0.05440300 0.44670400
0.06580600 0.02382600 -0.06260300 -0.44094800 0.29940900 -0.84612000 -0.08027400 -0.95209500 -0.29507600 -0.89393500 -0.06219200 0.44385900
0.06565800 0.02349100 -0.06255600 -0.44309000 0.30546600 -0.84282900 -0.08132800 -0.94997700 -0.30154400 -0.89278000 -0.06506600 0.44576800
0.06535800 0.02330800 -0.06234700 -0.45673300 0.31100900 -0.83346700 -0.08333700 -0.94773500 -0.30798100 -0.88569100 -0.07120700 0.45878000
0.06516800 0.02315000 -0.06208900 -0.47474600 0.31039400 -0.82357200 -0.09088200 -0.94803400 -0.30491300 -0.87541700 -0.06990800 0.47828400
0.06514600 0.02309700 -0.06200100 -0.48415600 0.31100800 -0.81784200 -0.09644500 -0.94797000 -0.30339800 -0.86964900 -0.06801600 0.48896100
0.06515900 0.02306900 -0.06187600 -0.49707000 0.32059000 -0.80631300 -0.10648700 -0.94475700 -0.30998900 -0.86115000 -0.06822400 0.50374900
0.06519300 0.02313000 -0.06186800 -0.51194800 0.32825600 -0.79382300 -0.11689200 -0.94213300 -0.31419800 -0.85102500 -0.06806200 0.52069400
0.06521900 0.02314400 -0.06187500 -0.51833100 0.32933100 -0.78922200 -0.12248200 -0.94194800 -0.31262000 -0.84636300 -0.06537600 0.52857800
0.06526000 0.02319500 -0.06187600 -0.52914700 0.33197000 -0.78089500 -0.13252400 -0.94133100 -0.31037400 -0.83811700 -0.06074600 0.54209700
0.06522700 0.02320300 -0.06181600 -0.53832700 0.34107300 -0.77063100 -0.15282700 -0.93878800 -0.30873900 -0.82876200 -0.04843000 0.55750000
0.06517200 0.02320700 -0.06178300 -0.54470200 0.34315200 -0.76521000 -0.15644400 -0.93801300 -0.30928200 -0.82390800 -0.04875400 0.56462200
0.06509800 0.02321400 -0.06176800 -0.55172800 0.35671500 -0.75388900 -0.18077600 -0.93357800 -0.30943800 -0.81419600 -0.03444000 0.57956600
0.06501200 0.02327100 -0.06177100 -0.55736200 0.36428300 -0.74608600 -0.19701800 -0.93097000 -0.30737300 -0.80655500 -0.02432600 0.59065700
0.06492300 0.02333300 -0.06183200 -0.56046300 0.37045800 -0.74070300 -0.20925000 -0.92870000 -0.30615300 -0.80130800 -0.01659500 0.59802000
0.06490700 0.02331700 -0.06186700 -0.55860900 0.37384900 -0.74039900 -0.21440900 -0.92740500 -0.30650800 -0.80123800 -0.01247000 0.59821400
0.06488000 0.02324600 -0.06191600 -0.55878200 0.38340200 -0.73536700 -0.22560300 -0.92355100 -0.31008900 -0.79803800 -0.00737200 0.60256000
0.06486200 0.02324000 -0.06190900 -0.55978200 0.38856800 -0.73188600 -0.23114800 -0.92140200 -0.31239000 -0.79574700 -0.00569600 0.60560100
0.06484800 0.02324300 -0.06190000 -0.56024800 0.39643000 -0.72730000 -0.24306400 -0.91806300 -0.31317400 -0.79185900 0.00132500 0.61070100
0.06484600 0.02322400 -0.06191700 -0.55816100 0.40000200 -0.72694700 -0.24834400 -0.91649700 -0.31361900 -0.79169400 0.00548300 0.61089200
0.06488600 0.02317200 -0.06196000 -0.56008700 0.40089000 -0.72497500 -0.24837900 -0.91611800 -0.31469800 -0.79032200 0.00381000 0.61267900
0.06491800 0.02317100 -0.06197200 -0.56030200 0.40052700 -0.72500900 -0.24812800 -0.91627600 -0.31443400 -0.79024900 0.00371700 0.61277300
0.06492400 0.02315300 -0.06197300 -0.56051700 0.40025400 -0.72499400 -0.24800500 -0.91639600 -0.31418300 -0.79013500 0.00369800 0.61292100
0.06492700 0.02308900 -0.06202200 -0.56027400 0.40546400 -0.72228200 -0.25373900 -0.91409000 -0.31631300 -0.78848500 0.00604900 0.61502300
0.06491400 0.02304800 -0.06206400 -0.56039300 0.40503500 -0.72242900 -0.25348000 -0.91428000 -0.31597100 -0.78848300 0.00605300 0.61502500
0.06486500 0.02305000 -0.06205900 -0.56064900 0.40468600 -0.72242600 -0.25329400 -0.91443500 -0.31567200 -0.78836100 0.00600500 0.61518300
0.06482400 0.02305300 -0.06203900 -0.55875800 0.40834200 -0.72183400 -0.25864500 -0.91277300 -0.31614300 -0.78796600 0.01005100 0.61563600
0.06475900 0.02305900 -0.06200400 -0.55907800 0.40792700 -0.72182100 -0.25850500 -0.91295800 -0.31572300 -0.78778500 0.01008000 0.61586600
0.06468300 0.02308400 -0.06199400 -0.55722200 0.41144300 -0.72126000 -0.26369500 -0.91132700 -0.31614500 -0.78738000 0.01402900 0.61630700
0.06465500 0.02308800 -0.06199900 -0.55730600 0.41131000 -0.72127100 -0.26359600 -0.91138700 -0.31605300 -0.78735400 0.01398600 0.61634200
0.06460100 0.02308600 -0.06198400 -0.55751200 0.41105800 -0.72125600 -0.26350200 -0.91150100 -0.31580200 -0.78723900 0.01398900 0.61648800
0.06456300 0.02306800 -0.06194800 -0.55555200 0.41476400 -0.72064600 -0.26897800 -0.90974700 -0.31624300 -0.78677300 0.01814900 0.61697400
0.06454000 0.02305700 -0.06193200 -0.55349700 0.41854300 -0.72004200 -0.27441100 -0.90792400 -0.31681400 -0.78634400 0.02223100 0.61738600
0.06448800 0.02303700 -0.06190500 -0.55535400 0.41970200 -0.71793500 -0.27470000 -0.90742700 -0.31798500 -0.78493400 0.02062300 0.61923500
0.06442700 0.02302900 -0.06188800 -0.55333000 0.42325100 -0.71741400 -0.28000000 -0.90567400 -0.31835900 -0.78449000 0.02471800 0.61964800
0.06439500 0.02302100 -0.06186300 -0.55348200 0.42309200 -0.71739000 -0.28000100 -0.90574700 -0.31815200 -0.78438200 0.02477800 0.61978100
0.06439600 0.02302100 -0.06185700 -0.55348500 0.42309700 -0.71738500 -0.28002100 -0.90574400 -0.31814200 -0.78437300 0.02479600 0.61979200
0.06441700 0.02298900 -0.06184900 -0.55360600 0.42299300 -0.71735300 -0.28005300 -0.90579100 -0.31798000 -0.78427600 0.02486100 0.61991200
0.06448600 0.02295600 -0.06188600 -0.55343500 0.42320600 -0.71736000 -0.28013700 -0.90569200 -0.31818900 -0.78436700 0.02486200 0.61979700
0.06455400 0.02296200 -0.06192500 -0.54950000 0.42621400 -0.71860300 -0.28531300 -0.90411600 -0.31807200 -0.78526800 0.03024600 0.61841600
0.06479400 0.02308400 -0.06206800 -0.53828800 0.43559600 -0.72145700 -0.30064500 -0.89899200 -0.31847100 -0.78731000 0.04547400 0.61487600
0.06524300 0.02334300 -0.06231700 -0.52242300 0.44665400 -0.72634200 -0.32603600 -0.89173500 -0.31385800 -0.78789200 0.07284700 0.61148900
0.06612000 0.02374100 -0.06275800 -0.49428600 0.46693600 -0.73324700 -0.38140600 -0.87445800 -0.29975100 -0.78115900 0.13150200 0.61032400
0.06673500 0.02401300 -0.06305300 -0.47621200 0.47354400 -0.74092900 -0.40469200 -0.86609400 -0.29343500 -0.78066900 0.16011000 0.60408400
0.06852800 0.02473200 -0.06377300 -0.43176000 0.47616600 -0.76606000 -0.44116700 -0.85226300 -0.28110100 -0.78673600 0.21659200 0.57804200
0.07093900 0.02558700 -0.06457600 -0.38246600 0.46050300 -0.80103300 -0.46673000 -0.84449900 -0.26264300 -0.79742100 0.27341500 0.53792300
0.07220300 0.02607000 -0.06496500 -0.35968700 0.44955300 -0.81763400 -0.47510800 -0.84241700 -0.25417300 -0.80305400 0.29704200 0.51659300
0.07455700 0.02729600 -0.06561100 -0.32848800 0.43786400 -0.83688000 -0.49307700 -0.83522500 -0.24345800 -0.80558600 0.33267300 0.49026300
0.07671600 0.02877100 -0.06610800 -0.31546000 0.44002100 -0.84075300 -0.51160800 -0.82506300 -0.23984900 -0.79921300 0.35447300 0.48539200
0.07874000 0.03015500 -0.06650600 -0.31651200 0.44571800 -0.83734900 -0.53140000 -0.81453100 -0.23270600 -0.78576900 0.37131300 0.49466400
0.07974300 0.03075800 -0.06665900 -0.31799100 0.44911100 -0.83497300 -0.54506300 -0.80719400 -0.22658800 -0.77574900 0.38306000 0.50147600
0.08142900 0.03168500 -0.06687600 -0.32135500 0.45858500 -0.82851000 -0.56920700 -0.79276100 -0.21801900 -0.75679100 0.40153300 0.51578800
0.08269200 0.03236500 -0.06695500 -0.33543100 0.46111200 -0.82149900 -0.57748300 -0.78961400 -0.20742000 -0.74431100 0.40482700 0.53114500
0.08312000 0.03257500 -0.06691800 -0.34152700 0.46631000 -0.81603400 -0.58397800 -0.78558700 -0.20450500 -0.73642900 0.40670200 0.54061400
0.08349300 0.03268800 -0.06666700 -0.34257000 0.49314600 -0.79965700 -0.62465800 -0.75532500 -0.19820600 -0.70174600 0.43161300 0.56679900
0.08328800 0.03252900 -0.06628100 -0.34525800 0.51719700 -0.78313600 -0.65270400 -0.73192200 -0.19561900 -0.67436900 0.44361700 0.59027900
0.08308400 0.03230600 -0.06607200 -0.35465500 0.51808300 -0.77833700 -0.65117900 -0.73423200 -0.19201100 -0.67095700 0.43874000 0.59776400
0.08263900 0.03153700 -0.06573100 -0.36805500 0.51714600 -0.77271800 -0.64980400 -0.73748100 -0.18405400 -0.66504900 0.43437300 0.60747700
0.08204900 0.03073700 -0.06545700 -0.37693100 0.51855000 -0.76748100 -0.64981700 -0.73851000 -0.17983300 -0.66004500 0.43093800 0.61533000
0.08128000 0.03014400 -0.06519700 -0.38702500 0.52824300 -0.75575700 -0.64968800 -0.73784100 -0.18301400 -0.65430500 0.42017600 0.62875700
0.08085700 0.02993900 -0.06505000 -0.39316400 0.53441800 -0.74821000 -0.64921900 -0.73758700 -0.18568300 -0.65110300 0.41274900 0.63694800
0.08005500 0.02952700 -0.06464600 -0.40162300 0.54742600 -0.73418100 -0.64727500 -0.73681100 -0.19530500 -0.64786900 0.39677800 0.65025500
0.07945600 0.02902900 -0.06411900 -0.40640700 0.55791700 -0.72357500 -0.64408900 -0.73662800 -0.20621900 -0.64805900 0.38223900 0.65871900
0.07923400 0.02873300 -0.06381200 -0.40614300 0.56161900 -0.72085500 -0.64208400 -0.73668400 -0.21219000 -0.65021200 0.37667000 0.65980500
0.07895200 0.02802600 -0.06315600 -0.40072600 0.57008900 -0.71722800 -0.64004000 -0.73432600 -0.22608000 -0.65556500 0.36845800 0.65914400
0.07888300 0.02728500 -0.06256500 -0.39180300 0.57932300 -0.71475500 -0.64165400 -0.72881100 -0.23898300 -0.65937000 0.36499100 0.65727500
0.07886700 0.02671400 -0.06211500 -0.38601100 0.59073200 -0.70854100 -0.64435700 -0.72230200 -0.25116100 -0.66015000 0.35960300 0.65945900
0.07882200 0.02651700 -0.06194300 -0.38559600 0.59605700 -0.70429400 -0.64588700 -0.71948200 -0.25529200 -0.65889600 0.35645500 0.66241500
0.07865500 0.02627800 -0.06170400 -0.38633500 0.60739000 -0.69413400 -0.64785600 -0.71436300 -0.26451200 -0.65652600 0.34750900 0.66948500
0.07841900 0.02621800 -0.06157700 -0.38880600 0.61523700 -0.68579300 -0.64824700 -0.71161600 -0.27088400 -0.65467900 0.33924200 0.67550600
0.07813000 0.02627300 -0.06154200 -0.39111100 0.61765000 -0.68230400 -0.64770300 -0.71140900 -0.27272000 -0.65384300 0.33526700 0.67829400
0.07796500 0.02633200 -0.06154500 -0.39167600 0.61714700 -0.68243500 -0.64734400 -0.71191000 -0.27226700 -0.65386200 0.33513000 0.67834500
0.07765400 0.02646600 -0.06155800 -0.39287400 0.61636300 -0.68245500 -0.64658500 -0.71285500 -0.27159500 -0.65389400 0.33456300 0.67859400
0.07739100 0.02651700 -0.06153200 -0.39401800 0.61571700 -0.68237900 -0.64614100 -0.71357200 -0.27076800 -0.65364300 0.33422600 0.67900100
0.07730000 0.02651000 -0.06151400 -0.39450300 0.61546900 -0.68232300 -0.64603500 -0.71382300 -0.27036000 -0.65345600 0.33414700 0.67922000
0.07716300 0.02649000 -0.06150200 -0.39528700 0.61506300 -0.68223500 -0.64583600 -0.71424400 -0.26972300 -0.65318000 0.33399400 0.67956100
0.07707700 0.02645500 -0.06152600 -0.39586500 0.61475100 -0.68218000 -0.64563700 -0.71458500 -0.26929400 -0.65302500 0.33383700 0.67978600
0.07703900 0.02643700 -0.06154200 -0.39612600 0.61460900 -0.68215700 -0.64554000 -0.71474300 -0.26910700 -0.65296400 0.33375900 0.67988300
0.07694100 0.02641600 -0.06155500 -0.39682600 0.61423100 -0.68209100 -0.64529300 -0.71516000 -0.26859300 -0.65278300 0.33356400 0.68015300
0.07686900 0.02644500 -0.06154100 -0.39707200 0.61408400 -0.68208000 -0.64518000 -0.71532500 -0.26842300 -0.65274400 0.33348100 0.68023100
0.07683400 0.02645200 -0.06153000 -0.39723800 0.61399600 -0.68206300 -0.64513600 -0.71541500 -0.26828900 -0.65268700 0.33344900 0.68030100
0.07682200 0.02644700 -0.06153400 -0.39731800 0.61395200 -0.68205500 -0.64510500 -0.71546400 -0.26823100 -0.65266800 0.33342500 0.68033100
0.07678300 0.02644100 -0.06153400 -0.39754200 0.61383300 -0.68203200 -0.64503800 -0.71559000 -0.26805600 -0.65259800 0.33337300 0.68042300
0.07670300 0.02644700 -0.06150000 -0.39791200 0.61365000 -0.68198100 -0.64498900 -0.71576200 -0.26771900 -0.65242200 0.33334200 0.68060800
0.07665200 0.02644200 -0.06147200 -0.39819100 0.61352100 -0.68193500 -0.64497400 -0.71587600 -0.26744800 -0.65226600 0.33333500 0.68076000
0.07653400 0.02639500 -0.06140400 -0.39885400 0.61323900 -0.68180000 -0.64503300 -0.71608900 -0.26673500 -0.65180300 0.33339600 0.68117500
0.07640500 0.02634100 -0.06135400 -0.39634800 0.61579300 -0.68095900 -0.64925700 -0.71241000 -0.26633800 -0.64913200 0.33655500 0.68217100
0.07631200 0.02628600 -0.06135600 -0.39352800 0.61845800 -0.68018000 -0.65342600 -0.70861500 -0.26626500 -0.64666000 0.33966500 0.68297700
0.07627200 0.02626500 -0.06137400 -0.39396300 0.61822300 -0.68014000 -0.65325800 -0.70888500 -0.26595900 -0.64656400 0.33953000 0.68313400
0.07623700 0.02624200 -0.06139300 -0.39083100 0.62100300 -0.67941400 -0.65739300 -0.70496400 -0.26619300 -0.64427000 0.34260600 0.68376500
0.07611000 0.02615600 -0.06139500 -0.39168900 0.62059800 -0.67929100 -0.65726200 -0.70537100 -0.26543800 -0.64388300 0.34250300 0.68418200
0.07600400 0.02603500 -0.06130700 -0.38916000 0.62319000 -0.67837100 -0.66167100 -0.70146700 -0.26482800 -0.64089400 0.34579800 0.68533000
0.07594500 0.02593800 -0.06123100 -0.39019100 0.62512000 -0.67599900 -0.66192000 -0.70079400 -0.26598400 -0.64000900 0.34367300 0.68722300
0.07580000 0.02562700 -0.06100400 -0.39196000 0.63112100 -0.66936700 -0.66316400 -0.69811600 -0.26989900 -0.63763600 0.33811100 0.69217100
0.07564600 0.02518700 -0.06067900 -0.39500100 0.64074200 -0.65834800 -0.66483500 -0.69393700 -0.27648600 -0.63400900 0.32848100 0.70009400
0.07557300 0.02492200 -0.06047700 -0.39512000 0.64693700 -0.65219000 -0.66498400 -0.69124300 -0.28280400 -0.63377900 0.32195400 0.70332600
0.07547400 0.02433400 -0.06002700 -0.39764300 0.65842900 -0.63902300 -0.66620400 -0.68607600 -0.29235400 -0.63091300 0.30946800 0.71146100
0.07539400 0.02380500 -0.05956600 -0.39965300 0.66706000 -0.62873500 -0.66722200 -0.68200800 -0.29946400 -0.62856300 0.29982500 0.71764300
0.07535700 0.02360500 -0.05936300 -0.40042100 0.66883300 -0.62635700 -0.66810100 -0.68091700 -0.29998500 -0.62713800 0.29835000 0.71950200
0.07530100 0.02334400 -0.05908400 -0.40047100 0.67089900 -0.62411300 -0.66958100 -0.67923300 -0.30050500 -0.62552700 0.29755100 0.72123400
0.07527300 0.02326900 -0.05900800 -0.39990500 0.67115200 -0.62420300 -0.67016100 -0.67870500 -0.30040300 -0.62526600 0.29818400 0.72119800
0.07524200 0.02332400 -0.05904400 -0.40010200 0.67098700 -0.62425500 -0.66988400 -0.67896100 -0.30044100 -0.62543700 0.29797100 0.72113700
0.07524400 0.02335600 -0.05907700 -0.39996500 0.67101600 -0.62431100 -0.66978100 -0.67896500 -0.30066300 -0.62563500 0.29789800 0.72099600
0.07526400 0.02339500 -0.05911000 -0.39996700 0.67096800 -0.62436100 -0.66961000 -0.67907000 -0.30080800 -0.62581800 0.29776500 0.72089300
0.07527600 0.02337900 -0.05911600 -0.40010000 0.67090500 -0.62434400 -0.66958100 -0.67914500 -0.30070300 -0.62576300 0.29773800 0.72095100
0.07528900 0.02336600 -0.05911900 -0.39993600 0.67099700 -0.62435000 -0.66966400 -0.67902300 -0.30079300 -0.62578000 0.29780700 0.72090900
0.07532000 0.02334500 -0.05913500 -0.39998800 0.67097300 -0.62434300 -0.66964700 -0.67905400 -0.30075900 -0.62576400 0.29779000 0.72092900
0.07534300 0.02333300 -0.05914400 -0.39991400 0.67101300 -0.62434600 -0.66967700 -0.67900400 -0.30080600 -0.62577900 0.29781400 0.72090600
0.07534400 0.02333300 -0.05914400 -0.40004500 0.67094500 -0.62433600 -0.66962800 -0.67909000 -0.30072100 -0.62574800 0.29777100 0.72095100
0.07530500 0.02334100 -0.05912000 -0.40021000 0.67087000 -0.62431100 -0.66961900 -0.67916900 -0.30056500 -0.62565300 0.29776200 0.72103700
0.07522400 0.02332200 -0.05905200 -0.40056400 0.67074100 -0.62422200 -0.66971400 -0.67926600 -0.30013200 -0.62532500 0.29782900 0.72129400
0.07513100 0.02327400 -0.05898300 -0.39736000 0.67345000 -0.62335300 -0.67388900 -0.67522200 -0.29991300 -0.62287800 0.30089700 0.72213700
0.07508500 0.02324500 -0.05895600 -0.39770700 0.67330400 -0.62328900 -0.67389600 -0.67536900 -0.29956500 -0.62264900 0.30089300 0.72233700
