0.08529400 0.04365800 -0.02488800 -0.25294600 0.85576600 -0.45131000 -0.92995900 -0.34371200 -0.13052700 -0.26682100 0.38668400 0.88276800
0.08529400 0.04365800 -0.02488800 -0.25294600 0.85576600 -0.45131000 -0.92995900 -0.34371200 -0.13052700 -0.26682100 0.38668400 0.88276800
0.08529400 0.04365800 -0.02488800 -0.25294600 0.85576600 -0.45131000 -0.92995900 -0.34371200 -0.13052700 -0.26682100 0.38668400 0.88276800
0.08529400 0.04365800 -0.02488800 -0.25294600 0.85576600 -0.45131000 -0.92995900 -0.34371200 -0.13052700 -0.26682100 0.38668400 0.88276800
0.08529400 0.04365800 -0.02488800 -0.25294600 0.85576600 -0.45131000 -0.92995900 -0.34371200 -0.13052700 -0.26682100 0.38668400 0.88276800
0.08529400 0.04365800 -0.02488800 -0.25294600 0.85576600 -0.45131000 -0.92995900 -0.34371200 -0.13052700 -0.26682100 0.38668400 0.88276800
0.08529400 0.04365800 -0.02488800 -0.25294600 0.85576600 -0.45131000 -0.92995900 -0.34371200 -0.13052700 -0.26682100 0.38668400 0.88276800
0.08529400 0.04365800 -0.02488800 -0.25294600 0.85576600 -0.45131000 -0.92995900 -0.34371200 -0.13052700 -0.26682100 0.38668400 0.88276800
0.08529400 0.04365800 -0.02488800 -0.25294600 0.85576600 -0.45131000 -0.92995900 -0.34371200 -0.13052700 -0.26682100 0.38668400 0.88276800
0.08529400 0.04365800 -0.02488800 -0.25294600 0.85576600 -0.45131000 -0.92995900 -0.34371200 -0.13052700 -0.26682100 0.38668400 0.88276800
0.08529400 0.04365800 -0.02488800 -0.25294600 0.85576600 -0.45131000 -0.92995900 -0.34371200 -0.13052700 -0.26682100 0.38668400 0.88276800
0.08529400 0.04365800 -0.02488800 -0.25294600 0.85576600 -0.45131000 -0.92995900 -0.34371200 -0.13052700 -0.26682100 0.38668400 0.88276800
0.08529400 0.04365800 -0.02488800 -0.25294600 0.85576600 -0.45131000 -0.92995900 -0.34371200 -0.13052700 -0.26682100 0.38668400 0.88276800
0.08529400 0.04365800 -0.02488800 -0.25294600 0.85576600 -0.45131000 -0.92995900 -0.34371200 -0.13052700 -0.26682100 0.38668400 0.88276800
0.08529400 0.04365800 -0.02488800 -0.25294600 0.85576600 -0.45131000 -0.92995900 -0.34371200 -0.13052700 -0.26682100 0.38668400 0.88276800
0.08529400 0.04365800 -0.02488800 -0.25294600 0.85576600 -0.45131000 -0.92995900 -0.34371200 -0.13052700 -0.26682100 0.38668400 0.88276800
0.08529400 0.04365800 -0.02488800 -0.25294600 0.85576600 -0.45131000 -0.92995900 -0.34371200 -0.13052700 -0.26682100 0.38668400 0.88276800
0.08529400 0.04365800 -0.02488800 -0.25294600 0.85576600 -0.45131000 -0.92995900 -0.34371200 -0.13052700 -0.26682100 0.38668400 0.88276800
0.08529400 0.04365800 -0.02488800 -0.25294600 0.85576600 -0.45131000 -0.92995900 -0.34371200 -0.13052700 -0.26682100 0.38668400 0.88276800
0.08529400 0.04365800 -0.02488800 -0.25294600 0.85576600 -0.45131000 -0.92995900 -0.34371200 -0.13052700 -0.26682100 0.38668400 0.88276800
0.08529400 0.04365800 -0.02488800 -0.25294600 0.85576600 -0.45131000 -0.92995900 -0.34371200 -0.13052700 -0.26682100 0.38668400 0.88276800
0.08529400 0.04365800 -0.02488800 -0.25294600 0.85576600 -0.45131000 -0.92995900 -0.34371200 -0.13052700 -0.26682100 0.38668400 0.88276800
0.08529400 0.04365800 -0.02488800 -0.25294600 0.85576600 -0.45131000 -0.92995900 -0.34371200 -0.13052700 -0.26682100 0.38668400 0.88276800
0.08529400 0.04365800 -0.02488800 -0.25294600 0.85576600 -0.45131000 -0.92995900 -0.34371200 -0.13052700 -0.26682100 0.38668400 0.88276800
0.08529400 0.04365800 -0.02488800 -0.25294600 0.85576600 -0.45131000 -0.92995900 -0.34371200 -0.13052700 -0.26682100 0.38668400 0.88276800
0.08529400 0.04365800 -0.02488800 -0.25294600 0.85576600 -0.45131000 -0.92995900 -0.34371200 -0.13052700 -0.26682100 0.38668400 0.88276800
0.08529400 0.04365800 -0.02488800 -0.25294600 0.85576600 -0.45131000 -0.92995900 -0.34371200 -0.13052700 -0.26682100 0.38668400 0.88276800
0.08529400 0.04365800 -0.02488800 -0.25294600 0.85576600 -0.45131000 -0.92995900 -0.34371200 -0.13052700 -0.26682100 0.38668400 0.88276800
0.08529400 0.04365800 -0.02488800 -0.25294600 0.85576600 -0.45131000 -0.92995900 -0.34371200 -0.13052700 -0.26682100 0.38668400 0.88276800
0.08529400 0.04365800 -0.02488800 -0.25294600 0.85576600 -0.45131000 -0.92995900 -0.34371200 -0.13052700 -0.26682100 0.38668400 0.88276800
0.08529400 0.04365800 -0.02488800 -0.25294600 0.85576600 -0.45131000 -0.92995900 -0.34371200 -0.13052700 -0.26682100 0.38668400 0.88276800
0.08529400 0.04365800 -0.02488800 -0.25294600 0.85576600 -0.45131000 -0.92995900 -0.34371200 -0.13052700 -0.26682100 0.38668400 0.88276800
0.08529400 0.04365800 -0.02488800 -0.25294600 0.85576600 -0.45131000 -0.92995900 -0.34371200 -0.13052700 -0.26682100 0.38668400 0.88276800
0.08529400 0.04365800 -0.02488800 -0.25294600 0.85576600 -0.45131000 -0.92995900 -0.34371200 -0.13052700 -0.26682100 0.38668400 0.88276800
0.08529400 0.04365800 -0.02488800 -0.25294600 0.85576600 -0.45131000 -0.92995900 -0.34371200 -0.13052700 -0.26682100 0.38668400 0.88276800
0.08529400 0.04365800 -0.02488800 -0.25294600 0.85576600 -0.45131000 -0.92995900 -0.34371200 -0.13052700 -0.26682100 0.38668400 0.88276800
0.08529400 0.04365800 -0.02488800 -0.25294600 0.85576600 -0.45131000 -0.92995900 -0.34371200 -0.13052700 -0.26682100 0.38668400 0.88276800
0.08529400 0.04365800 -0.02488800 -0.25294600 0.85576600 -0.45131000 -0.92995900 -0.34371200 -0.13052700 -0.26682100 0.38668400 0.88276800
0.08529400 0.04365800 -0.02488800 -0.25294600 0.85576600 -0.45131000 -0.92995900 -0.34371200 -0.13052700 -0.26682100 0.38668400 0.88276800
0.08529400 0.04365800 -0.02488800 -0.25294600 0.85576600 -0.45131000 -0.92995900 -0.34371200 -0.13052700 -0.26682100 0.38668400 0.88276800
0.08529400 0.04365800 -0.02488800 -0.25294600 0.85576600 -0.45131000 -0.92995900 -0.34371200 -0.13052700 -0.26682100 0.38668400 0.88276800
0.08529400 0.04365800 -0.02488800 -0.25294600 0.85576600 -0.45131000 -0.92995900 -0.34371200 -0.13052700 -0.26682100 0.38668400 0.88276800
0.08529400 0.04365800 -0.02488800 -0.25294600 0.85576600 -0.45131000 -0.92995900 -0.34371200 -0.13052700 -0.26682100 0.38668400 0.88276800
0.08529400 0.04365800 -0.02488800 -0.25294600 0.85576600 -0.45131000 -0.92995900 -0.34371200 -0.13052700 -0.26682100 0.38668400 0.88276800
0.08529400 0.04365800 -0.02488800 -0.25294600 0.85576600 -0.45131000 -0.92995900 -0.34371200 -0.13052700 -0.26682100 0.38668400 0.88276800
0.08529400 0.04365800 -0.02488800 -0.25294600 0.85576600 -0.45131000 -0.92995900 -0.34371200 -0.13052700 -0.26682100 0.38668400 0.88276800
0.08529400 0.04365800 -0.02488800 -0.25294600 0.85576600 -0.45131000 -0.92995900 -0.34371200 -0.13052700 -0.26682100 0.38668400 0.88276800
0.08529400 0.04365800 -0.02488800 -0.25294600 0.85576600 -0.45131000 -0.92995900 -0.34371200 -0.13052700 -0.26682100 0.38668400 0.88276800
0.08529400 0.04365800 -0.02488800 -0.25294600 0.85576600 -0.45131000 -0.92995900 -0.34371200 -0.13052700 -0.26682100 0.38668400 0.88276800
0.08529400 0.04365800 -0.02488800 -0.25294600 0.85576600 -0.45131000 -0.92995900 -0.34371200 -0.13052700 -0.26682100 0.38668400 0.88276800
0.08529400 0.04365800 -0.02488800 -0.25294600 0.85576600 -0.45131000 -0.92995900 -0.34371200 -0.13052700 -0.26682100 0.38668400 0.88276800
0.08529400 0.04365800 -0.02488800 -0.25294600 0.85576600 -0.45131000 -0.92995900 -0.34371200 -0.13052700 -0.26682100 0.38668400 0.88276800
0.08529400 0.04365800 -0.02488800 -0.25294600 0.85576600 -0.45131000 -0.92995900 -0.34371200 -0.13052700 -0.26682100 0.38668400 0.88276800
0.08529400 0.04365800 -0.02488800 -0.25294600 0.85576600 -0.45131000 -0.92995900 -0.34371200 -0.13052700 -0.26682100 0.38668400 0.88276800
0.08539400 0.04355700 -0.02503600 -0.26134800 0.85679100 -0.44452700 -0.93159000 -0.34444200 -0.11618200 -0.25265800 0.38375300 0.88819800
0.08540800 0.04360000 -0.02513200 -0.28136400 0.85769100 -0.43034800 -0.93306500 -0.34926300 -0.08604500 -0.22410500 0.37733300 0.89855200
0.08544200 0.04373100 -0.02529000 -0.29552900 0.85465700 -0.42687500 -0.93067100 -0.35843400 -0.07331800 -0.21566900 0.37561300 0.90133200
0.08544600 0.04379500 -0.02536300 -0.29964000 0.85380400 -0.42571500 -0.92939400 -0.36201600 -0.07189700 -0.21550300 0.37411400 0.90199500
0.08549900 0.04384900 -0.02552100 -0.30164300 0.85327400 -0.42536200 -0.92862100 -0.36403100 -0.07172000 -0.21604200 0.37336700 0.90217600
0.08556300 0.04376300 -0.02566500 -0.29927100 0.85369500 -0.42619300 -0.92917400 -0.36230700 -0.07326500 -0.21695900 0.37408200 0.90165900
0.08554200 0.04366200 -0.02568900 -0.29891500 0.85377800 -0.42627600 -0.92929300 -0.36198200 -0.07336400 -0.21694200 0.37420600 0.90161200
0.08543800 0.04339200 -0.02567000 -0.29945900 0.85374600 -0.42595900 -0.92928300 -0.36216500 -0.07257800 -0.21623100 0.37410300 0.90182600
0.08526100 0.04309300 -0.02544500 -0.30063700 0.85243500 -0.42774900 -0.92941000 -0.36250400 -0.06919000 -0.21404100 0.37675400 0.90124400
0.08506500 0.04281100 -0.02507000 -0.30132900 0.85267300 -0.42678800 -0.92975100 -0.36205600 -0.06690700 -0.21157100 0.37664600 0.90187200
0.08495200 0.04266100 -0.02485800 -0.30159900 0.85279700 -0.42634900 -0.92997200 -0.36171700 -0.06565600 -0.21020900 0.37669200 0.90217100
0.08472000 0.04237000 -0.02442700 -0.30225700 0.85302300 -0.42542900 -0.93038100 -0.36112500 -0.06307600 -0.20743900 0.37674700 0.90279000
0.08460700 0.04217400 -0.02413400 -0.30213100 0.85329000 -0.42498500 -0.93081800 -0.36025500 -0.06158500 -0.20565300 0.37697700 0.90310200
0.08463900 0.04213000 -0.02410200 -0.30168800 0.85340600 -0.42506500 -0.93100200 -0.35978300 -0.06156500 -0.20547200 0.37716300 0.90306500
0.08477200 0.04214100 -0.02417800 -0.30094100 0.85348900 -0.42542800 -0.93113500 -0.35932700 -0.06221000 -0.20596400 0.37741000 0.90285000
0.08499100 0.04232900 -0.02444200 -0.28896200 0.85739600 -0.42587800 -0.93561800 -0.34715000 -0.06407100 -0.20277700 0.37994500 0.90250800
0.08521000 0.04267700 -0.02483400 -0.28678000 0.85747200 -0.42719600 -0.93564400 -0.34646400 -0.06731900 -0.20573200 0.38039800 0.90164800
0.08530500 0.04290400 -0.02507000 -0.28581200 0.85745500 -0.42788000 -0.93555200 -0.34635200 -0.06915400 -0.20749400 0.38053900 0.90118500
0.08545200 0.04339400 -0.02554400 -0.28386300 0.85741900 -0.42924700 -0.93533500 -0.34616500 -0.07292200 -0.21111500 0.38079000 0.90023700
0.08555800 0.04387100 -0.02599000 -0.28282200 0.85606500 -0.43262200 -0.93497000 -0.34673100 -0.07487900 -0.21410500 0.38331100 0.89846000
0.08558900 0.04407400 -0.02618900 -0.28259000 0.85452600 -0.43580500 -0.93479800 -0.34723400 -0.07470300 -0.21516200 0.38628000 0.89693500
0.08561700 0.04437000 -0.02651700 -0.28278000 0.85212500 -0.44036000 -0.93436000 -0.34848700 -0.07433900 -0.21680600 0.39043300 0.89473700
0.08561300 0.04452800 -0.02672800 -0.28375800 0.84879100 -0.44613200 -0.93395800 -0.35005800 -0.07197000 -0.21726000 0.39624800 0.89206700
0.08560700 0.04456400 -0.02679100 -0.28383400 0.84875900 -0.44614300 -0.93384100 -0.35029900 -0.07231600 -0.21766300 0.39610200 0.89203400
0.08561500 0.04458200 -0.02686200 -0.28391000 0.84747700 -0.44852700 -0.93380100 -0.35060100 -0.07136900 -0.21773800 0.39857300 0.89091400
0.08564500 0.04452200 -0.02690400 -0.28350600 0.84756500 -0.44861600 -0.93388800 -0.35030900 -0.07165700 -0.21788900 0.39864200 0.89084600
0.08567500 0.04440400 -0.02695400 -0.28314600 0.84762000 -0.44874000 -0.93398400 -0.35002000 -0.07182300 -0.21794600 0.39878000 0.89077100
0.08568000 0.04436600 -0.02698600 -0.28200100 0.84631700 -0.45190800 -0.93379900 -0.35023200 -0.07319000 -0.22021500 0.40135200 0.88905600
0.08577700 0.04436600 -0.02716800 -0.28023900 0.84537500 -0.45476000 -0.93355400 -0.35030500 -0.07591000 -0.22347700 0.40327000 0.88737200
0.08591300 0.04441300 -0.02743200 -0.28022300 0.84289700 -0.45934500 -0.93337100 -0.35103900 -0.07475300 -0.22425700 0.40779200 0.88510600
0.08591300 0.04441300 -0.02743200 -0.28022300 0.84289700 -0.45934500 -0.93337100 -0.35103900 -0.07475300 -0.22425700 0.40779200 0.88510600
0.08602500 0.04467900 -0.02789000 -0.27958400 0.84033600 -0.46439800 -0.93300700 -0.35192900 -0.07512000 -0.22656200 0.41228400 0.88243400
0.08602500 0.04484300 -0.02817100 -0.27920600 0.83994500 -0.46533400 -0.93269700 -0.35244400 -0.07654400 -0.22829700 0.41264400 0.88181800
0.08598600 0.04499900 -0.02836900 -0.27965200 0.83668400 -0.47090700 -0.93243800 -0.35357000 -0.07446800 -0.22880500 0.41826700 0.87903300
0.08598300 0.04507000 -0.02843800 -0.28022500 0.83387400 -0.47552800 -0.93232500 -0.35437800 -0.07201600 -0.22856900 0.42316600 0.87674700
0.08598900 0.04515500 -0.02852800 -0.28105000 0.82976200 -0.48218800 -0.93217500 -0.35548500 -0.06839600 -0.22816300 0.43026100 0.87339300
0.08604400 0.04518800 -0.02870400 -0.28113000 0.82822500 -0.48477700 -0.93200000 -0.35605400 -0.06782500 -0.22878100 0.43274500 0.87200300
0.08617200 0.04516300 -0.02903900 -0.28048900 0.82672200 -0.48770300 -0.93185700 -0.35636400 -0.06815300 -0.23014400 0.43535400 0.87034400
0.08626700 0.04513600 -0.02928500 -0.27996900 0.82666300 -0.48810300 -0.93171200 -0.35650800 -0.06937400 -0.23136200 0.43534900 0.87002400
0.08649500 0.04511200 -0.02988600 -0.27896000 0.82495600 -0.49155600 -0.93134400 -0.35717300 -0.07088600 -0.23404900 0.43803300 0.86795600
0.08668700 0.04516600 -0.03061400 -0.27791100 0.82307800 -0.49528500 -0.93078200 -0.35820900 -0.07300700 -0.23750600 0.44071300 0.86565600
0.08676400 0.04522400 -0.03099500 -0.27734800 0.82298000 -0.49576300 -0.93041400 -0.35874800 -0.07502300 -0.23959700 0.44045700 0.86521000
0.08693100 0.04541400 -0.03178400 -0.27970200 0.82150600 -0.49688300 -0.92992900 -0.36050700 -0.07256400 -0.23874200 0.44177000 0.86477800
0.08709000 0.04566400 -0.03259800 -0.28514000 0.81856700 -0.49863900 -0.92915400 -0.36377900 -0.06585500 -0.23530200 0.44453500 0.86430300
0.08715900 0.04580800 -0.03300900 -0.28585800 0.81726300 -0.50036500 -0.92840900 -0.36553300 -0.06663800 -0.23736100 0.44549500 0.86324500
0.08733500 0.04610500 -0.03390700 -0.28919600 0.81090800 -0.50871600 -0.92705600 -0.36970600 -0.06230700 -0.23860100 0.45359000 0.85867500
0.08749800 0.04636000 -0.03476500 -0.29182200 0.80173100 -0.52159900 -0.92549800 -0.37434500 -0.05760000 -0.24143800 0.46593100 0.85124300
0.08763100 0.04650800 -0.03564800 -0.29785100 0.78944800 -0.53670900 -0.92142400 -0.38471300 -0.05452600 -0.24952400 0.47829600 0.84200300
0.08770100 0.04652000 -0.03608700 -0.30671200 0.78067100 -0.54449900 -0.91575600 -0.39798200 -0.05476500 -0.25945500 0.48183200 0.83697100
0.08786000 0.04639600 -0.03697600 -0.32277600 0.76094400 -0.56283200 -0.90110800 -0.42896500 -0.06318500 -0.28951600 0.48677700 0.82415200
0.08798800 0.04609000 -0.03786200 -0.34274000 0.73708600 -0.58243600 -0.88144700 -0.46676100 -0.07200100 -0.32492900 0.48870900 0.80968000
0.08804700 0.04589800 -0.03828300 -0.35691700 0.72403900 -0.59023500 -0.86907100 -0.48906000 -0.07439700 -0.34252700 0.48640300 0.80379500
0.08808500 0.04541200 -0.03918000 -0.39055500 0.69000000 -0.60939800 -0.84104400 -0.53660300 -0.06856300 -0.37431300 0.48575400 0.78989400
0.08792900 0.04494200 -0.04010200 -0.45776600 0.63763600 -0.61957200 -0.79973500 -0.59977200 -0.02638000 -0.38842300 0.48341800 0.78449500
0.08797100 0.04460100 -0.04114100 -0.49956700 0.59640300 -0.62827900 -0.78010200 -0.62507200 0.02692800 -0.37666000 0.50357500 0.77752100
0.08795200 0.04450200 -0.04171800 -0.51226700 0.57734000 -0.63581400 -0.77313300 -0.63237100 0.04868900 -0.37396100 0.51651100 0.77030400
0.08773200 0.04449900 -0.04303700 -0.52952000 0.54025700 -0.65401000 -0.75391600 -0.65313600 0.07087300 -0.38886900 0.53059800 0.75315700
0.08753800 0.04462200 -0.04452500 -0.52912300 0.52285900 -0.66831600 -0.74384400 -0.66480100 0.06881100 -0.40832000 0.53353200 0.74068700
0.08743000 0.04472700 -0.04517400 -0.52850800 0.52187500 -0.66957000 -0.74158000 -0.66771400 0.06492000 -0.41320200 0.53085100 0.73990500
0.08713500 0.04506600 -0.04633900 -0.52758400 0.52131700 -0.67073300 -0.73911400 -0.67091000 0.05991600 -0.41876600 0.52735800 0.73927400
0.08681400 0.04543200 -0.04723800 -0.52781100 0.52022900 -0.67139900 -0.73651200 -0.67404100 0.05672200 -0.42304300 0.52443200 0.73892100
0.08657800 0.04563700 -0.04783300 -0.54514500 0.51704000 -0.65991200 -0.73197700 -0.67729600 0.07401600 -0.40868700 0.52339100 0.74768600
0.08646000 0.04567000 -0.04801500 -0.54597200 0.51646700 -0.65967900 -0.73102000 -0.67833700 0.07394100 -0.40929700 0.52260800 0.74790100
0.08639200 0.04556300 -0.04821400 -0.54618900 0.51624200 -0.65967400 -0.73057800 -0.67884400 0.07365200 -0.40979400 0.52217100 0.74793300
0.08635600 0.04530900 -0.04823100 -0.53884100 0.52221400 -0.66101600 -0.73564200 -0.67403100 0.06717700 -0.41046500 0.52246900 0.74735800
0.08632200 0.04518600 -0.04819300 -0.53029900 0.52669200 -0.66436100 -0.74080600 -0.66894300 0.06099400 -0.41229500 0.52450900 0.74491700
0.08626600 0.04502200 -0.04807300 -0.52082900 0.53203400 -0.66758900 -0.74243900 -0.66828700 0.04663300 -0.42133100 0.51993300 0.74306600
0.08627900 0.04489600 -0.04796100 -0.51442400 0.53339400 -0.67145900 -0.74455300 -0.66629400 0.04113300 -0.42545000 0.52109700 0.73989800
0.08637200 0.04473300 -0.04793700 -0.50975900 0.53537800 -0.67343500 -0.74722900 -0.66346900 0.03816300 -0.42637200 0.52266500 0.73825900
0.08644800 0.04465800 -0.04796900 -0.50768000 0.53622200 -0.67433300 -0.74831700 -0.66232400 0.03670700 -0.42694400 0.52325100 0.73751300
0.08658200 0.04456700 -0.04806600 -0.50544700 0.53708100 -0.67532700 -0.74935300 -0.66124600 0.03496900 -0.42777600 0.52373300 0.73668800
0.08666400 0.04452700 -0.04813400 -0.50473800 0.53733100 -0.67565800 -0.74961300 -0.66098500 0.03432300 -0.42815800 0.52380600 0.73641500
0.08669200 0.04450900 -0.04814500 -0.50414900 0.53756500 -0.67591100 -0.74991000 -0.66066900 0.03390000 -0.42833100 0.52396400 0.73620200
0.08671600 0.04449000 -0.04815600 -0.50317600 0.53795000 -0.67633000 -0.75040100 -0.66014700 0.03320400 -0.42861600 0.52422600 0.73584800
0.08671800 0.04450300 -0.04816000 -0.50209700 0.53836200 -0.67680400 -0.75091700 -0.65960000 0.03240100 -0.42897700 0.52449300 0.73544900
0.08671000 0.04451300 -0.04816500 -0.50107900 0.53874900 -0.67725100 -0.75140200 -0.65908500 0.03164300 -0.42931900 0.52474300 0.73507000
0.08670000 0.04451600 -0.04816900 -0.50073800 0.53887500 -0.67740200 -0.75155900 -0.65891800 0.03138400 -0.42944000 0.52482300 0.73494200
0.08668100 0.04450000 -0.04817800 -0.49999300 0.53916400 -0.67772300 -0.75193100 -0.65851900 0.03085400 -0.42965800 0.52502800 0.73466900
0.08666300 0.04446900 -0.04820000 -0.49956200 0.53932500 -0.67791200 -0.75213200 -0.65830400 0.03053100 -0.42980600 0.52513200 0.73450800
0.08665600 0.04444400 -0.04821300 -0.49930600 0.53942500 -0.67802100 -0.75226000 -0.65816600 0.03034800 -0.42988000 0.52520200 0.73441400
0.08664000 0.04437500 -0.04825700 -0.49910900 0.53949600 -0.67810900 -0.75234500 -0.65807600 0.03019100 -0.42996000 0.52524100 0.73433900
0.08662300 0.04431000 -0.04832500 -0.49904200 0.53949300 -0.67816100 -0.75230300 -0.65813000 0.03004300 -0.43011100 0.52517600 0.73429800
0.08660700 0.04427800 -0.04835400 -0.49924000 0.53940600 -0.67808400 -0.75218000 -0.65826700 0.03015000 -0.43009800 0.52509400 0.73436400
0.08659100 0.04421500 -0.04838300 -0.49901900 0.53949700 -0.67817500 -0.75230200 -0.65813300 0.03001000 -0.43014000 0.52516900 0.73428600
0.08658700 0.04418400 -0.04840000 -0.49901800 0.53949800 -0.67817500 -0.75230300 -0.65813300 0.03000900 -0.43014000 0.52516800 0.73428600
0.08657600 0.04416400 -0.04841100 -0.49889400 0.53954500 -0.67822900 -0.75236500 -0.65806600 0.02992000 -0.43017700 0.52520300 0.73424000
0.08657200 0.04414900 -0.04841900 -0.49883900 0.53956600 -0.67825200 -0.75239100 -0.65803700 0.02988200 -0.43019300 0.52521700 0.73422000
0.08655700 0.04411000 -0.04844100 -0.49867900 0.53962800 -0.67832100 -0.75247100 -0.65795100 0.02976800 -0.43023900 0.52526100 0.73416100
0.08654000 0.04405100 -0.04847300 -0.49859100 0.53966200 -0.67835800 -0.75251400 -0.65790500 0.02970500 -0.43026500 0.52528500 0.73412900
0.08652400 0.04401200 -0.04850000 -0.49856400 0.53966700 -0.67837400 -0.75251500 -0.65790500 0.02966900 -0.43029400 0.52527900 0.73411600
0.08645800 0.04389500 -0.04856400 -0.49620500 0.54000900 -0.67982900 -0.75284000 -0.65764300 0.02710900 -0.43244700 0.52525500 0.73286700
0.08630300 0.04373200 -0.04868000 -0.48601900 0.54161900 -0.68588100 -0.75432600 -0.65629800 0.01626100 -0.44133500 0.52528100 0.72753100
0.08602300 0.04342000 -0.04886100 -0.45981500 0.54641500 -0.69999900 -0.75862300 -0.65144900 -0.01019300 -0.46158300 0.52634900 0.71407000
0.08582700 0.04318000 -0.04898200 -0.44200300 0.55019300 -0.70846300 -0.76198000 -0.64703200 -0.02709400 -0.47330600 0.52786000 0.70522600
0.08528100 0.04251600 -0.04929000 -0.41034800 0.55873200 -0.72071600 -0.77049700 -0.63517500 -0.05372600 -0.48779900 0.53326300 0.69114500
0.08449300 0.04164100 -0.04973500 -0.37304000 0.56562900 -0.73546200 -0.77871700 -0.62182600 -0.08325400 -0.50442000 0.54166000 0.67243000
0.08398600 0.04113800 -0.05009200 -0.34654600 0.56874400 -0.74594500 -0.78172800 -0.61463700 -0.10545900 -0.51846600 0.54658000 0.65760300
0.08279800 0.03995600 -0.05104600 -0.28258900 0.56989200 -0.77159900 -0.78626100 -0.59839300 -0.15400600 -0.54948600 0.56315900 0.61718300
0.08137300 0.03849800 -0.05222500 -0.23721200 0.56279100 -0.79183000 -0.78191000 -0.59431400 -0.18816700 -0.57649500 0.57450500 0.58103000
0.07969000 0.03691800 -0.05349100 -0.21273400 0.55401600 -0.80486600 -0.77430900 -0.59800400 -0.20696800 -0.59597700 0.57918600 0.55619500
0.07875700 0.03615200 -0.05412500 -0.20609300 0.54938000 -0.80975600 -0.76917900 -0.60249000 -0.21299500 -0.60488600 0.57895200 0.54674100
0.07682500 0.03471500 -0.05534400 -0.20560300 0.54139200 -0.81524300 -0.76524000 -0.60821100 -0.21091400 -0.61002700 0.58049200 0.53934500
0.07496900 0.03339800 -0.05645400 -0.21030000 0.54113300 -0.81421600 -0.76693800 -0.60780400 -0.20586200 -0.60628300 0.58116100 0.54283600
0.07419400 0.03282300 -0.05693100 -0.21064000 0.54093500 -0.81425900 -0.76673500 -0.60813100 -0.20565300 -0.60642200 0.58100200 0.54285100
0.07273500 0.03170700 -0.05781200 -0.21534000 0.53949600 -0.81398500 -0.76579800 -0.61051600 -0.20204800 -0.60595500 0.57983900 0.54461300
0.07153700 0.03072700 -0.05856700 -0.21972500 0.53789000 -0.81387600 -0.76405500 -0.61360800 -0.19925900 -0.60658100 0.57806400 0.54580300
0.07056700 0.02993300 -0.05916800 -0.21510300 0.53790900 -0.81509700 -0.76123700 -0.61518600 -0.20509200 -0.61175800 0.57636700 0.54180500
0.07012800 0.02959600 -0.05941200 -0.21391600 0.53792000 -0.81540200 -0.76057300 -0.61552700 -0.20653000 -0.61299900 0.57599200 0.54079900
0.06949100 0.02913200 -0.05979100 -0.21582000 0.53734400 -0.81528000 -0.76026500 -0.61641200 -0.20501500 -0.61271300 0.57558300 0.54155800
0.06911000 0.02889100 -0.06004200 -0.21860900 0.53647500 -0.81510900 -0.75963300 -0.61787900 -0.20293500 -0.61250800 0.57482100 0.54259700
0.06900600 0.02881800 -0.06013000 -0.21967200 0.53613700 -0.81504600 -0.75936700 -0.61846000 -0.20215700 -0.61245800 0.57451100 0.54298300
0.06898000 0.02872200 -0.06027100 -0.22039400 0.53586700 -0.81502800 -0.75906600 -0.61897700 -0.20170600 -0.61257200 0.57420600 0.54317800
0.06909900 0.02870300 -0.06037800 -0.22054200 0.53574300 -0.81507000 -0.75878900 -0.61930200 -0.20175100 -0.61286200 0.57397200 0.54309800
0.06917500 0.02872100 -0.06040500 -0.22045500 0.53573100 -0.81510100 -0.75868900 -0.61937800 -0.20189200 -0.61301600 0.57390100 0.54299900
0.06934400 0.02875200 -0.06042000 -0.22025400 0.53576200 -0.81513500 -0.75861100 -0.61939600 -0.20212900 -0.61318500 0.57385100 0.54286000
0.06946600 0.02875400 -0.06040600 -0.22013800 0.53581700 -0.81513100 -0.75864900 -0.61932100 -0.20221900 -0.61318000 0.57388200 0.54283300
0.06950100 0.02873800 -0.06040500 -0.22043700 0.53574900 -0.81509500 -0.75862400 -0.61943000 -0.20197600 -0.61310300 0.57382800 0.54297800
0.06949100 0.02872200 -0.06040500 -0.22070100 0.53568600 -0.81506500 -0.75860800 -0.61952300 -0.20175500 -0.61302900 0.57378700 0.54310500
0.06945100 0.02868600 -0.06039600 -0.22105200 0.53562100 -0.81501200 -0.75864000 -0.61958900 -0.20142700 -0.61286200 0.57377600 0.54330600
0.06942300 0.02865000 -0.06037400 -0.21848700 0.53709100 -0.81473600 -0.76245100 -0.61503900 -0.20098100 -0.60904000 0.57728500 0.54388400
0.06942100 0.02863400 -0.06036100 -0.21707400 0.54066800 -0.81274600 -0.76495400 -0.61144100 -0.20244400 -0.60640200 0.57776800 0.54631400
0.06941600 0.02861500 -0.06033000 -0.21630200 0.54088900 -0.81280400 -0.76612800 -0.61008200 -0.20210500 -0.60519400 0.57899700 0.54635200
0.06942000 0.02860600 -0.06031900 -0.21341400 0.54236500 -0.81258400 -0.76984800 -0.60544300 -0.20191800 -0.60148700 0.58247500 0.54674900
0.06943400 0.02860700 -0.06033700 -0.20751600 0.54525700 -0.81217600 -0.77707900 -0.59620300 -0.20171400 -0.59420800 0.58926700 0.54743000
0.06944800 0.02860300 -0.06034500 -0.20168000 0.54805500 -0.81176300 -0.78413700 -0.58697300 -0.20147300 -0.58690200 0.59590100 0.54813100
0.06948700 0.02860300 -0.06037000 -0.19859300 0.54946200 -0.81157300 -0.78770400 -0.58219700 -0.20141400 -0.58316500 0.59928100 0.54843400
0.06955500 0.02858600 -0.06039300 -0.19547600 0.55085800 -0.81138300 -0.79119600 -0.57744000 -0.20141900 -0.57948000 0.60259100 0.54871300
0.06959500 0.02857900 -0.06040300 -0.19541800 0.55086900 -0.81139000 -0.79118400 -0.57743600 -0.20148100 -0.57951600 0.60258600 0.54868000
0.06967600 0.02856200 -0.06041300 -0.19470700 0.55204100 -0.81076400 -0.79518400 -0.57277200 -0.19902900 -0.57425600 0.60595500 0.55049800
0.06974500 0.02854500 -0.06043100 -0.19392300 0.55322900 -0.81014200 -0.79914800 -0.56806600 -0.19662900 -0.56899500 0.60929300 0.55227300
0.06982900 0.02855500 -0.06046400 -0.19338400 0.55330800 -0.81021700 -0.79911200 -0.56794500 -0.19712300 -0.56922900 0.60933400 0.55198600
0.06986300 0.02857100 -0.06048300 -0.19045500 0.55460700 -0.81002200 -0.80245300 -0.56326400 -0.19698100 -0.56550400 0.61248900 0.55232200
0.06988500 0.02862300 -0.06053100 -0.18383800 0.55828400 -0.80902400 -0.81284800 -0.54913500 -0.19423600 -0.55270300 0.62190600 0.55475200
0.06988500 0.02871500 -0.06061400 -0.17748000 0.56072400 -0.80875700 -0.81912800 -0.53966300 -0.19440100 -0.54546200 0.62797400 0.55508400
0.06991800 0.02877600 -0.06067400 -0.17405900 0.56193000 -0.80866300 -0.82219100 -0.53487300 -0.19470700 -0.54194500 0.63098500 0.55511400
0.07011300 0.02895500 -0.06089400 -0.16929500 0.56052700 -0.81064600 -0.82496500 -0.53061800 -0.19461400 -0.53923100 0.63580800 0.55224600
0.07045600 0.02925400 -0.06125700 -0.16689900 0.55545400 -0.81462500 -0.82417500 -0.53208900 -0.19395000 -0.54118300 0.63902400 0.54659600
0.07092400 0.02967000 -0.06176900 -0.16589200 0.55035300 -0.81828400 -0.82351300 -0.53379400 -0.19206200 -0.54249800 0.64200700 0.54177600
0.07117700 0.02992000 -0.06207200 -0.16345300 0.54536100 -0.82210900 -0.82294100 -0.53496400 -0.19126000 -0.54410500 0.64528600 0.53624100
0.07154100 0.03043800 -0.06267500 -0.17150500 0.53748500 -0.82564800 -0.82386100 -0.53779500 -0.17896300 -0.54021900 0.64952700 0.53504800
0.07164100 0.03094700 -0.06322200 -0.18473500 0.52713200 -0.82946000 -0.81919700 -0.54885500 -0.16635400 -0.54294400 0.64876000 0.53321800
0.07163500 0.03119800 -0.06348900 -0.19387900 0.52016500 -0.83176800 -0.81167300 -0.56125500 -0.16179800 -0.55099600 0.64375400 0.53102000
0.07156800 0.03162600 -0.06397800 -0.21281200 0.50700100 -0.83526000 -0.79871900 -0.58266200 -0.15017300 -0.56281200 0.63518000 0.52894900
0.07140900 0.03191800 -0.06439200 -0.24513200 0.48545800 -0.83918900 -0.77085900 -0.62254400 -0.13496000 -0.58795000 0.61381400 0.52682500
0.07104300 0.03213900 -0.06464400 -0.28079600 0.46543400 -0.83935900 -0.74549000 -0.65657500 -0.11468600 -0.60448100 0.59353100 0.53134000
0.07070500 0.03223700 -0.06465800 -0.30290600 0.45560400 -0.83706100 -0.73112500 -0.67449200 -0.10254800 -0.61131300 0.58093400 0.53741100
0.06983500 0.03241700 -0.06448800 -0.33282100 0.44307600 -0.83241300 -0.71697000 -0.69228400 -0.08182400 -0.61252100 0.56958300 0.54807900
0.06890300 0.03255100 -0.06429300 -0.35155900 0.43588400 -0.82849900 -0.71066000 -0.70034600 -0.06690600 -0.60940000 0.56526000 0.55597800
0.06847900 0.03261200 -0.06424300 -0.36086000 0.42695400 -0.82915000 -0.70048200 -0.71103400 -0.06127100 -0.61571400 0.55869400 0.55565700
0.06775200 0.03272800 -0.06421100 -0.39151000 0.40488200 -0.82631000 -0.67489000 -0.73676400 -0.04124000 -0.62549300 0.54152400 0.56170100
0.06704900 0.03272000 -0.06418600 -0.41479900 0.38262600 -0.82555300 -0.65636000 -0.75418700 -0.01976200 -0.63018400 0.53366300 0.56397700
0.06629800 0.03260400 -0.06419300 -0.43034300 0.36419200 -0.82593400 -0.64194800 -0.76673800 -0.00361100 -0.63459100 0.52865300 0.56375300
0.06595400 0.03251800 -0.06424800 -0.43863700 0.35362400 -0.82616300 -0.63053700 -0.77615400 0.00255400 -0.64032800 0.52204700 0.56342300
0.06534900 0.03230800 -0.06447000 -0.44781400 0.34200100 -0.82613400 -0.61835900 -0.78583300 0.00987100 -0.64582800 0.51526800 0.56338600
0.06469000 0.03199400 -0.06479600 -0.45468800 0.33156200 -0.82663400 -0.60697400 -0.79457600 0.01516100 -0.65179700 0.50863900 0.56253400
0.06436500 0.03182000 -0.06499000 -0.45654200 0.33077300 -0.82592800 -0.60607500 -0.79523500 0.01653500 -0.65133800 0.50812400 0.56353200
0.06372900 0.03149000 -0.06538100 -0.46056000 0.32855600 -0.82458000 -0.60401500 -0.79672300 0.01991000 -0.65042100 0.50722900 0.56539200
0.06307500 0.03120600 -0.06568600 -0.46547300 0.32882200 -0.82171100 -0.60206000 -0.79815600 0.02165100 -0.64873500 0.50479800 0.56949100
0.06230200 0.03104600 -0.06587100 -0.48012800 0.32232500 -0.81583200 -0.59874300 -0.80012000 0.03625100 -0.64107900 0.50587900 0.57715000
0.06185700 0.03099000 -0.06590800 -0.49146100 0.32047400 -0.80979100 -0.59644000 -0.80140400 0.04482400 -0.63460500 0.50502100 0.58500300
0.06085500 0.03090400 -0.06588300 -0.51427800 0.32072100 -0.79539500 -0.59892100 -0.79813000 0.06542100 -0.61384800 0.51002400 0.60254800
0.05998600 0.03082700 -0.06586300 -0.53531300 0.32459800 -0.77979100 -0.60909800 -0.78795500 0.09013900 -0.58518200 0.52322200 0.61951500
0.05962500 0.03074300 -0.06588700 -0.54537900 0.32275900 -0.77355500 -0.60903500 -0.78666500 0.10115900 -0.57587900 0.52629200 0.62560200
0.05910200 0.03052500 -0.06601900 -0.55694500 0.31664800 -0.76781800 -0.60243900 -0.79040500 0.11102200 -0.57173300 0.52439700 0.63097300
0.05886700 0.03030400 -0.06628700 -0.56267100 0.31349000 -0.76493400 -0.59885500 -0.79244900 0.11573900 -0.56988900 0.52320700 0.63362400
0.05883500 0.03020600 -0.06642100 -0.56230600 0.31550000 -0.76437600 -0.60153100 -0.79033900 0.11629400 -0.56742600 0.52518900 0.63419500
0.05881800 0.03003300 -0.06665400 -0.56233300 0.31893700 -0.76292800 -0.60286500 -0.78961800 0.11425900 -0.56598100 0.52419500 0.63630500
0.05889600 0.02989900 -0.06683900 -0.55935500 0.31987400 -0.76472300 -0.60360700 -0.78947700 0.11127900 -0.56813600 0.52383700 0.63467600
0.05912800 0.02982700 -0.06705300 -0.55369800 0.32171800 -0.76805900 -0.60466300 -0.78950100 0.10520600 -0.57253800 0.52266900 0.63167600
0.05926700 0.02982200 -0.06714800 -0.55104000 0.32255100 -0.76961900 -0.60506500 -0.78957500 0.10230600 -0.57467300 0.52204500 0.63025200
0.05961400 0.02987100 -0.06733700 -0.54923000 0.32328200 -0.77060600 -0.60547700 -0.78951300 0.10032400 -0.57597100 0.52168500 0.62936500
0.06004700 0.03003900 -0.06755600 -0.54681600 0.32416200 -0.77195200 -0.60584700 -0.78957200 0.09759300 -0.57787600 0.52105100 0.62814400
0.06025300 0.03016200 -0.06767600 -0.54553800 0.32458100 -0.77267900 -0.60595300 -0.78967300 0.09610400 -0.57897100 0.52063600 0.62747800
0.06052300 0.03041600 -0.06787500 -0.54378300 0.32502000 -0.77373100 -0.60581500 -0.79004500 0.09389700 -0.58076400 0.51979800 0.62651500
0.06048100 0.03049100 -0.06792200 -0.54366000 0.32493800 -0.77385200 -0.60559700 -0.79024300 0.09363400 -0.58110600 0.51954800 0.62640600
0.06014300 0.03030900 -0.06778200 -0.54313100 0.32505100 -0.77417600 -0.60582300 -0.79011200 0.09327900 -0.58136600 0.51967700 0.62605800
0.05990000 0.03013900 -0.06763700 -0.54453900 0.32464600 -0.77335700 -0.60583500 -0.78989800 0.09499300 -0.58003400 0.52025500 0.62681200
0.05935900 0.02974500 -0.06726400 -0.54819300 0.32634500 -0.77005300 -0.60613100 -0.78943400 0.09693900 -0.57627100 0.51989500 0.63057100
0.05867900 0.02928200 -0.06673100 -0.55521800 0.33447900 -0.76148200 -0.60626200 -0.78954100 0.09523900 -0.56936600 0.51453600 0.64115000
0.05832500 0.02903700 -0.06643000 -0.55970100 0.34142400 -0.75509100 -0.60639600 -0.78977800 0.09237500 -0.56481600 0.50958800 0.64907800
0.05772900 0.02858700 -0.06581100 -0.56867400 0.35204300 -0.74342000 -0.60604600 -0.79040000 0.08930000 -0.55616300 0.50133000 0.66283400
0.05736100 0.02818200 -0.06522200 -0.57561800 0.35891500 -0.73474000 -0.60583900 -0.79066000 0.08840200 -0.54920100 0.49602000 0.67256300
0.05723600 0.02795300 -0.06481200 -0.58028500 0.35714500 -0.73192500 -0.60539700 -0.79031200 0.09433600 -0.54475800 0.49784800 0.67482100
0.05724900 0.02794100 -0.06469200 -0.58034800 0.35723400 -0.73183300 -0.60566300 -0.79007300 0.09463100 -0.54439700 0.49816300 0.67488100
0.05738300 0.02809200 -0.06459100 -0.58364500 0.35640200 -0.72961300 -0.60539700 -0.78980700 0.09847500 -0.54115700 0.49918000 0.67673200
0.05759300 0.02833200 -0.06456200 -0.58906600 0.35471000 -0.72607200 -0.60429500 -0.78989300 0.10438000 -0.53649500 0.50024800 0.67964900
0.05770700 0.02844400 -0.06453100 -0.59336900 0.35325600 -0.72327200 -0.60323000 -0.79008300 0.10899900 -0.53294100 0.50097700 0.68190600
0.05785200 0.02855100 -0.06435900 -0.60113100 0.35135400 -0.71776700 -0.60126500 -0.79049500 0.11660500 -0.52642300 0.50166300 0.68644900
0.05790600 0.02859400 -0.06408200 -0.60338700 0.35475700 -0.71419200 -0.60113700 -0.79082000 0.11505200 -0.52398200 0.49874800 0.69042800
0.05787400 0.02860100 -0.06380900 -0.60469600 0.35933900 -0.71078500 -0.60186400 -0.79066100 0.11231100 -0.52163300 0.49571100 0.69438300
0.05783300 0.02860500 -0.06367400 -0.60498200 0.36057800 -0.70991500 -0.60224300 -0.79045300 0.11174100 -0.52086300 0.49514300 0.69536500
0.05772700 0.02860800 -0.06345700 -0.60550400 0.36138400 -0.70905900 -0.60261700 -0.79014500 0.11189700 -0.51982200 0.49504500 0.69621300
0.05762000 0.02858000 -0.06340800 -0.60529600 0.36155700 -0.70914800 -0.60294200 -0.78989500 0.11191800 -0.51968800 0.49532000 0.69611900
0.05759300 0.02855200 -0.06344100 -0.60504100 0.36169400 -0.70929600 -0.60309400 -0.78981000 0.11169900 -0.51980900 0.49535500 0.69600400
0.05757500 0.02844900 -0.06357800 -0.60465000 0.36187000 -0.70954000 -0.60323900 -0.78975700 0.11128300 -0.52009600 0.49531000 0.69582100
0.05757900 0.02828400 -0.06380000 -0.60446200 0.36189500 -0.70968700 -0.60317000 -0.78985600 0.11096100 -0.52039500 0.49513400 0.69572200
0.05757200 0.02808700 -0.06405800 -0.60475600 0.36163200 -0.70957000 -0.60276000 -0.79016000 0.11101900 -0.52052700 0.49484000 0.69583200
0.05755500 0.02799600 -0.06417900 -0.60500900 0.36144000 -0.70945200 -0.60249200 -0.79034800 0.11114200 -0.52054300 0.49468200 0.69593300
0.05747900 0.02783100 -0.06437600 -0.60519800 0.36127500 -0.70937600 -0.60225000 -0.79052300 0.11120300 -0.52060400 0.49452200 0.69600100
0.05740400 0.02767700 -0.06452200 -0.60488000 0.36145200 -0.70955700 -0.60244600 -0.79041200 0.11093100 -0.52074700 0.49457000 0.69586000
0.05738500 0.02760400 -0.06459400 -0.60486400 0.36145600 -0.70956900 -0.60244100 -0.79042000 0.11090300 -0.52077100 0.49455500 0.69585300
0.05738400 0.02745600 -0.06475100 -0.60476700 0.36149200 -0.70963300 -0.60244300 -0.79043800 0.11076200 -0.52088200 0.49449900 0.69580900
0.05743900 0.02730100 -0.06496400 -0.60608400 0.35797700 -0.71029100 -0.59796600 -0.79392100 0.11011200 -0.52449800 0.49146700 0.69524100
0.05748300 0.02722800 -0.06509900 -0.60587100 0.35803000 -0.71044600 -0.59793200 -0.79399200 0.10978500 -0.52478300 0.49131400 0.69513500
0.05756200 0.02713800 -0.06544700 -0.60548300 0.35796300 -0.71081000 -0.59753600 -0.79440800 0.10893100 -0.52568000 0.49069100 0.69489700
0.05757700 0.02710800 -0.06586900 -0.60507600 0.35775100 -0.71126300 -0.59685000 -0.79507300 0.10783700 -0.52692800 0.48976700 0.69460400
0.05758500 0.02712200 -0.06637100 -0.60471900 0.35737100 -0.71175700 -0.59584100 -0.79600000 0.10656600 -0.52847500 0.48853800 0.69429300
0.05760600 0.02713200 -0.06667700 -0.60429700 0.35726100 -0.71217100 -0.59535800 -0.79648700 0.10562000 -0.52950100 0.48782300 0.69401400
0.05773200 0.02715700 -0.06745800 -0.60317200 0.35701900 -0.71324600 -0.59414300 -0.79771700 0.10314800 -0.53214300 0.48598600 0.69328100
0.05795900 0.02720200 -0.06856800 -0.60368700 0.35343500 -0.71459400 -0.59147000 -0.79956400 0.10421100 -0.53453200 0.48557100 0.69173200
0.05804600 0.02722700 -0.06922600 -0.60762500 0.35153100 -0.71219100 -0.58913800 -0.80087000 0.10733600 -0.53264100 0.48479900 0.69372900
0.05807600 0.02729400 -0.07064500 -0.61841700 0.34610100 -0.70553000 -0.58278800 -0.80425800 0.11629800 -0.52717800 0.48309600 0.69907100
0.05789100 0.02739400 -0.07204100 -0.62643300 0.34091900 -0.70096600 -0.57590600 -0.80843800 0.12148200 -0.52527300 0.47979200 0.70277000
0.05761400 0.02744300 -0.07332200 -0.62861000 0.33892100 -0.69998600 -0.57521100 -0.80837200 0.12515700 -0.52343200 0.48131500 0.70310300
0.05749400 0.02741500 -0.07390400 -0.62861500 0.33588700 -0.70144200 -0.57343800 -0.80945500 0.12629200 -0.52536700 0.48162400 0.70144600
0.05729500 0.02725800 -0.07495300 -0.62945200 0.33445200 -0.70137700 -0.57075800 -0.81150700 0.12526000 -0.52728000 0.47916200 0.70169700
0.05710500 0.02702400 -0.07580300 -0.63289200 0.33232700 -0.69928900 -0.56789000 -0.81316400 0.12752500 -0.52625800 0.47782900 0.70337100
0.05701800 0.02691100 -0.07615800 -0.63203700 0.33548600 -0.69855200 -0.57150400 -0.81058600 0.12779500 -0.52336400 0.47999700 0.70405300
0.05687600 0.02673300 -0.07667200 -0.62769800 0.34631100 -0.69718200 -0.58429900 -0.80138000 0.12799700 -0.51438100 0.48770600 0.70537400
0.05680900 0.02664800 -0.07699800 -0.62259200 0.35747500 -0.69612500 -0.59753300 -0.79157400 0.12792300 -0.50530500 0.49560100 0.70643100
0.05683300 0.02665500 -0.07713500 -0.62289200 0.35975200 -0.69468200 -0.59748700 -0.79198000 0.12560200 -0.50498900 0.49330000 0.70826500
0.05687000 0.02669100 -0.07715300 -0.62479500 0.35906600 -0.69332600 -0.59696400 -0.79202600 0.12777600 -0.50325300 0.49372500 0.70920400
0.05697700 0.02677900 -0.07712500 -0.62620100 0.35875200 -0.69222000 -0.59674400 -0.79192800 0.12940400 -0.50176500 0.49411100 0.70998900
0.05719500 0.02695100 -0.07713800 -0.64230500 0.35332300 -0.68015100 -0.59210600 -0.79222300 0.14761800 -0.48667500 0.49753800 0.71805400
0.05734500 0.02708800 -0.07718200 -0.64300900 0.35444800 -0.67889900 -0.59495100 -0.78937900 0.15136900 -0.48225700 0.50124400 0.71845800
0.05767800 0.02744400 -0.07734100 -0.64948600 0.35255200 -0.67370200 -0.59449100 -0.78785200 0.16083400 -0.47407600 0.50496900 0.72128800
0.05799000 0.02777600 -0.07754200 -0.65022100 0.35185200 -0.67335900 -0.59277100 -0.78932600 0.15995300 -0.47522000 0.50315300 0.72180400
0.05826200 0.02802900 -0.07773100 -0.65263900 0.34875400 -0.67263000 -0.59126300 -0.78956400 0.16430600 -0.47378200 0.50493400 0.72150600
0.05834900 0.02812000 -0.07778300 -0.65421600 0.34835200 -0.67130500 -0.59065600 -0.78969800 0.16583200 -0.47236100 0.50500100 0.72239000
0.05845000 0.02829000 -0.07782700 -0.65841100 0.35056800 -0.66602900 -0.59291800 -0.78666300 0.17207200 -0.46361800 0.50819500 0.72580600
0.05846600 0.02843100 -0.07774400 -0.65902800 0.35740100 -0.66177400 -0.60041000 -0.77992300 0.17670900 -0.45297800 0.51379300 0.72857800
0.05842600 0.02847600 -0.07765300 -0.65901800 0.35742300 -0.66177200 -0.60050000 -0.77983000 0.17681600 -0.45287200 0.51391900 0.72855500
