0.08508400 0.04692500 -0.02637500 -0.61387900 0.52190900 -0.59225200 -0.53330900 -0.82734500 -0.17629700 -0.58200800 0.20762800 0.78622800
0.08507300 0.04691600 -0.02637700 -0.61406800 0.52173000 -0.59221400 -0.53316700 -0.82746900 -0.17614400 -0.58193900 0.20758500 0.78629200
0.08505600 0.04690200 -0.02637600 -0.61251100 0.52265600 -0.59300900 -0.53280400 -0.82715500 -0.17869800 -0.58390800 0.20650300 0.78511500
0.08504300 0.04687300 -0.02639100 -0.60995400 0.52191700 -0.59628700 -0.53220600 -0.82731700 -0.17972800 -0.58712200 0.20772100 0.78239200
0.08503900 0.04684800 -0.02640600 -0.60991300 0.52216800 -0.59610900 -0.53232600 -0.82719400 -0.17993700 -0.58705600 0.20757800 0.78248100
0.08502100 0.04678300 -0.02645400 -0.60458200 0.52179600 -0.60183800 -0.53157200 -0.82700300 -0.18302000 -0.59322100 0.20926900 0.77736300
0.08497800 0.04670800 -0.02650500 -0.60123400 0.52166800 -0.60529200 -0.53148200 -0.82671300 -0.18458100 -0.59669400 0.21072500 0.77430600
0.08495600 0.04666900 -0.02652800 -0.60092900 0.52183500 -0.60545200 -0.53165400 -0.82656900 -0.18473300 -0.59684800 0.21088000 0.77414500
0.08490300 0.04663200 -0.02658500 -0.59832700 0.52116100 -0.60860000 -0.53095900 -0.82674000 -0.18596400 -0.60007100 0.21187400 0.77137700
0.08486500 0.04663300 -0.02666300 -0.59279300 0.52035000 -0.61467900 -0.52992800 -0.82675400 -0.18882000 -0.60644100 0.21380500 0.76584200
0.08483800 0.04665700 -0.02678900 -0.58817000 0.51556800 -0.62309200 -0.52436500 -0.82967400 -0.19152400 -0.61570700 0.21408000 0.75833500
0.08483200 0.04666700 -0.02687700 -0.58794500 0.51042000 -0.62752700 -0.51981200 -0.83280100 -0.19036100 -0.61977000 0.21427500 0.75496400
0.08480200 0.04668600 -0.02710100 -0.58320200 0.50193100 -0.63870100 -0.50987900 -0.83827100 -0.19319300 -0.63237400 0.21299000 0.74480600
0.08474800 0.04667400 -0.02738100 -0.57980300 0.49142500 -0.64986800 -0.49563700 -0.84580200 -0.19738800 -0.64666200 0.20765300 0.73396700
0.08471000 0.04665300 -0.02754000 -0.57981900 0.48345600 -0.65580300 -0.48656800 -0.85108800 -0.19722800 -0.65349800 0.20473600 0.72871200
0.08459300 0.04660300 -0.02785200 -0.57481500 0.47709400 -0.66480600 -0.47796200 -0.85519800 -0.20046500 -0.66418200 0.20252200 0.71961400
0.08442100 0.04654200 -0.02818600 -0.56833700 0.47143800 -0.67434200 -0.46246600 -0.86089500 -0.21209200 -0.68052700 0.19132100 0.70730300
0.08431900 0.04649100 -0.02836300 -0.56343700 0.47054400 -0.67906300 -0.45732100 -0.86217400 -0.21797500 -0.68803700 0.18773400 0.70097000
0.08408800 0.04632400 -0.02874100 -0.55404400 0.46744600 -0.68886000 -0.44766800 -0.86493900 -0.22687500 -0.70187400 0.18268200 0.68847500
0.08377500 0.04609600 -0.02911000 -0.54842000 0.46545100 -0.69468600 -0.43849100 -0.86745600 -0.23504200 -0.71201100 0.17571200 0.67982600
0.08339000 0.04583200 -0.02944000 -0.53786300 0.46818600 -0.70107300 -0.43274300 -0.86701800 -0.24700600 -0.72348800 0.17052900 0.66894200
0.08316600 0.04568900 -0.02958700 -0.53142500 0.47376100 -0.70223700 -0.43193700 -0.86466800 -0.25647100 -0.72870800 0.16702700 0.66414200
0.08267400 0.04536200 -0.02985700 -0.51246900 0.48916300 -0.70575700 -0.42890100 -0.85783400 -0.28313100 -0.74392000 0.15760400 0.64941600
0.08214800 0.04503700 -0.03006600 -0.49925200 0.50084800 -0.70703400 -0.42961100 -0.85172800 -0.29998800 -0.75245000 0.15398100 0.64039700
0.08155600 0.04474600 -0.03023800 -0.49253700 0.50741800 -0.70706000 -0.43182600 -0.84786400 -0.30765500 -0.75560100 0.15379500 0.63672000
0.08124900 0.04462800 -0.03031700 -0.48955400 0.50997700 -0.70728900 -0.43158500 -0.84652700 -0.31164800 -0.75767300 0.15268700 0.63452000
0.08061700 0.04442400 -0.03051000 -0.48268700 0.51505900 -0.70832600 -0.42830900 -0.84429200 -0.32205700 -0.76391300 0.14792900 0.62813300
0.08005700 0.04421600 -0.03074700 -0.47791000 0.51839500 -0.70913100 -0.42527200 -0.84291900 -0.32959000 -0.76859800 0.14406000 0.62329900
0.07979100 0.04408900 -0.03088200 -0.47424800 0.52110900 -0.70960000 -0.42358000 -0.84164300 -0.33498600 -0.77179500 0.14170600 0.61987900
0.07928200 0.04379600 -0.03118700 -0.46684600 0.52656600 -0.71047900 -0.42005100 -0.83902300 -0.34582600 -0.77821000 0.13699000 0.61287900
0.07880200 0.04351200 -0.03151900 -0.46154600 0.53030400 -0.71116200 -0.41687900 -0.83728100 -0.35379400 -0.78306200 0.13317700 0.60751700
0.07829300 0.04325900 -0.03189100 -0.45572900 0.53414300 -0.71204000 -0.41247500 -0.83559400 -0.36283000 -0.78878000 0.12834600 0.60112500
0.07801700 0.04315800 -0.03207100 -0.45400800 0.53510300 -0.71241800 -0.41050900 -0.83527800 -0.36577600 -0.79079500 0.12638900 0.59888800
0.07744900 0.04298700 -0.03240600 -0.44528000 0.54121600 -0.71330800 -0.41037500 -0.83140400 -0.37464400 -0.79581100 0.12590200 0.59230900
0.07683500 0.04280100 -0.03266400 -0.43776700 0.54619800 -0.71416200 -0.40472800 -0.82900200 -0.38593900 -0.80284100 0.12009000 0.58397100
0.07651800 0.04267600 -0.03278200 -0.42973300 0.55217500 -0.71444400 -0.40678600 -0.82477700 -0.39276800 -0.80613500 0.12184100 0.57905100
0.07594800 0.04234300 -0.03299100 -0.41716100 0.56166500 -0.71449800 -0.40774300 -0.81827400 -0.40518200 -0.81223200 0.12230500 0.57036700
0.07539600 0.04189700 -0.03320700 -0.40563600 0.56804300 -0.71609000 -0.40491000 -0.81404700 -0.41638200 -0.81945400 0.12105300 0.56021300
0.07511500 0.04163400 -0.03331900 -0.39726700 0.57170700 -0.71786400 -0.40277400 -0.81149400 -0.42337800 -0.82459200 0.12094300 0.55264800
0.07461100 0.04109400 -0.03355100 -0.38374000 0.58003100 -0.71854400 -0.39958600 -0.80579500 -0.43706300 -0.83251000 0.11940100 0.54098800
0.07408500 0.04054200 -0.03379600 -0.36839800 0.58681700 -0.72106000 -0.39628500 -0.80073800 -0.44919400 -0.84097600 0.12026300 0.52753700
0.07355500 0.04003600 -0.03404000 -0.34685400 0.59165100 -0.72776400 -0.39202800 -0.79635700 -0.46057400 -0.85205900 0.12555200 0.50816300
0.07326800 0.03983400 -0.03417200 -0.33054300 0.59333400 -0.73395900 -0.38906900 -0.79418100 -0.46679800 -0.85986300 0.13126400 0.49335900
0.07271500 0.03951900 -0.03446800 -0.30899300 0.57945300 -0.75415900 -0.35358400 -0.80611600 -0.47450400 -0.88289300 0.12004100 0.45396900
0.07229700 0.03922500 -0.03482000 -0.29663600 0.54917000 -0.78129300 -0.27766400 -0.83236900 -0.47965000 -0.91373300 0.07465500 0.39939500
0.07216300 0.03904500 -0.03501700 -0.28937600 0.53093000 -0.79647600 -0.23009700 -0.84626000 -0.48051700 -0.92914700 0.04421700 0.36705300
0.07202500 0.03855100 -0.03541800 -0.26039100 0.50290600 -0.82418500 -0.13460900 -0.86420500 -0.48479800 -0.95607300 -0.01529500 0.29272700
0.07177800 0.03798200 -0.03565400 -0.22429500 0.48839000 -0.84330600 -0.05582300 -0.87037300 -0.48921700 -0.97292000 -0.06265400 0.22248300
0.07138400 0.03748000 -0.03578900 -0.20987900 0.46296100 -0.86117100 0.01487500 -0.87917500 -0.47626500 -0.97761300 -0.11276900 0.17763400
0.07112700 0.03728500 -0.03578900 -0.19789500 0.45139600 -0.87010200 0.02420600 -0.88513600 -0.46470000 -0.97992400 -0.11302400 0.16423800
0.07047000 0.03708100 -0.03570700 -0.18096600 0.43251100 -0.88328000 0.02997000 -0.89526600 -0.44452000 -0.98303200 -0.10691500 0.14905100
0.06968200 0.03711800 -0.03560000 -0.16986300 0.42368900 -0.88973700 0.03639700 -0.89954500 -0.43530800 -0.98479400 -0.10632600 0.13737800
0.06929600 0.03717200 -0.03556700 -0.16474000 0.42395800 -0.89057200 0.04742200 -0.89846000 -0.43648600 -0.98519600 -0.11414000 0.12790700
0.06858100 0.03719100 -0.03553900 -0.15065800 0.41806900 -0.89583400 0.06525700 -0.89999500 -0.43098500 -0.98642900 -0.12339100 0.10831000
0.06801000 0.03702700 -0.03563500 -0.13097400 0.40370000 -0.90546700 0.10057600 -0.90321200 -0.41724300 -0.98627100 -0.14571600 0.07769500
0.06783400 0.03686600 -0.03572800 -0.11667800 0.39751400 -0.91014700 0.11830200 -0.90431900 -0.41013400 -0.98609800 -0.15552600 0.05848800
0.06755800 0.03648800 -0.03597600 -0.07951100 0.39074700 -0.91705700 0.13078500 -0.90792800 -0.39819600 -0.98821600 -0.15159900 0.02108600
0.06722900 0.03616200 -0.03632700 -0.05040900 0.38305300 -0.92234900 0.13135700 -0.91295800 -0.38633100 -0.99005200 -0.14063200 -0.00429600
0.06665400 0.03594300 -0.03661700 -0.03502900 0.36671500 -0.92967300 0.11421600 -0.92268000 -0.36826100 -0.99283700 -0.11908300 -0.00956400
0.06626500 0.03587600 -0.03672700 -0.03084200 0.35684600 -0.93365300 0.09140600 -0.92917700 -0.35815500 -0.99533500 -0.09638800 -0.00396000
0.06541200 0.03577000 -0.03688500 -0.02161800 0.34759300 -0.93739500 0.05198200 -0.93595500 -0.34825800 -0.99841300 -0.05625600 0.00216500
0.06456800 0.03569200 -0.03702300 -0.01195300 0.34081500 -0.94005300 0.02394400 -0.93975400 -0.34101100 -0.99964100 -0.02658500 0.00307200
0.06372000 0.03565900 -0.03718400 -0.00633700 0.33602300 -0.94183100 0.00221800 -0.94184400 -0.33604200 -0.99997600 -0.00421900 0.00522300
0.06333900 0.03567400 -0.03730200 -0.00024200 0.33631200 -0.94174900 0.00368100 -0.94174300 -0.33631100 -0.99999200 -0.00354800 -0.00101000
0.06272600 0.03576500 -0.03762600 0.02397000 0.34782300 -0.93725300 0.00255400 -0.93754100 -0.34786400 -0.99970900 0.00594400 -0.02336100
0.06230300 0.03590300 -0.03804600 0.05703300 0.35136600 -0.93449900 0.00095600 -0.93604100 -0.35188800 -0.99837100 0.01917600 -0.05372100
0.06216600 0.03597600 -0.03829000 0.07157700 0.34696400 -0.93514200 0.00211800 -0.93759800 -0.34771300 -0.99743200 0.02290700 -0.06784500
0.06195900 0.03619700 -0.03887200 0.10679800 0.33527000 -0.93604800 -0.00663000 -0.94117200 -0.33786100 -0.99425800 0.04228900 -0.09829300
0.06173800 0.03651300 -0.03950300 0.13550700 0.32355800 -0.93645400 -0.01547900 -0.94436500 -0.32853100 -0.99065500 0.05901300 -0.12296000
0.06162000 0.03665900 -0.03982000 0.14639700 0.31861700 -0.93650900 -0.02383300 -0.94529800 -0.32533300 -0.98893800 0.06994700 -0.13079500
0.06134300 0.03683500 -0.04042200 0.15271200 0.31302600 -0.93738600 -0.04033700 -0.94574600 -0.32239000 -0.98744600 0.08704400 -0.13180100
0.06103100 0.03680500 -0.04095200 0.15591800 0.30559800 -0.93930700 -0.05594800 -0.94667800 -0.31728300 -0.98618300 0.10202300 -0.13050700
0.06067100 0.03668400 -0.04141600 0.15839300 0.30876400 -0.93785600 -0.05388700 -0.94572800 -0.32045700 -0.98590400 0.10129700 -0.13315900
0.06045800 0.03659300 -0.04160300 0.16186300 0.31441000 -0.93538500 -0.05246100 -0.94380300 -0.32631700 -0.98541700 0.10189000 -0.13627300
0.05997100 0.03632900 -0.04193600 0.17175200 0.32503500 -0.92997400 -0.05000600 -0.93990800 -0.33774300 -0.98386900 0.10451200 -0.14517800
0.05944000 0.03600100 -0.04223500 0.17997800 0.33304200 -0.92557500 -0.04824300 -0.93681900 -0.34646800 -0.98248600 0.10700900 -0.15254100
0.05917100 0.03581800 -0.04238200 0.18317600 0.33395200 -0.92461900 -0.04781200 -0.93639400 -0.34767700 -0.98191600 0.10789500 -0.15555800
0.05864600 0.03546500 -0.04267200 0.19230000 0.33491400 -0.92241600 -0.04749400 -0.93568200 -0.34963200 -0.98018600 0.11104300 -0.16402500
0.05815800 0.03515200 -0.04299400 0.20699600 0.33302700 -0.91991500 -0.04741800 -0.93576000 -0.34943300 -0.97719100 0.11595200 -0.17790800
0.05775400 0.03492200 -0.04329500 0.21587300 0.33054800 -0.91876800 -0.03691700 -0.93751900 -0.34596800 -0.97572200 0.10860300 -0.19018300
0.05755600 0.03483800 -0.04339700 0.22001800 0.32714300 -0.91900400 -0.03747800 -0.93855900 -0.34307700 -0.97477500 0.10992500 -0.19424000
0.05717000 0.03473600 -0.04353000 0.21859000 0.32446300 -0.92029400 -0.03829500 -0.93952200 -0.34033800 -0.97506400 0.10963800 -0.19294500
0.05685700 0.03466300 -0.04358700 0.21674800 0.32137600 -0.92181100 -0.03909100 -0.94064400 -0.33713300 -0.97544400 0.10910800 -0.19132000
0.05673100 0.03464700 -0.04360400 0.21728000 0.32235600 -0.92134400 -0.03904400 -0.94026900 -0.33818500 -0.97532700 0.10945400 -0.19171600
0.05658000 0.03462900 -0.04361100 0.21591400 0.32464300 -0.92086200 -0.02792200 -0.94066900 -0.33817300 -0.97601300 0.09872900 -0.19403900
0.05652600 0.03464000 -0.04360500 0.21757000 0.32583200 -0.92005200 -0.02802500 -0.94015900 -0.33958100 -0.97564200 0.09966700 -0.19541900
0.05652300 0.03463700 -0.04361300 0.21629000 0.32603000 -0.92028300 -0.01728100 -0.94116900 -0.33749100 -0.97617500 0.08890000 -0.19793200
0.05654000 0.03462000 -0.04363500 0.21713600 0.32796800 -0.91939500 -0.01707800 -0.94044600 -0.33951100 -0.97599100 0.08942100 -0.19860400
0.05658900 0.03463100 -0.04377600 0.21906400 0.32717100 -0.91922200 -0.00597700 -0.94163700 -0.33657400 -0.97569100 0.07922600 -0.20432300
0.05664200 0.03467400 -0.04402800 0.22779900 0.32690100 -0.91719300 0.00557700 -0.94238100 -0.33449400 -0.97369100 0.07108200 -0.21649700
0.05665600 0.03472200 -0.04419900 0.23276200 0.32832500 -0.91543600 0.01172200 -0.94216900 -0.33493200 -0.97246200 0.06722800 -0.22315100
0.05665800 0.03486100 -0.04460400 0.23665000 0.32848500 -0.91438100 0.02935300 -0.94310100 -0.33120600 -0.97115000 0.05154000 -0.23282700
0.05662000 0.03504000 -0.04503700 0.24284900 0.32684400 -0.91334300 0.04150800 -0.94416800 -0.32683800 -0.96917500 0.04146100 -0.24285700
0.05660800 0.03522100 -0.04547500 0.24987700 0.32763900 -0.91116000 0.07014600 -0.94466400 -0.32045000 -0.96573300 0.01615900 -0.25903300
0.05661300 0.03529800 -0.04566300 0.25387400 0.32833100 -0.90980500 0.08667900 -0.94456000 -0.31668600 -0.96334400 0.00153700 -0.26825900
0.05665200 0.03543200 -0.04598100 0.26753100 0.32995900 -0.90529100 0.10870800 -0.94387600 -0.31189700 -0.95739600 -0.01497000 -0.28838600
0.05666600 0.03554900 -0.04621500 0.27492300 0.33177000 -0.90241000 0.13038100 -0.94277200 -0.30688800 -0.95258400 -0.03328600 -0.30244700
0.05666200 0.03558900 -0.04632700 0.27778100 0.33163600 -0.90158300 0.13583000 -0.94265000 -0.30489200 -0.95099200 -0.03776900 -0.30689800
0.05662900 0.03551500 -0.04651800 0.28634100 0.33425800 -0.89793000 0.14087100 -0.94167400 -0.30562000 -0.94771400 -0.03898100 -0.31672800
0.05659400 0.03523900 -0.04669300 0.29101500 0.34529100 -0.89223500 0.15192200 -0.93744400 -0.31323600 -0.94457800 -0.04439400 -0.32526800
0.05656200 0.03482800 -0.04689100 0.29288400 0.35991100 -0.88582300 0.15822700 -0.93192000 -0.32632500 -0.94296400 -0.04458600 -0.32989300
0.05654100 0.03460000 -0.04700000 0.29258200 0.36720200 -0.88292500 0.16408300 -0.92891400 -0.33195500 -0.94205700 -0.04774900 -0.33203600
0.05647000 0.03416700 -0.04727600 0.29538500 0.37669600 -0.87797800 0.16494900 -0.92529300 -0.34150200 -0.94103000 -0.04394700 -0.33545400
0.05634100 0.03377400 -0.04756500 0.29308500 0.38647100 -0.87449400 0.17636200 -0.92081800 -0.34783600 -0.93967900 -0.05228200 -0.33803700
0.05625900 0.03357700 -0.04771200 0.29223200 0.39261200 -0.87204000 0.18215600 -0.91800300 -0.35226200 -0.93883900 -0.05590600 -0.33978700
0.05609200 0.03320600 -0.04799000 0.29697900 0.39636400 -0.86873300 0.18715400 -0.91629500 -0.35408500 -0.93636300 -0.05743200 -0.34630200
0.05591500 0.03294600 -0.04823200 0.30284800 0.39498100 -0.86733600 0.18606700 -0.91706600 -0.35265900 -0.93469800 -0.05458000 -0.35122500
0.05579100 0.03284800 -0.04841300 0.30387200 0.39533600 -0.86681600 0.19587700 -0.91632700 -0.34925000 -0.93235800 -0.06366200 -0.35588400
0.05575000 0.03285500 -0.04846400 0.30653000 0.39397300 -0.86650000 0.19550900 -0.91697300 -0.34775800 -0.93156500 -0.06281000 -0.35810600
0.05569300 0.03296600 -0.04856000 0.30902800 0.39199800 -0.86650900 0.19515100 -0.91785400 -0.34562800 -0.93081500 -0.06229200 -0.36014200
0.05570900 0.03306900 -0.04863000 0.30884500 0.39092600 -0.86705800 0.19530300 -0.91826600 -0.34444700 -0.93084400 -0.06295800 -0.35995100
0.05571900 0.03309300 -0.04864300 0.30863100 0.39003000 -0.86753800 0.19511400 -0.91862800 -0.34358700 -0.93095400 -0.06322700 -0.35961800
0.05574200 0.03310900 -0.04866800 0.30544600 0.38986100 -0.86874000 0.19531500 -0.91859400 -0.34356200 -0.93196200 -0.06473800 -0.35672800
0.05573800 0.03311500 -0.04867100 0.30529000 0.38880400 -0.86926800 0.19503800 -0.91902600 -0.34256200 -0.93207100 -0.06496000 -0.35640200
0.05572200 0.03314400 -0.04868800 0.30502300 0.38764200 -0.86988100 0.19476800 -0.91949500 -0.34145700 -0.93221500 -0.06527400 -0.35596800
0.05572600 0.03317000 -0.04871200 0.30567700 0.38982100 -0.86867700 0.19500900 -0.91863800 -0.34362000 -0.93195100 -0.06436400 -0.35682500
0.05578600 0.03328700 -0.04882600 0.30873900 0.38873600 -0.86808000 0.19543500 -0.91912000 -0.34208400 -0.93085100 -0.06403900 -0.35974100
0.05601200 0.03349100 -0.04904600 0.31246100 0.38835000 -0.86692000 0.19645300 -0.91930300 -0.34100800 -0.92939400 -0.06375700 -0.36354000
0.05619000 0.03362900 -0.04917200 0.31576900 0.38763100 -0.86604300 0.19685100 -0.91964700 -0.33984900 -0.92819000 -0.06316800 -0.36670300
0.05659900 0.03399600 -0.04944500 0.31951300 0.38754300 -0.86470800 0.19856700 -0.91966400 -0.33880200 -0.92654200 -0.06345100 -0.37079900
0.05697300 0.03439700 -0.04973400 0.32024200 0.38769400 -0.86437100 0.20066600 -0.91948000 -0.33806600 -0.92583800 -0.06518700 -0.37225300
0.05713000 0.03460300 -0.04988700 0.32063600 0.38745100 -0.86433400 0.20169600 -0.91951200 -0.33736400 -0.92547800 -0.06616200 -0.37297700
0.05738000 0.03494900 -0.05018500 0.32359100 0.38587500 -0.86393700 0.20324400 -0.92009600 -0.33483300 -0.92411000 -0.06724100 -0.37616200
0.05748300 0.03521900 -0.05044800 0.32436100 0.38432700 -0.86433900 0.20409400 -0.92065400 -0.33277700 -0.92365200 -0.06846700 -0.37706400
0.05747800 0.03534400 -0.05065400 0.33030000 0.38156300 -0.86331300 0.20404700 -0.92188400 -0.32938300 -0.92155500 -0.06736200 -0.38235600
0.05745500 0.03534800 -0.05074900 0.33360800 0.38025300 -0.86261900 0.20372600 -0.92249800 -0.32785900 -0.92043500 -0.06636100 -0.38522100
0.05739900 0.03523500 -0.05091800 0.34364300 0.37613300 -0.86048400 0.20207900 -0.92443800 -0.32338600 -0.91710000 -0.06275700 -0.39368500
0.05734600 0.03499300 -0.05109700 0.35161100 0.37750700 -0.85665400 0.20575700 -0.92387400 -0.32267700 -0.91325400 -0.06280600 -0.40251900
0.05730400 0.03484500 -0.05119400 0.35502600 0.38041000 -0.85395700 0.21067800 -0.92252300 -0.32336600 -0.91080700 -0.06510700 -0.40766400
0.05720700 0.03455500 -0.05140200 0.36298100 0.38870500 -0.84684800 0.21038700 -0.91955400 -0.33189900 -0.90773400 -0.05769300 -0.41555900
0.05712600 0.03423200 -0.05164000 0.36274500 0.39945700 -0.84193200 0.21682400 -0.91485100 -0.34063600 -0.90631200 -0.05898700 -0.41847000
0.05700100 0.03393000 -0.05183600 0.36239100 0.39842900 -0.84257100 0.21641600 -0.91528400 -0.33973300 -0.90655200 -0.05923000 -0.41791700
0.05693700 0.03382700 -0.05190400 0.36213900 0.39757000 -0.84308500 0.21606400 -0.91564600 -0.33897900 -0.90673600 -0.05940300 -0.41749300
0.05681200 0.03372600 -0.05198500 0.35893300 0.39738800 -0.84454000 0.21614600 -0.91562800 -0.33897500 -0.90799000 -0.06087400 -0.41454400
0.05668500 0.03373300 -0.05197800 0.35868900 0.39592900 -0.84532900 0.21562300 -0.91624100 -0.33764900 -0.90821100 -0.06116100 -0.41401800
0.05664900 0.03376000 -0.05196000 0.35855700 0.39541800 -0.84562400 0.21542000 -0.91645500 -0.33719800 -0.90831100 -0.06126000 -0.41378300
0.05660500 0.03377700 -0.05191300 0.35885900 0.39689900 -0.84480200 0.21508100 -0.91589400 -0.33893500 -0.90827200 -0.06007100 -0.41404200
0.05659700 0.03375200 -0.05185700 0.35851700 0.39606000 -0.84534000 0.21448200 -0.91626000 -0.33832300 -0.90854800 -0.06001500 -0.41344400
0.05655200 0.03377400 -0.05176900 0.35500600 0.39531300 -0.84717000 0.21399900 -0.91649800 -0.33798700 -0.91004000 -0.06130600 -0.40995900
0.05651000 0.03382500 -0.05174100 0.35217300 0.39548200 -0.84827300 0.21414100 -0.91634400 -0.33831400 -0.91110700 -0.06250400 -0.40740100
0.05644300 0.03390600 -0.05169900 0.34923900 0.39608700 -0.84920300 0.21468000 -0.91598300 -0.33894700 -0.91210900 -0.06393400 -0.40493000
0.05636600 0.03393600 -0.05167500 0.34926600 0.39531800 -0.84955100 0.21452300 -0.91630200 -0.33818500 -0.91213600 -0.06413200 -0.40483800
0.05632100 0.03393400 -0.05167800 0.34918400 0.39494300 -0.84975800 0.21436500 -0.91646000 -0.33785700 -0.91220400 -0.06418500 -0.40467600
0.05623000 0.03393400 -0.05167500 0.35101400 0.39154500 -0.85057600 0.20832100 -0.91826500 -0.33673500 -0.91290200 -0.05899400 -0.40389100
0.05609900 0.03399800 -0.05165300 0.34869000 0.39047000 -0.85202500 0.20788600 -0.91865800 -0.33592900 -0.91389100 -0.05998900 -0.40150100
0.05592200 0.03409800 -0.05159500 0.34533100 0.39006500 -0.85357700 0.20794100 -0.91872600 -0.33570900 -0.91515300 -0.06156300 -0.39837600
0.05584200 0.03413400 -0.05157200 0.34242200 0.39084000 -0.85439400 0.20839600 -0.91831200 -0.33655900 -0.91614200 -0.06280700 -0.39590000
0.05571100 0.03414900 -0.05154800 0.33893000 0.39181000 -0.85534200 0.20916100 -0.91778100 -0.33753200 -0.91726600 -0.06450400 -0.39301600
0.05568900 0.03415500 -0.05155700 0.33215900 0.39436100 -0.85682400 0.21050400 -0.91648300 -0.34021500 -0.91943300 -0.06735900 -0.38743300
0.05570100 0.03416800 -0.05154800 0.32793000 0.39613300 -0.85763600 0.21145600 -0.91558200 -0.34204400 -0.92073100 -0.06918600 -0.38401200
0.05572500 0.03419400 -0.05150400 0.31395900 0.40195000 -0.86015400 0.21434600 -0.91258000 -0.34821100 -0.92492400 -0.07504700 -0.37267000
0.05571700 0.03423900 -0.05143000 0.29612600 0.40763000 -0.86379700 0.20785600 -0.91018700 -0.35826400 -0.93225700 -0.07345400 -0.35425900
0.05569100 0.03428800 -0.05140300 0.29219100 0.40631500 -0.86575500 0.18886400 -0.91194800 -0.36425200 -0.93752500 -0.05707900 -0.34320200
0.05562700 0.03441500 -0.05131700 0.27939600 0.40833500 -0.86902200 0.15208600 -0.91246000 -0.37984900 -0.94805400 -0.02603800 -0.31704000
0.05559300 0.03460800 -0.05120200 0.25784000 0.42018900 -0.87003300 0.13775500 -0.90726900 -0.39734700 -0.95631600 -0.01740000 -0.29181400
0.05558400 0.03483800 -0.05104900 0.23705600 0.43370500 -0.86931200 0.13817400 -0.90077300 -0.41172200 -0.96161900 -0.02251500 -0.27346100
0.05560300 0.03493700 -0.05094400 0.22965200 0.43573300 -0.87028400 0.13957600 -0.89968500 -0.41362200 -0.96321200 -0.02648200 -0.26743300
0.05566100 0.03511700 -0.05075100 0.22586000 0.43768500 -0.87029700 0.14035400 -0.89868200 -0.41553600 -0.96399500 -0.02829700 -0.26440800
0.05573400 0.03526500 -0.05061700 0.22455300 0.43363000 -0.87266200 0.13924800 -0.90062100 -0.41169200 -0.96446100 -0.02907000 -0.26262000
0.05578300 0.03531800 -0.05057300 0.22428500 0.43281200 -0.87313700 0.13890300 -0.90101400 -0.41094900 -0.96457300 -0.02911100 -0.26220200
0.05588100 0.03536700 -0.05054300 0.22376600 0.43123400 -0.87405100 0.13835000 -0.90176300 -0.40948800 -0.96477300 -0.02929600 -0.26144500
0.05594300 0.03536500 -0.05055400 0.22020800 0.43067400 -0.87523000 0.13806500 -0.90198300 -0.40910100 -0.96563200 -0.03075200 -0.25808500
0.05594700 0.03534900 -0.05056000 0.21756500 0.42955300 -0.87644100 0.13289200 -0.90262500 -0.40939800 -0.96695600 -0.02740200 -0.25346400
0.05594800 0.03534200 -0.05057100 0.21430500 0.43053100 -0.87676400 0.12805100 -0.90225500 -0.41175000 -0.96833600 -0.02403100 -0.24848800
0.05596000 0.03536700 -0.05060800 0.20817800 0.43550300 -0.87578400 0.11443100 -0.90009700 -0.42039200 -0.97137300 -0.01270000 -0.23721700
0.05598700 0.03538700 -0.05061200 0.19949800 0.43928600 -0.87591500 0.09572300 -0.89834500 -0.42873300 -0.97521100 0.00168700 -0.22126800
0.05600100 0.03539200 -0.05060700 0.19576200 0.44135900 -0.87571600 0.08641600 -0.89728400 -0.43291100 -0.97683600 0.00907100 -0.21379500
0.05609200 0.03538800 -0.05060200 0.18413600 0.44853200 -0.87459200 0.07336600 -0.89359700 -0.44283200 -0.98015800 0.01737700 -0.19745100
0.05618500 0.03541000 -0.05057800 0.16955300 0.45705300 -0.87312800 0.06043300 -0.88911000 -0.45368400 -0.98366600 0.02415800 -0.17837300
0.05631500 0.03542600 -0.05054600 0.15787900 0.46567700 -0.87075700 0.03870800 -0.88405700 -0.46577200 -0.98669900 0.03983000 -0.15760000
0.05639200 0.03543800 -0.05053500 0.15085700 0.47085100 -0.86921800 0.03344700 -0.88120800 -0.47154200 -0.98798800 0.04206300 -0.14868600
0.05658300 0.03545000 -0.05048500 0.14146800 0.47756800 -0.86713000 0.03012200 -0.87761000 -0.47842600 -0.98948400 0.04156300 -0.13853900
0.05677300 0.03547000 -0.05043000 0.13545400 0.48115200 -0.86610800 0.02576100 -0.87558000 -0.48238500 -0.99044800 0.04302900 -0.13099600
0.05683700 0.03551000 -0.05039500 0.13127600 0.48301500 -0.86571400 0.02596700 -0.87464800 -0.48406200 -0.99100500 0.04106600 -0.12736400
0.05695200 0.03560500 -0.05030300 0.12581800 0.48616100 -0.86476300 0.02137700 -0.87281700 -0.48757800 -0.99182200 0.04286000 -0.12020900
0.05703300 0.03568800 -0.05020300 0.12279000 0.48775600 -0.86430000 0.01662600 -0.87177900 -0.48961500 -0.99229200 0.04575000 -0.11515500
0.05710600 0.03575100 -0.05008000 0.12023100 0.48806200 -0.86448700 0.01638900 -0.87166200 -0.48983300 -0.99261000 0.04472400 -0.11280000
0.05713800 0.03576300 -0.05002300 0.11993400 0.48758000 -0.86480100 0.01606600 -0.87192700 -0.48937000 -0.99265100 0.04479900 -0.11240800
0.05720800 0.03575000 -0.04989100 0.11626100 0.48791600 -0.86511200 0.01535400 -0.87179800 -0.48962300 -0.99309900 0.04364100 -0.10884800
0.05732900 0.03571300 -0.04981100 0.11336000 0.48970200 -0.86448800 0.01010800 -0.87062000 -0.49185000 -0.99350100 0.04701800 -0.10364400
0.05742400 0.03569400 -0.04978400 0.10972600 0.49203500 -0.86363200 0.01035900 -0.86939700 -0.49400400 -0.99390700 0.04525900 -0.10049300
0.05765700 0.03569900 -0.04975200 0.10353800 0.49624500 -0.86198500 0.01101900 -0.86716200 -0.49790200 -0.99456300 0.04205300 -0.09525300
0.05793900 0.03574200 -0.04972200 0.09720500 0.50161400 -0.85961200 0.00675900 -0.86401500 -0.50341900 -0.99524000 0.04312500 -0.08737800
0.05826300 0.03578000 -0.04968400 0.08558500 0.51012800 -0.85582900 0.00283200 -0.85910100 -0.51179600 -0.99632600 0.04137800 -0.07497100
0.05841600 0.03580200 -0.04967200 0.07834900 0.51560100 -0.85323800 -0.00154600 -0.85580500 -0.51729400 -0.99692400 0.04184800 -0.06625500
0.05875800 0.03577100 -0.04966700 0.05927700 0.52999300 -0.84592700 -0.00996800 -0.84706000 -0.53140200 -0.99819100 0.03993100 -0.04492800
0.05911700 0.03564600 -0.04965900 0.04319900 0.54730200 -0.83581900 -0.01775900 -0.83604700 -0.54836900 -0.99890800 0.03853200 -0.02639700
0.05929500 0.03556600 -0.04964300 0.03819400 0.55309700 -0.83224000 -0.02228900 -0.83216900 -0.55407300 -0.99902100 0.03971200 -0.01945600
0.05962100 0.03542100 -0.04957600 0.02875600 0.56138900 -0.82705100 -0.02695800 -0.82665700 -0.56205900 -0.99922200 0.03845800 -0.00863800
0.05987300 0.03538000 -0.04955000 0.02179100 0.56498800 -0.82481000 -0.02677500 -0.82438000 -0.56540100 -0.99940300 0.03440500 -0.00283700
0.06008900 0.03537700 -0.04957800 0.01965200 0.56520400 -0.82471600 -0.02682400 -0.82428000 -0.56554500 -0.99944600 0.03323500 -0.00103800
0.06015600 0.03538700 -0.04960600 0.01679100 0.56529700 -0.82471600 -0.02675300 -0.82428300 -0.56554500 -0.99950000 0.03155900 0.00128300
0.06027000 0.03537700 -0.04968300 0.01231000 0.56948300 -0.82191000 -0.03650900 -0.82116800 -0.56951600 -0.99925700 0.03701800 0.01068200
0.06036000 0.03534800 -0.04974300 0.00311700 0.57596900 -0.81746500 -0.05145600 -0.81629400 -0.57533900 -0.99867000 0.04385700 0.02709200
0.06040900 0.03533300 -0.04976300 -0.00114100 0.58008500 -0.81455400 -0.05652200 -0.81329000 -0.57910500 -0.99840000 0.04537900 0.03371500
0.06051400 0.03529600 -0.04978600 -0.00527100 0.58563000 -0.81056000 -0.06589300 -0.80901300 -0.58408400 -0.99781200 0.05033100 0.04285300
0.06063100 0.03525900 -0.04983300 -0.00757000 0.58834700 -0.80857200 -0.07036900 -0.80690400 -0.58647500 -0.99749100 0.05245800 0.04750900
0.06067300 0.03523000 -0.04986900 -0.00286600 0.58908200 -0.80806700 -0.07960600 -0.80564000 -0.58703100 -0.99682200 0.06264500 0.04920400
0.06076800 0.03511200 -0.04999900 0.00114500 0.59232700 -0.80569600 -0.09468200 -0.80201300 -0.58975300 -0.99550600 0.07696000 0.05516400
0.06082200 0.03495800 -0.05025800 0.01477800 0.59987000 -0.79996000 -0.13626900 -0.79137500 -0.59594900 -0.99056100 0.11781700 0.07004900
0.06088100 0.03475600 -0.05063300 0.02433100 0.61348900 -0.78932700 -0.17905000 -0.77412000 -0.60718900 -0.98353800 0.15610200 0.09101000
0.06092000 0.03460500 -0.05084200 0.02458500 0.62328400 -0.78160800 -0.19694200 -0.76350300 -0.61504100 -0.98010600 0.16905200 0.10398000
0.06101900 0.03421600 -0.05128400 0.02552600 0.64724800 -0.76185100 -0.23497700 -0.73686200 -0.63389200 -0.97166500 0.19519800 0.13327900
0.06113900 0.03371200 -0.05163100 0.01250400 0.67561200 -0.73715000 -0.26478800 -0.70865300 -0.65398600 -0.96422500 0.20336600 0.17003300
0.06120200 0.03344500 -0.05175200 0.00310200 0.68996400 -0.72383600 -0.28780500 -0.69259700 -0.66142000 -0.95768300 0.21037500 0.19642700
0.06131000 0.03302400 -0.05186200 -0.01606400 0.72388900 -0.68972800 -0.33235600 -0.65445900 -0.67913300 -0.94301600 0.21832600 0.25110200
0.06145100 0.03278600 -0.05182700 -0.03643200 0.75692500 -0.65248500 -0.37707100 -0.61506800 -0.69246500 -0.92546700 0.22080500 0.30782300
0.06157700 0.03279100 -0.05167500 -0.05867500 0.78283700 -0.61945300 -0.41717600 -0.58297000 -0.69721600 -0.90692900 0.21751200 0.36078700
0.06163600 0.03286300 -0.05156900 -0.06978600 0.79184200 -0.60672500 -0.43389600 -0.57175600 -0.69629600 -0.89825500 0.21466400 0.38347700
0.06176200 0.03308200 -0.05132400 -0.09057900 0.80707300 -0.58346100 -0.46977000 -0.55121900 -0.68954500 -0.87812900 0.21163400 0.42906800
0.06188100 0.03334400 -0.05115400 -0.10225400 0.82171600 -0.56064700 -0.49648900 -0.53054100 -0.68703900 -0.86199800 0.20810300 0.46222400
0.06193500 0.03343600 -0.05110200 -0.10840300 0.82705100 -0.55157400 -0.50841700 -0.52291500 -0.68415700 -0.85425900 0.20626500 0.47717300
0.06204100 0.03354300 -0.05102700 -0.11990600 0.83853200 -0.53149200 -0.52760700 -0.50731900 -0.68136400 -0.84098300 0.19872000 0.50324600
0.06216500 0.03350900 -0.05099300 -0.12934800 0.85186600 -0.50753500 -0.53922500 -0.48996800 -0.68495700 -0.83216800 0.18507800 0.52272400
0.06228500 0.03338600 -0.05099500 -0.14492700 0.86444300 -0.48138600 -0.55188500 -0.47443400 -0.68580900 -0.82122900 0.16627800 0.54583100
0.06234300 0.03333000 -0.05099000 -0.15241400 0.87142800 -0.46624200 -0.55688900 -0.46545600 -0.68791300 -0.81648200 0.15479700 0.55623100
0.06240500 0.03327000 -0.05098700 -0.16163700 0.88358000 -0.43949800 -0.56847300 -0.44740700 -0.69040900 -0.80666700 0.13824700 0.57460800
0.06240500 0.03328900 -0.05098600 -0.16351600 0.89233000 -0.42072300 -0.58183900 -0.43162600 -0.68931900 -0.79669600 0.13207900 0.58977000
0.06240500 0.03329500 -0.05100000 -0.16870100 0.89419100 -0.41468200 -0.58564000 -0.42933200 -0.68753100 -0.79282100 0.12686800 0.59610300
0.06237600 0.03331800 -0.05105100 -0.17754400 0.89778100 -0.40307100 -0.59102000 -0.42476200 -0.68576300 -0.78687500 0.11647000 0.60602000
0.06234600 0.03327600 -0.05111100 -0.17974900 0.90143500 -0.39383300 -0.59635800 -0.41825200 -0.68514300 -0.78233400 0.11171200 0.61275800
0.06235300 0.03316100 -0.05119500 -0.18438500 0.90603900 -0.38091100 -0.60281200 -0.41035200 -0.68427100 -0.77628500 0.10344900 0.62183400
0.06234900 0.03310900 -0.05124300 -0.18968100 0.90809400 -0.37334300 -0.60499600 -0.40758200 -0.68400000 -0.77330400 0.09612900 0.62670400
0.06232300 0.03301700 -0.05131300 -0.19421500 0.91361000 -0.35720500 -0.61221500 -0.39740500 -0.68356400 -0.76646700 0.08592700 0.63650800
0.06227000 0.03295400 -0.05135000 -0.19139700 0.91983900 -0.34243400 -0.62140400 -0.38361900 -0.68314900 -0.75975200 0.08203700 0.64501500
0.06224700 0.03292600 -0.05137100 -0.19491500 0.92036000 -0.33903500 -0.62431100 -0.38301700 -0.68083200 -0.75646700 0.07895900 0.64924600
0.06221500 0.03287900 -0.05143400 -0.19303700 0.92187100 -0.33598900 -0.62730600 -0.37925800 -0.68018300 -0.75446800 0.07946700 0.65150700
0.06217400 0.03281700 -0.05152600 -0.19197400 0.92142600 -0.33781500 -0.62875200 -0.37977200 -0.67855900 -0.75353500 0.08213600 0.65225500
0.06209100 0.03276500 -0.05162500 -0.18859800 0.92112100 -0.34053800 -0.63211800 -0.37924000 -0.67572400 -0.75156900 0.08782000 0.65378100
0.06205100 0.03273700 -0.05167600 -0.18701700 0.92095200 -0.34186400 -0.63374900 -0.37900900 -0.67432400 -0.75059000 0.09054600 0.65453400
0.06197800 0.03266600 -0.05175000 -0.18781000 0.92056500 -0.34247100 -0.63088600 -0.38030200 -0.67627800 -0.75280000 0.08904900 0.65219700
0.06188100 0.03261100 -0.05177900 -0.18664900 0.92004300 -0.34450200 -0.63313200 -0.38078200 -0.67390500 -0.75120200 0.09233100 0.65358200
0.06181000 0.03262100 -0.05177400 -0.18972400 0.91902700 -0.34553200 -0.63263000 -0.38355700 -0.67280200 -0.75085500 0.09094700 0.65417400
0.06163400 0.03267000 -0.05176800 -0.18155700 0.92079800 -0.34520700 -0.63931800 -0.37725400 -0.67003800 -0.74720000 0.09904600 0.65717600
0.06149800 0.03267400 -0.05181800 -0.17538800 0.92017800 -0.35001600 -0.64227500 -0.37639400 -0.66769000 -0.74613700 0.10770200 0.65702200
0.06144700 0.03264400 -0.05186500 -0.17247500 0.92070900 -0.35006500 -0.64186500 -0.37463100 -0.66907400 -0.74716800 0.10929600 0.65558500
0.06138700 0.03252800 -0.05202000 -0.17356700 0.92033400 -0.35051200 -0.64012200 -0.37590400 -0.67002900 -0.74841000 0.10807600 0.65437000
0.06131200 0.03237700 -0.05217000 -0.16829600 0.92040300 -0.35289100 -0.63773400 -0.37464600 -0.67300400 -0.75164500 0.11178700 0.65002400
0.06120700 0.03224500 -0.05227700 -0.16670000 0.92023100 -0.35409800 -0.63959800 -0.37423700 -0.67146100 -0.75041600 0.11454800 0.65096300
0.06112100 0.03221300 -0.05230900 -0.16381400 0.92040800 -0.35498100 -0.64158200 -0.37274600 -0.67039700 -0.74935700 0.11792900 0.65157800
0.06091500 0.03218100 -0.05235500 -0.16044400 0.91975200 -0.35820700 -0.63894800 -0.37339100 -0.67255000 -0.75233100 0.12096900 0.64758200
0.06076800 0.03213600 -0.05240300 -0.15358000 0.92048400 -0.35933500 -0.64322600 -0.36918200 -0.67079300 -0.75011500 0.12811400 0.64877800
0.06071400 0.03210300 -0.05243400 -0.15510100 0.92003300 -0.35983500 -0.64300900 -0.37054200 -0.67025100 -0.74998800 0.12742100 0.64906100
0.06062300 0.03206200 -0.05250300 -0.15256100 0.92019400 -0.36050800 -0.64293300 -0.36944500 -0.67092900 -0.75057300 0.12942500 0.64798700
0.06061000 0.03204200 -0.05256600 -0.15504200 0.91956900 -0.36104400 -0.64054500 -0.37180500 -0.67190900 -0.75210600 0.12709100 0.64667100
0.06066200 0.03202800 -0.05264200 -0.15226000 0.91963700 -0.36205400 -0.64234700 -0.37048500 -0.67091700 -0.75113600 0.13041000 0.64713700
0.06068300 0.03203400 -0.05268000 -0.15387700 0.91913500 -0.36264600 -0.64200100 -0.37199300 -0.67041400 -0.75110300 0.12965800 0.64732600
0.06069600 0.03209400 -0.05276700 -0.15294400 0.91861900 -0.36434300 -0.64336100 -0.37240600 -0.66887900 -0.75012900 0.13210300 0.64796100
0.06070800 0.03216300 -0.05284700 -0.15161200 0.91822100 -0.36589900 -0.64477900 -0.37244800 -0.66748900 -0.74918100 0.13472500 0.64851700
0.06071300 0.03219000 -0.05289600 -0.15352000 0.91761900 -0.36661300 -0.64431800 -0.37425000 -0.66692600 -0.74918900 0.13383000 0.64869400
0.06071400 0.03224300 -0.05300600 -0.15089800 0.91771300 -0.36746700 -0.64389100 -0.37330000 -0.66787000 -0.75008800 0.13582800 0.64723700
0.06072000 0.03227100 -0.05313400 -0.14850300 0.91760800 -0.36870300 -0.64543900 -0.37241000 -0.66687100 -0.74923500 0.13894300 0.64756500
0.06071700 0.03230900 -0.05326800 -0.14610800 0.91749500 -0.36993700 -0.64690700 -0.37152700 -0.66594100 -0.74844000 0.14201600 0.64781700
0.06071300 0.03233200 -0.05332500 -0.14766000 0.91700100 -0.37054600 -0.64648300 -0.37302500 -0.66551500 -0.74850200 0.14128200 0.64790700
0.06071300 0.03237100 -0.05345200 -0.14638300 0.91779300 -0.36908800 -0.64840900 -0.37079900 -0.66488500 -0.74708500 0.14199300 0.64938400
0.06071000 0.03241100 -0.05355900 -0.14907900 0.91690100 -0.37022400 -0.64762200 -0.37346900 -0.66415700 -0.74723500 0.14075300 0.64948200
0.06071500 0.03242300 -0.05360700 -0.14386100 0.91776300 -0.37015300 -0.64783100 -0.37009600 -0.66584000 -0.74807600 0.14400800 0.64779800
0.06073600 0.03243200 -0.05368600 -0.14628200 0.91701900 -0.37104800 -0.64728000 -0.37237100 -0.66510600 -0.74808300 0.14287900 0.64803900
0.06075600 0.03243900 -0.05372900 -0.14364400 0.91705700 -0.37198300 -0.64909200 -0.37104100 -0.66408200 -0.74702300 0.14606100 0.64855300
0.06079600 0.03243000 -0.05375900 -0.14619200 0.91629600 -0.37286400 -0.64874800 -0.37334800 -0.66312600 -0.74682800 0.14495200 0.64902600
0.06082800 0.03242200 -0.05377600 -0.14613500 0.91639900 -0.37263200 -0.64676800 -0.37352700 -0.66495700 -0.74855500 0.14383300 0.64728300
0.06088600 0.03242100 -0.05381200 -0.14935500 0.91666700 -0.37069300 -0.64680100 -0.37413700 -0.66458100 -0.74789000 0.14050600 0.64878100
0.06097600 0.03240900 -0.05385500 -0.14528000 0.91709300 -0.37125800 -0.64885900 -0.37159100 -0.66400400 -0.74691000 0.14442700 0.64904900
0.06102600 0.03239600 -0.05388000 -0.14611500 0.91684500 -0.37154200 -0.64869800 -0.37235200 -0.66373400 -0.74688700 0.14403700 0.64916200
0.06114900 0.03236400 -0.05394300 -0.14273700 0.91708200 -0.37227100 -0.65066000 -0.37037000 -0.66292300 -0.74583300 0.14759800 0.64957400
0.06131400 0.03232000 -0.05402400 -0.14345600 0.91693000 -0.37236800 -0.64859400 -0.37129900 -0.66442600 -0.74749300 0.14620000 0.64798000
0.06146200 0.03228700 -0.05406800 -0.13970700 0.91727700 -0.37293900 -0.65052500 -0.36897500 -0.66383300 -0.74652400 0.14986500 0.64826000
0.06152800 0.03227800 -0.05407200 -0.14073200 0.91699200 -0.37325400 -0.65040400 -0.36987100 -0.66345200 -0.74643700 0.14939700 0.64846800
0.06160500 0.03228800 -0.05405000 -0.14330900 0.91627500 -0.37403200 -0.65013600 -0.37210700 -0.66246300 -0.74617900 0.14823500 0.64903000
0.06161600 0.03231800 -0.05404100 -0.14068300 0.91630600 -0.37495300 -0.65211600 -0.37072200 -0.66129300 -0.74495000 0.15148000 0.64969200
0.06160400 0.03231100 -0.05404000 -0.14072900 0.91636900 -0.37478200 -0.65016700 -0.37102300 -0.66304100 -0.74664400 0.15036200 0.64800700
0.06158200 0.03227500 -0.05404200 -0.14123000 0.91631300 -0.37473100 -0.64825100 -0.37168300 -0.66454600 -0.74821400 0.14906600 0.64649400
0.06158700 0.03224600 -0.05405000 -0.14266900 0.91591200 -0.37516500 -0.64814100 -0.37292200 -0.66395900 -0.74803600 0.14843300 0.64684500
0.06161400 0.03223800 -0.05406700 -0.14446100 0.91539500 -0.37574200 -0.64788700 -0.37451400 -0.66331000 -0.74791200 0.14761600 0.64717500
0.06163600 0.03223100 -0.05407700 -0.14059200 0.91584500 -0.37611200 -0.64988800 -0.37195500 -0.66279200 -0.74691200 0.15124700 0.64749100
0.06165700 0.03222700 -0.05410500 -0.13728000 0.91599000 -0.37698400 -0.65205500 -0.37006200 -0.66172300 -0.74563900 0.15497300 0.64807800
0.06164600 0.03224300 -0.05413100 -0.13842300 0.91570300 -0.37726100 -0.64987400 -0.37143000 -0.66310100 -0.74733000 0.15338300 0.64650600
0.06163300 0.03224500 -0.05414800 -0.13946000 0.91540100 -0.37761100 -0.64969800 -0.37236900 -0.66274600 -0.74729000 0.15290600 0.64666500
0.06159000 0.03224200 -0.05420100 -0.13628200 0.91554600 -0.37842000 -0.65163300 -0.37056200 -0.66185800 -0.74619000 0.15639200 0.64710100
0.06150900 0.03221800 -0.05427600 -0.13326300 0.91563200 -0.37928600 -0.65352900 -0.36889200 -0.66092200 -0.74507700 0.15979800 0.64755200
0.06146300 0.03220800 -0.05433400 -0.13452000 0.91525700 -0.37974700 -0.65323400 -0.37007700 -0.66055100 -0.74511000 0.15920600 0.64766000
0.06135300 0.03218300 -0.05444800 -0.13006100 0.91575500 -0.38009900 -0.65322500 -0.36753800 -0.66197500 -0.74590800 0.16219300 0.64599600
0.06122300 0.03217600 -0.05458200 -0.12581300 0.91480800 -0.38379200 -0.65458600 -0.36724900 -0.66079000 -0.74544400 0.16808900 0.64502600
0.06108200 0.03218500 -0.05469200 -0.12238400 0.91499500 -0.38445500 -0.65642400 -0.36516400 -0.66012200 -0.74439700 0.17157700 0.64531500
0.06100700 0.03218000 -0.05473500 -0.11965200 0.91519300 -0.38484300 -0.65781300 -0.36341200 -0.65970600 -0.74361500 0.17422000 0.64550900
