0.06384700 0.02533300 -0.05685200 -0.15058800 0.58790600 -0.79478800 -0.59463800 -0.69612500 -0.40226000 -0.78976400 0.41203600 0.45442000
0.06380300 0.02531800 -0.05679500 -0.15088500 0.58777500 -0.79482900 -0.59483500 -0.69616800 -0.40189600 -0.78955900 0.41215200 0.45467000
0.06367200 0.02532200 -0.05669400 -0.15174000 0.58745800 -0.79490000 -0.59506900 -0.69643100 -0.40109200 -0.78921900 0.41215900 0.45525500
0.06349300 0.02532800 -0.05661900 -0.15283600 0.58700500 -0.79502500 -0.59518600 -0.69688700 -0.40012600 -0.78892000 0.41203400 0.45588600
0.06340800 0.02531100 -0.05657100 -0.15336900 0.58681500 -0.79506300 -0.59532700 -0.69704900 -0.39963400 -0.78870900 0.41203100 0.45625300
0.06324400 0.02526200 -0.05644900 -0.15446800 0.58646400 -0.79510900 -0.59572800 -0.69730400 -0.39859100 -0.78819200 0.41209900 0.45708500
0.06307000 0.02521700 -0.05629100 -0.15576300 0.58605500 -0.79515800 -0.59620400 -0.69759900 -0.39736100 -0.78757700 0.41218200 0.45806900
0.06290200 0.02517500 -0.05613700 -0.15816100 0.58781100 -0.79338600 -0.59623900 -0.69732800 -0.39778300 -0.78707200 0.41013400 0.46076700
0.06283200 0.02514900 -0.05605100 -0.15863100 0.58756400 -0.79347500 -0.59650700 -0.69743500 -0.39719300 -0.78677500 0.41030600 0.46112100
0.06272400 0.02509200 -0.05585300 -0.15948000 0.58740000 -0.79342700 -0.59718300 -0.69738500 -0.39626300 -0.78609000 0.41062500 0.46200400
0.06262200 0.02503000 -0.05563400 -0.16352000 0.58558200 -0.79394800 -0.59372800 -0.70113200 -0.39484200 -0.78787500 0.40682500 0.46232500
0.06257100 0.02498900 -0.05551200 -0.16412300 0.58546200 -0.79391200 -0.59414700 -0.70113000 -0.39421500 -0.78743400 0.40700100 0.46292200
0.06246600 0.02489800 -0.05529600 -0.16497100 0.58537300 -0.79380200 -0.59496800 -0.70096700 -0.39326500 -0.78663600 0.40741000 0.46391700
0.06240900 0.02480200 -0.05512100 -0.16900700 0.58348800 -0.79434000 -0.59142300 -0.70475100 -0.39184700 -0.78845100 0.40356600 0.46419600
0.06240400 0.02474000 -0.05501300 -0.17246400 0.58176800 -0.79485900 -0.58763300 -0.70839300 -0.39098100 -0.79053300 0.39965500 0.46403800
0.06242800 0.02471800 -0.05499700 -0.17869600 0.57824300 -0.79605400 -0.57920000 -0.71585600 -0.38997100 -0.79535800 0.39138800 0.46283900
0.06255300 0.02469000 -0.05505900 -0.19277700 0.56981200 -0.79884200 -0.55864100 -0.73302900 -0.38805700 -0.80669500 0.37145800 0.45963100
0.06266000 0.02464000 -0.05513200 -0.21673200 0.55854000 -0.80066100 -0.52533600 -0.75800700 -0.38658200 -0.82282900 0.33683100 0.45770600
0.06266400 0.02463700 -0.05513500 -0.23148100 0.55331600 -0.80016000 -0.50631400 -0.77084800 -0.38657300 -0.83069900 0.31564800 0.45858900
0.06265100 0.02467500 -0.05507900 -0.27192400 0.54224800 -0.79499900 -0.45879400 -0.79924600 -0.38821700 -0.84591000 0.25917500 0.46611400
0.06270400 0.02468100 -0.05510500 -0.30367400 0.54569400 -0.78102400 -0.42835800 -0.81041200 -0.39967500 -0.85105200 0.21318800 0.47985400
0.06294300 0.02471700 -0.05525300 -0.33215100 0.56196100 -0.75754500 -0.41583200 -0.80812300 -0.41715700 -0.84661600 0.17645300 0.50210000
0.06314100 0.02472700 -0.05534000 -0.35083600 0.56743400 -0.74493700 -0.41120800 -0.80805300 -0.42184900 -0.84132100 0.15832500 0.51682800
0.06363900 0.02465600 -0.05541700 -0.39594300 0.55960900 -0.72805600 -0.40336300 -0.81825600 -0.40957700 -0.82494000 0.13150200 0.54970900
0.06423100 0.02460000 -0.05545900 -0.43561700 0.54026600 -0.71996500 -0.39574100 -0.83334600 -0.38590300 -0.80847100 0.11681400 0.57682500
0.06455800 0.02457700 -0.05550700 -0.45396000 0.52804600 -0.71769500 -0.38190600 -0.84304600 -0.37870900 -0.80502600 0.10217300 0.58437300
0.06512800 0.02465000 -0.05561200 -0.48334900 0.50743300 -0.71336100 -0.35044700 -0.85888600 -0.37349800 -0.80222100 0.06946500 0.59297000
0.06564400 0.02478800 -0.05568700 -0.50098800 0.49866400 -0.70734900 -0.33053500 -0.86560600 -0.37612700 -0.79984700 0.04536800 0.59848400
0.06587500 0.02482200 -0.05570900 -0.51196200 0.49224500 -0.70398100 -0.32302200 -0.86969700 -0.37320600 -0.79595900 0.03633400 0.60425800
0.06618000 0.02480600 -0.05573400 -0.53022900 0.49033000 -0.69168800 -0.32325100 -0.87110000 -0.36971800 -0.78381400 0.02755400 0.62038300
0.06631000 0.02474800 -0.05578100 -0.54399200 0.49305600 -0.67894500 -0.32407700 -0.86981700 -0.37200900 -0.77398000 0.01766000 0.63296200
0.06624900 0.02475900 -0.05580100 -0.55044300 0.49605500 -0.67152100 -0.32726600 -0.86817100 -0.37306300 -0.76805500 0.01441600 0.64022000
0.06618000 0.02475900 -0.05578500 -0.54295800 0.51180000 -0.66577500 -0.34736200 -0.85869000 -0.37681500 -0.76454900 0.02667000 0.64401300
0.06602600 0.02476000 -0.05572500 -0.53132300 0.53775200 -0.65461200 -0.37891400 -0.84195500 -0.38410100 -0.75770600 0.04396000 0.65111300
0.06596600 0.02468800 -0.05566800 -0.52380500 0.56075500 -0.64123400 -0.40486900 -0.82619200 -0.39177400 -0.74947200 0.05440200 0.65979600
0.06592800 0.02469400 -0.05564600 -0.52325000 0.57112600 -0.63247300 -0.41508700 -0.81900000 -0.39615600 -0.74425200 0.05524300 0.66560900
0.06585700 0.02472000 -0.05561500 -0.52177700 0.58586600 -0.62008700 -0.43735400 -0.80779700 -0.39520200 -0.73244100 0.06499000 0.67772100
0.06573100 0.02476300 -0.05561900 -0.51664400 0.61715500 -0.59346200 -0.47236500 -0.78355800 -0.40361800 -0.71410700 0.07180400 0.69634300
0.06583300 0.02473000 -0.05561500 -0.51968800 0.61761000 -0.59032300 -0.47601400 -0.78308800 -0.40022800 -0.70946000 0.07300800 0.70095300
0.06591400 0.02468500 -0.05561400 -0.51912000 0.62120000 -0.58704700 -0.48087900 -0.78010000 -0.40024900 -0.70659000 0.07452100 0.70368700
0.06608300 0.02459900 -0.05561600 -0.51134800 0.63546000 -0.57854300 -0.49798800 -0.76777100 -0.40315500 -0.70037800 0.08195500 0.70905000
0.06628100 0.02456700 -0.05566500 -0.51290300 0.64235000 -0.56948700 -0.50282500 -0.76248100 -0.40717200 -0.69577000 0.07751300 0.71406900
0.06639000 0.02454100 -0.05572600 -0.51046700 0.64603300 -0.56750600 -0.50701200 -0.75917000 -0.40816400 -0.69452200 0.07937800 0.71507800
0.06654100 0.02448000 -0.05587800 -0.50506300 0.65234800 -0.56511200 -0.51503300 -0.75320600 -0.40917100 -0.69256800 0.08439400 0.71639700
0.06658000 0.02445900 -0.05600400 -0.50559600 0.65178300 -0.56528800 -0.51436500 -0.75374200 -0.40902300 -0.69267600 0.08396400 0.71634400
0.06657700 0.02436600 -0.05610400 -0.50547200 0.65186200 -0.56530700 -0.51435000 -0.75367600 -0.40916400 -0.69277700 0.08394500 0.71624800
0.06653800 0.02429900 -0.05616600 -0.50682900 0.65290400 -0.56288500 -0.51444500 -0.75302600 -0.41024000 -0.69171500 0.08165100 0.71753900
0.06643500 0.02413400 -0.05632100 -0.50764900 0.65217400 -0.56299200 -0.51386400 -0.75369600 -0.40973800 -0.69154600 0.08129900 0.71774100
0.06626300 0.02403800 -0.05647200 -0.50873300 0.65120600 -0.56313300 -0.51303800 -0.75458900 -0.40912800 -0.69136200 0.08077200 0.71797900
0.06616500 0.02402200 -0.05654200 -0.50899300 0.65094300 -0.56320300 -0.51272500 -0.75483900 -0.40906100 -0.69140300 0.08055900 0.71796300
0.06601300 0.02398100 -0.05666000 -0.50793700 0.65131700 -0.56372400 -0.51111900 -0.75466400 -0.41138600 -0.69336500 0.07917200 0.71622300
0.06597000 0.02397400 -0.05674000 -0.50710600 0.64975500 -0.56626800 -0.51052800 -0.75579700 -0.41003800 -0.69440900 0.08116300 0.71498800
0.06598400 0.02403700 -0.05678700 -0.50684400 0.64995800 -0.56627200 -0.51039500 -0.75564400 -0.41048600 -0.69469800 0.08097000 0.71472800
0.06599900 0.02408700 -0.05681100 -0.50661600 0.65008800 -0.56632500 -0.51031200 -0.75553900 -0.41078000 -0.69492400 0.08089500 0.71451700
0.06606500 0.02417100 -0.05688500 -0.50602500 0.65045000 -0.56643900 -0.51018200 -0.75524300 -0.41148700 -0.69545100 0.08076400 0.71401900
0.06612100 0.02420700 -0.05693800 -0.50574200 0.65060900 -0.56650800 -0.51006800 -0.75511600 -0.41186100 -0.69574000 0.08066200 0.71374900
0.06613700 0.02421700 -0.05695600 -0.50563800 0.65067200 -0.56652800 -0.51004200 -0.75506400 -0.41198800 -0.69583500 0.08063700 0.71366000
0.06614600 0.02423300 -0.05699500 -0.50068900 0.65284700 -0.56841800 -0.51422500 -0.75255400 -0.41137900 -0.69633400 0.08632200 0.71250600
0.06613000 0.02421500 -0.05706300 -0.50077600 0.65294500 -0.56823000 -0.51411700 -0.75250500 -0.41160600 -0.69635200 0.08601400 0.71252600
0.06611100 0.02413600 -0.05711400 -0.50101500 0.65276900 -0.56822000 -0.51402700 -0.75266400 -0.41142600 -0.69624600 0.08595000 0.71263700
0.06609000 0.02408900 -0.05713300 -0.50115300 0.65267400 -0.56820800 -0.51401200 -0.75274700 -0.41129300 -0.69615800 0.08594400 0.71272400
0.06604000 0.02400500 -0.05713100 -0.49999800 0.65325500 -0.56855800 -0.51293400 -0.75235500 -0.41335000 -0.69778100 0.08495900 0.71125300
0.06598400 0.02394900 -0.05708000 -0.50177700 0.65416600 -0.56593700 -0.51314400 -0.75182200 -0.41406100 -0.69634900 0.08264100 0.71292800
0.06596900 0.02393700 -0.05705200 -0.50184800 0.65400600 -0.56606000 -0.51316400 -0.75194300 -0.41381600 -0.69628300 0.08280900 0.71297300
0.06595100 0.02394300 -0.05703400 -0.50179500 0.65403400 -0.56607400 -0.51322400 -0.75191100 -0.41380000 -0.69627700 0.08288000 0.71297100
0.06595100 0.02395600 -0.05705700 -0.50174700 0.65404300 -0.56610600 -0.51314600 -0.75190800 -0.41390000 -0.69636900 0.08282100 0.71288800
0.06595800 0.02397000 -0.05707200 -0.50166300 0.65408900 -0.56612800 -0.51310900 -0.75187200 -0.41401200 -0.69645700 0.08279100 0.71280600
0.06595500 0.02397900 -0.05707100 -0.50046900 0.65273100 -0.56874600 -0.51283400 -0.75279000 -0.41268300 -0.69751700 0.08513700 0.71149100
0.06594700 0.02397300 -0.05707700 -0.50058200 0.65284200 -0.56851800 -0.51289000 -0.75271200 -0.41275500 -0.69739500 0.08497000 0.71163100
0.06591300 0.02396500 -0.05709800 -0.50075200 0.65270200 -0.56853000 -0.51275700 -0.75284500 -0.41267700 -0.69737100 0.08486900 0.71166700
0.06588800 0.02397700 -0.05710200 -0.49716300 0.65611400 -0.56775100 -0.51720700 -0.74948900 -0.41323300 -0.69665200 0.08820000 0.71196500
0.06580400 0.02403000 -0.05709700 -0.49371900 0.65932800 -0.56703200 -0.52147400 -0.74627300 -0.41369100 -0.69592000 0.09144500 0.71227200
0.06573800 0.02403500 -0.05710200 -0.49024600 0.66257300 -0.56626400 -0.52579900 -0.74298400 -0.41413600 -0.69512100 0.09471300 0.71262600
0.06568700 0.02400800 -0.05710000 -0.49054100 0.66234600 -0.56627400 -0.52573200 -0.74318900 -0.41385400 -0.69496300 0.09469600 0.71278200
0.06567100 0.02400100 -0.05708700 -0.49053400 0.66236800 -0.56625400 -0.52579600 -0.74316300 -0.41381800 -0.69492000 0.09474300 0.71281800
0.06565000 0.02401400 -0.05706400 -0.48688800 0.66573400 -0.56545400 -0.53026800 -0.73970900 -0.41430100 -0.69408500 0.09812400 0.71317300
0.06565400 0.02401700 -0.05704800 -0.48699300 0.66565600 -0.56545400 -0.53024700 -0.73977900 -0.41420100 -0.69402800 0.09811700 0.71323000
0.06566700 0.02402200 -0.05704400 -0.48690500 0.66572400 -0.56544900 -0.53029100 -0.73971400 -0.41426100 -0.69405500 0.09814700 0.71319900
0.06568700 0.02405200 -0.05703800 -0.48567700 0.66443400 -0.56801800 -0.53007400 -0.74055900 -0.41302800 -0.69508100 0.10049400 0.71187300
0.06569700 0.02406500 -0.05703400 -0.48565100 0.66460500 -0.56784000 -0.53013600 -0.74042300 -0.41319300 -0.69505200 0.10036500 0.71191900
0.06570100 0.02405900 -0.05703200 -0.48553400 0.66470500 -0.56782300 -0.53021800 -0.74032600 -0.41326100 -0.69507100 0.10041800 0.71189300
0.06574900 0.02404600 -0.05705300 -0.48355400 0.66248500 -0.57209100 -0.52985800 -0.74177400 -0.41112200 -0.69672500 0.10432800 0.70971100
0.06588000 0.02410300 -0.05711900 -0.47912500 0.65756300 -0.58142000 -0.52892700 -0.74492000 -0.40660700 -0.70048100 0.11271300 0.70471200
0.06613000 0.02433100 -0.05727700 -0.47136700 0.64919000 -0.59696200 -0.52709000 -0.75005800 -0.39948400 -0.70709800 0.12634900 0.69573500
0.06638800 0.02446100 -0.05742800 -0.45804100 0.65123200 -0.60505700 -0.53545200 -0.74544700 -0.39698700 -0.70956900 0.14214200 0.69014900
0.06726900 0.02477900 -0.05790400 -0.42046400 0.65575500 -0.62705200 -0.55552100 -0.73248800 -0.39351700 -0.71735900 0.18288100 0.67227100
0.06858900 0.02547700 -0.05855200 -0.35945900 0.66493300 -0.65471500 -0.59596700 -0.70346700 -0.38724200 -0.71806100 0.25099200 0.64914600
0.06951700 0.02589000 -0.05893700 -0.31804400 0.66591600 -0.67483600 -0.61547200 -0.68643600 -0.38729700 -0.72113900 0.29216500 0.62816900
0.07191800 0.02649400 -0.05985500 -0.26097300 0.63364500 -0.72827500 -0.61832200 -0.68907200 -0.37796300 -0.74132900 0.35167100 0.57162600
0.07435300 0.02703500 -0.06072400 -0.22452100 0.59679000 -0.77034500 -0.62392600 -0.69528100 -0.35679100 -0.74853600 0.40053100 0.52845800
0.07640200 0.02790800 -0.06136800 -0.20781600 0.57398500 -0.79205600 -0.62940900 -0.69830400 -0.34090400 -0.74877000 0.42768200 0.50639000
0.07740900 0.02830600 -0.06164800 -0.21077000 0.56458000 -0.79801300 -0.63440000 -0.70008600 -0.32774100 -0.74371400 0.43718200 0.50572700
0.07931300 0.02883500 -0.06204200 -0.22865300 0.54907000 -0.80389000 -0.64816600 -0.70199000 -0.29511100 -0.72635900 0.45357600 0.51640000
0.08092700 0.02905500 -0.06219000 -0.23770500 0.55283500 -0.79866600 -0.67397700 -0.68596700 -0.27423100 -0.69946400 0.47309700 0.53565600
0.08165600 0.02908100 -0.06220500 -0.24281100 0.55424100 -0.79615200 -0.68425000 -0.67961500 -0.26443000 -0.68763600 0.48056100 0.54425800
0.08286400 0.02895500 -0.06213800 -0.25576600 0.55406100 -0.79221100 -0.69526800 -0.67480100 -0.24747800 -0.67170300 0.48750300 0.55781200
0.08352300 0.02856400 -0.06193300 -0.26552600 0.55878200 -0.78565700 -0.70779000 -0.66630000 -0.23468300 -0.65462000 0.49376600 0.57242100
0.08360100 0.02806600 -0.06168600 -0.25563900 0.58175300 -0.77214700 -0.74044600 -0.63134500 -0.23052600 -0.62160000 0.51280200 0.59215300
0.08345300 0.02784000 -0.06152000 -0.25983200 0.58290200 -0.76987700 -0.74350800 -0.62949400 -0.22568000 -0.61618300 0.51377100 0.59695600
0.08278200 0.02746700 -0.06103100 -0.26473700 0.58777300 -0.76448400 -0.75341400 -0.62089200 -0.21646900 -0.60189700 0.51866600 0.60721000
0.08172100 0.02710600 -0.06034200 -0.27224500 0.58962100 -0.76041300 -0.75710700 -0.61898900 -0.20890100 -0.59386100 0.51884300 0.61492300
0.08114800 0.02692100 -0.05996700 -0.27591500 0.58876100 -0.75975700 -0.75754800 -0.61971300 -0.20512300 -0.59159900 0.51895700 0.61700300
0.08003500 0.02659700 -0.05921900 -0.28189600 0.58752100 -0.75852000 -0.75863600 -0.62048500 -0.19866500 -0.58737100 0.51943800 0.62062800
0.07889600 0.02622900 -0.05841700 -0.28928000 0.59069100 -0.75326000 -0.75964100 -0.62047200 -0.19483100 -0.58246100 0.51584700 0.62820300
0.07796200 0.02583500 -0.05764300 -0.30041700 0.59331800 -0.74680700 -0.76165100 -0.62053400 -0.18660900 -0.57413900 0.51274700 0.63832100
0.07759700 0.02560400 -0.05723500 -0.31092400 0.59372300 -0.74217100 -0.76367700 -0.62091900 -0.17679000 -0.56579300 0.51181100 0.64647200
0.07707800 0.02510900 -0.05648400 -0.32169000 0.59826900 -0.73388500 -0.76943500 -0.61688000 -0.16561300 -0.55180100 0.51140200 0.65877300
0.07676600 0.02455900 -0.05587000 -0.32550400 0.60864100 -0.72360300 -0.77373400 -0.61133200 -0.16615200 -0.54349000 0.50579400 0.66991800
0.07669300 0.02428700 -0.05566500 -0.32812600 0.61394000 -0.71792100 -0.77410900 -0.61032100 -0.16811800 -0.54137600 0.50058500 0.67551800
0.07666300 0.02378000 -0.05542600 -0.33066600 0.62606700 -0.70618600 -0.77409500 -0.60796000 -0.17652100 -0.53984700 0.48828600 0.68566700
0.07673200 0.02337200 -0.05539800 -0.32953300 0.63965300 -0.69444200 -0.77112600 -0.60674000 -0.19294900 -0.54476600 0.47192000 0.69319500
0.07677800 0.02309000 -0.05557600 -0.33014700 0.65198800 -0.68257800 -0.76437600 -0.60894000 -0.21194000 -0.55383200 0.45177500 0.69940500
0.07675300 0.02296700 -0.05571000 -0.32993700 0.65757900 -0.67729600 -0.75974900 -0.61080700 -0.22292300 -0.56028700 0.44102500 0.70112400
0.07663300 0.02263600 -0.05600400 -0.32800300 0.67055600 -0.66540700 -0.75287900 -0.61101100 -0.24461900 -0.57060200 0.42073600 0.70526100
0.07650200 0.02229300 -0.05624300 -0.32503100 0.67978200 -0.65745800 -0.74619500 -0.61144300 -0.26330400 -0.58098800 0.40501000 0.70598800
0.07641700 0.02219200 -0.05633800 -0.33201500 0.67746800 -0.65635600 -0.73898900 -0.61925600 -0.26536000 -0.58622600 0.39693600 0.70624300
0.07621600 0.02209700 -0.05642600 -0.32995500 0.67781400 -0.65703600 -0.73958600 -0.61814600 -0.26628400 -0.58663500 0.39807300 0.70526200
0.07599200 0.02211200 -0.05638800 -0.32939700 0.67804800 -0.65707500 -0.73986300 -0.61770900 -0.26652700 -0.58660000 0.39835300 0.70513400
0.07586900 0.02216600 -0.05631000 -0.32895800 0.67605000 -0.65934900 -0.74007100 -0.61825300 -0.26468300 -0.58658400 0.40089500 0.70370500
0.07583400 0.02219700 -0.05626700 -0.32864600 0.67424000 -0.66135500 -0.74018200 -0.61881500 -0.26305400 -0.58661900 0.40307200 0.70243100
0.07572400 0.02226900 -0.05616100 -0.32889300 0.67431600 -0.66115500 -0.74028900 -0.61877900 -0.26283900 -0.58634500 0.40300000 0.70270100
0.07562100 0.02234000 -0.05609000 -0.33117900 0.67390900 -0.66042800 -0.74097100 -0.61909300 -0.26016200 -0.58419300 0.40319800 0.70437800
0.07558000 0.02236000 -0.05606900 -0.33131600 0.67385800 -0.66041200 -0.74094600 -0.61916800 -0.26005600 -0.58414700 0.40316900 0.70443300
0.07548200 0.02237600 -0.05605900 -0.33176600 0.67367500 -0.66037200 -0.74081200 -0.61945400 -0.25975500 -0.58406100 0.40303400 0.70458100
0.07537300 0.02238900 -0.05604600 -0.33241700 0.67341700 -0.66030800 -0.74063300 -0.61985600 -0.25930600 -0.58391700 0.40284800 0.70480600
0.07533500 0.02239900 -0.05602600 -0.33259300 0.67335500 -0.66028200 -0.74061300 -0.61994100 -0.25915900 -0.58384300 0.40282000 0.70488400
0.07524700 0.02241900 -0.05598700 -0.33299000 0.67321300 -0.66022700 -0.74055900 -0.62014200 -0.25883400 -0.58368600 0.40274800 0.70505600
0.07515500 0.02241500 -0.05594800 -0.33349700 0.67304200 -0.66014600 -0.74051900 -0.62037400 -0.25839200 -0.58344700 0.40267800 0.70529300
0.07506700 0.02241500 -0.05587900 -0.33395200 0.67291000 -0.66005000 -0.74055900 -0.62052000 -0.25792400 -0.58313500 0.40267200 0.70555400
0.07502200 0.02242100 -0.05583100 -0.33415800 0.67286000 -0.65999700 -0.74061000 -0.62056000 -0.25768200 -0.58295200 0.40269400 0.70569300
0.07492800 0.02241300 -0.05572300 -0.33469600 0.67272900 -0.65985800 -0.74073900 -0.62066700 -0.25705400 -0.58248000 0.40274800 0.70605200
0.07484000 0.02239000 -0.05562000 -0.33524600 0.67259900 -0.65971200 -0.74087900 -0.62076900 -0.25640300 -0.58198600 0.40280900 0.70642400
0.07479200 0.02236900 -0.05554100 -0.33542800 0.67259800 -0.65962000 -0.74106600 -0.62068900 -0.25605600 -0.58164200 0.40293400 0.70663600
0.07478100 0.02237100 -0.05551400 -0.33548300 0.67259500 -0.65959500 -0.74111400 -0.62067200 -0.25595900 -0.58155000 0.40296500 0.70669500
0.07476200 0.02238600 -0.05547700 -0.33552500 0.67259700 -0.65957100 -0.74116600 -0.62064600 -0.25587100 -0.58145900 0.40300100 0.70674900
0.07476700 0.02238400 -0.05547800 -0.33552100 0.67259900 -0.65957200 -0.74116800 -0.62064300 -0.25587300 -0.58145900 0.40300300 0.70674800
0.07477000 0.02237600 -0.05548500 -0.33567600 0.67253600 -0.65955700 -0.74112000 -0.62074200 -0.25577100 -0.58143000 0.40295500 0.70679900
0.07479200 0.02236000 -0.05549600 -0.33546400 0.67262300 -0.65957700 -0.74118600 -0.62060600 -0.25591100 -0.58147000 0.40302000 0.70672900
0.07483600 0.02234600 -0.05550600 -0.33527800 0.67269800 -0.65959400 -0.74124200 -0.62048800 -0.25603400 -0.58150400 0.40307700 0.70666800
0.07490500 0.02234900 -0.05551500 -0.33502500 0.67279200 -0.65962700 -0.74128800 -0.62035200 -0.25623200 -0.58159200 0.40312900 0.70656600
0.07493700 0.02234600 -0.05551500 -0.33486800 0.67285500 -0.65964200 -0.74133500 -0.62025200 -0.25633600 -0.58162200 0.40317700 0.70651400
0.07496500 0.02234800 -0.05551400 -0.33471400 0.67291800 -0.65965600 -0.74138200 -0.62015300 -0.25643800 -0.58165100 0.40322400 0.70646400
0.07501500 0.02235400 -0.05551400 -0.33441200 0.67303500 -0.65968900 -0.74145800 -0.61997400 -0.25665300 -0.58172800 0.40330400 0.70635400
0.07505000 0.02236400 -0.05551200 -0.33620900 0.67280300 -0.65901200 -0.74222800 -0.62001200 -0.25432400 -0.57970700 0.40363100 0.70782700
0.07517400 0.02236300 -0.05551500 -0.33536500 0.67312900 -0.65911000 -0.74244000 -0.61951200 -0.25492400 -0.57992400 0.40385700 0.70752100
0.07540200 0.02235300 -0.05556800 -0.33630700 0.67319700 -0.65856000 -0.74332400 -0.61912200 -0.25329000 -0.57824400 0.40434000 0.70861900
0.07555400 0.02233700 -0.05561400 -0.33767500 0.67310600 -0.65795300 -0.74411400 -0.61897100 -0.25133200 -0.57642700 0.40472400 0.70987900
0.07594300 0.02231500 -0.05573000 -0.33605300 0.67367700 -0.65820000 -0.74433000 -0.61816500 -0.25267400 -0.57709700 0.40500600 0.70917400
0.07638500 0.02229100 -0.05584600 -0.33553800 0.67804100 -0.65396800 -0.74432000 -0.61633700 -0.25712800 -0.57740800 0.40048600 0.71148400
0.07677400 0.02229200 -0.05591900 -0.33933900 0.67929300 -0.65069900 -0.74049800 -0.61949600 -0.26055000 -0.58009500 0.39342700 0.71323400
0.07693800 0.02230100 -0.05592000 -0.33917700 0.67995000 -0.65009700 -0.74050700 -0.61918200 -0.26126900 -0.58017900 0.39278500 0.71352000
0.07718600 0.02232500 -0.05588200 -0.33865400 0.68139600 -0.64885300 -0.74071900 -0.61831300 -0.26272200 -0.58021300 0.39164600 0.71411800
0.07735200 0.02237400 -0.05581400 -0.34393400 0.67862900 -0.64897600 -0.73793300 -0.62273400 -0.26011000 -0.58065800 0.38944000 0.71496300
0.07739200 0.02243100 -0.05576800 -0.34573900 0.67837000 -0.64828800 -0.73871800 -0.62279400 -0.25772600 -0.57858400 0.38979600 0.71644800
0.07740600 0.02255500 -0.05567200 -0.34928100 0.67781100 -0.64697300 -0.74011900 -0.62301200 -0.25313900 -0.57465300 0.39042000 0.71926700
0.07739700 0.02260600 -0.05558700 -0.34939600 0.67782600 -0.64689500 -0.74028300 -0.62292400 -0.25287300 -0.57437100 0.39053300 0.71943100
0.07739100 0.02258700 -0.05552500 -0.34933800 0.67790500 -0.64684300 -0.74049600 -0.62273300 -0.25272000 -0.57413200 0.39070000 0.71953100
0.07738300 0.02256100 -0.05550000 -0.34920100 0.67799400 -0.64682400 -0.74065300 -0.62255500 -0.25269900 -0.57401200 0.39083000 0.71955600
0.07737100 0.02249800 -0.05545200 -0.34921600 0.67805700 -0.64675000 -0.74089000 -0.62237300 -0.25245300 -0.57369700 0.39101000 0.71970900
0.07737100 0.02246700 -0.05540600 -0.34931700 0.67806600 -0.64668600 -0.74103500 -0.62229800 -0.25221400 -0.57344900 0.39111400 0.71985000
0.07737700 0.02244800 -0.05536900 -0.34934700 0.67809100 -0.64664400 -0.74115400 -0.62221500 -0.25206900 -0.57327700 0.39120300 0.71993900
0.07737900 0.02239600 -0.05527300 -0.35008900 0.67998400 -0.64425000 -0.74133500 -0.62154800 -0.25317800 -0.57259000 0.38897100 0.72169300
0.07738000 0.02230300 -0.05516500 -0.35013500 0.67996700 -0.64424300 -0.74175500 -0.62128200 -0.25260100 -0.57201700 0.38942600 0.72190200
0.07739000 0.02223400 -0.05510200 -0.35006900 0.68007500 -0.64416400 -0.74206400 -0.62101000 -0.25235800 -0.57165600 0.38966900 0.72205600
0.07741700 0.02211100 -0.05495200 -0.35077300 0.68202200 -0.64171800 -0.74252500 -0.62012000 -0.25319100 -0.57062500 0.38768000 0.72394100
0.07741900 0.02203600 -0.05485600 -0.35208700 0.68549900 -0.63727900 -0.74265300 -0.61900400 -0.25553600 -0.56964800 0.38330700 0.72703200
0.07740600 0.02202000 -0.05488800 -0.35294200 0.68722500 -0.63494200 -0.74240000 -0.61870900 -0.25698100 -0.56944900 0.38068200 0.72856500
0.07740400 0.02202700 -0.05491400 -0.35289900 0.68702500 -0.63518200 -0.74230900 -0.61883900 -0.25693200 -0.56959500 0.38083100 0.72837300
0.07740700 0.02207000 -0.05495900 -0.35256900 0.68705700 -0.63533100 -0.74222300 -0.61879500 -0.25728700 -0.56991100 0.38084600 0.72811800
0.07738600 0.02212300 -0.05499600 -0.35248000 0.68703900 -0.63540000 -0.74206300 -0.61888500 -0.25753200 -0.57017500 0.38073200 0.72797100
0.07736600 0.02214700 -0.05502200 -0.35249300 0.68700200 -0.63543300 -0.74194800 -0.61898000 -0.25763400 -0.57031600 0.38064400 0.72790600
0.07733300 0.02217400 -0.05507300 -0.35258400 0.68691400 -0.63547800 -0.74174400 -0.61917700 -0.25774900 -0.57052500 0.38048400 0.72782700
0.07731100 0.02220400 -0.05511500 -0.35258800 0.68686700 -0.63552600 -0.74158500 -0.61930200 -0.25790400 -0.57073000 0.38036300 0.72772900
0.07722900 0.02223700 -0.05513700 -0.35289400 0.68670700 -0.63553000 -0.74137400 -0.61959100 -0.25781800 -0.57081400 0.38018300 0.72775700
0.07716100 0.02223900 -0.05513100 -0.35312800 0.68661300 -0.63550100 -0.74131400 -0.61973200 -0.25765100 -0.57074700 0.38012300 0.72784100
0.07704400 0.02221700 -0.05512500 -0.35179900 0.68671300 -0.63613000 -0.74047800 -0.61988800 -0.25967200 -0.57265000 0.37968900 0.72657200
0.07696100 0.02218600 -0.05513100 -0.35181300 0.68466700 -0.63832400 -0.74044400 -0.62074500 -0.25771500 -0.57268600 0.38197600 0.72534400
0.07691800 0.02217100 -0.05514400 -0.35212500 0.68462600 -0.63819600 -0.74035300 -0.62090600 -0.25758900 -0.57261300 0.38178700 0.72550200
0.07686400 0.02213800 -0.05517100 -0.35213800 0.68463500 -0.63817800 -0.74034900 -0.62090800 -0.25759400 -0.57260900 0.38176600 0.72551500
0.07684300 0.02210600 -0.05519000 -0.35224300 0.68459600 -0.63816200 -0.74033000 -0.62096500 -0.25751100 -0.57256800 0.38174500 0.72555800
0.07683900 0.02209500 -0.05519900 -0.35216600 0.68462800 -0.63817100 -0.74035400 -0.62091500 -0.25756100 -0.57258400 0.38176800 0.72553300
0.07684500 0.02209800 -0.05520300 -0.35212800 0.68463900 -0.63817900 -0.74035100 -0.62090300 -0.25760200 -0.57261300 0.38176800 0.72551100
0.07685500 0.02209700 -0.05520300 -0.35208300 0.68465800 -0.63818400 -0.74036500 -0.62087400 -0.25763200 -0.57262200 0.38178200 0.72549600
0.07684500 0.02208500 -0.05521900 -0.34823200 0.68733300 -0.63742200 -0.74406100 -0.61627000 -0.25803600 -0.57018100 0.38442500 0.72602300
0.07683600 0.02208100 -0.05523600 -0.34830100 0.68728800 -0.63743200 -0.74400400 -0.61634600 -0.25801900 -0.57021300 0.38438400 0.72601900
0.07682400 0.02206900 -0.05526400 -0.34828000 0.68728100 -0.63745100 -0.74396000 -0.61637200 -0.25808200 -0.57028300 0.38435400 0.72598000
0.07680400 0.02204800 -0.05530100 -0.34836000 0.68723400 -0.63745800 -0.74388600 -0.61646300 -0.25808000 -0.57033200 0.38429200 0.72597500
0.07678700 0.02201500 -0.05536600 -0.34846300 0.68716400 -0.63747700 -0.74375600 -0.61660800 -0.25811000 -0.57043800 0.38418600 0.72594800
0.07678200 0.02198800 -0.05540000 -0.34847000 0.68715200 -0.63748700 -0.74372200 -0.61663700 -0.25813800 -0.57047900 0.38416000 0.72593000
0.07677100 0.02194900 -0.05545600 -0.34854200 0.68710400 -0.63749900 -0.74363400 -0.61673600 -0.25815500 -0.57054800 0.38408800 0.72591200
0.07675300 0.02195200 -0.05550700 -0.34863500 0.68702900 -0.63752900 -0.74347700 -0.61689800 -0.25822200 -0.57069700 0.38396300 0.72586200
0.07675300 0.02196300 -0.05552300 -0.34461800 0.68973200 -0.63679400 -0.74715100 -0.61221200 -0.25876700 -0.56833400 0.38660600 0.72631400
0.07675300 0.02199700 -0.05554200 -0.34464400 0.68967900 -0.63683700 -0.74702600 -0.61232600 -0.25885800 -0.56848100 0.38652100 0.72624300
0.07676100 0.02201500 -0.05555400 -0.34453900 0.68970300 -0.63686800 -0.74699400 -0.61230900 -0.25899100 -0.56858800 0.38650500 0.72616800
0.07676100 0.02201900 -0.05555700 -0.34452300 0.68970500 -0.63687500 -0.74698200 -0.61231200 -0.25901700 -0.56861200 0.38649700 0.72615300
0.07676100 0.02202300 -0.05556100 -0.34065800 0.69232300 -0.63611200 -0.75062200 -0.60768200 -0.25939900 -0.56614300 0.38911400 0.72668500
0.07676100 0.02202700 -0.05557000 -0.34064800 0.69231300 -0.63612900 -0.75058900 -0.60770600 -0.25943700 -0.56619100 0.38909500 0.72665700
0.07676200 0.02204700 -0.05559400 -0.34057300 0.69231500 -0.63616700 -0.75051600 -0.60773400 -0.25958300 -0.56633400 0.38904600 0.72657200
0.07676400 0.02206600 -0.05561100 -0.34049200 0.69232400 -0.63620000 -0.75046100 -0.60774500 -0.25971600 -0.56645600 0.38901200 0.72649500
0.07677400 0.02210800 -0.05564300 -0.34028400 0.69236100 -0.63627100 -0.75036700 -0.60773700 -0.26000800 -0.56670500 0.38896000 0.72632900
0.07678700 0.02214800 -0.05568900 -0.34008100 0.69238800 -0.63635100 -0.75024000 -0.60775600 -0.26032900 -0.56699500 0.38888300 0.72614400
0.07679800 0.02217000 -0.05571700 -0.33991900 0.69242100 -0.63640200 -0.75017900 -0.60773900 -0.26054400 -0.56717200 0.38885200 0.72602200
0.07680400 0.02217300 -0.05572100 -0.33988000 0.69243200 -0.63641100 -0.75017500 -0.60772600 -0.26058500 -0.56720100 0.38885300 0.72600000
0.07679900 0.02216600 -0.05570700 -0.33993300 0.69242400 -0.63639000 -0.75020600 -0.60772300 -0.26050400 -0.56712900 0.38887100 0.72604600
0.07678400 0.02216900 -0.05570500 -0.34000200 0.69239600 -0.63638400 -0.75018400 -0.60776900 -0.26046000 -0.56711600 0.38884900 0.72606800
0.07677900 0.02217400 -0.05570700 -0.34000800 0.69238900 -0.63638800 -0.75016700 -0.60778500 -0.26047100 -0.56713500 0.38883500 0.72606000
0.07678300 0.02216900 -0.05571100 -0.34000600 0.69239000 -0.63638800 -0.75016700 -0.60778400 -0.26047300 -0.56713600 0.38883600 0.72605900
0.07680100 0.02218500 -0.05571800 -0.33984800 0.69244000 -0.63641900 -0.75016800 -0.60771900 -0.26062200 -0.56722900 0.38885000 0.72597900
0.07681300 0.02219700 -0.05573400 -0.33975600 0.69245800 -0.63644800 -0.75013400 -0.60770900 -0.26074500 -0.56733000 0.38883200 0.72590900
0.07683500 0.02222900 -0.05577300 -0.33963700 0.69246000 -0.63650900 -0.75001300 -0.60775800 -0.26098000 -0.56756200 0.38875200 0.72577100
0.07685000 0.02225900 -0.05579400 -0.33943500 0.69250900 -0.63656400 -0.74996400 -0.60771400 -0.26122000 -0.56774600 0.38873400 0.72563600
0.07684600 0.02226100 -0.05578600 -0.33945500 0.69250500 -0.63655700 -0.74997400 -0.60771400 -0.26119100 -0.56772200 0.38873900 0.72565300
0.07684000 0.02225400 -0.05577800 -0.33951100 0.69249200 -0.63654200 -0.74998800 -0.60772600 -0.26112400 -0.56767000 0.38874500 0.72569000
0.07681500 0.02225500 -0.05576500 -0.33963900 0.69245000 -0.63651900 -0.74998000 -0.60778400 -0.26101000 -0.56760400 0.38872800 0.72575100
0.07679600 0.02226300 -0.05576000 -0.33957200 0.69247600 -0.63652600 -0.75000100 -0.60774100 -0.26105200 -0.56761600 0.38874900 0.72573000
0.07679000 0.02226100 -0.05576200 -0.33961500 0.69245900 -0.63652200 -0.74998700 -0.60776900 -0.26102500 -0.56760800 0.38873600 0.72574300
0.07679600 0.02226300 -0.05576000 -0.33957200 0.69247600 -0.63652700 -0.75000000 -0.60774100 -0.26105200 -0.56761700 0.38874900 0.72573000
0.07679900 0.02227000 -0.05575500 -0.33953200 0.69249200 -0.63653100 -0.75001300 -0.60771500 -0.26107800 -0.56762400 0.38876200 0.72571700
0.07679800 0.02226600 -0.05575100 -0.33954900 0.69249000 -0.63652400 -0.75002400 -0.60771300 -0.26105200 -0.56760000 0.38876900 0.72573200
0.07679700 0.02225900 -0.05575100 -0.33958500 0.69248000 -0.63651500 -0.75002800 -0.60772400 -0.26101200 -0.56757200 0.38876900 0.72575400
0.07679600 0.02224700 -0.05573400 -0.33963200 0.69248000 -0.63649100 -0.75007700 -0.60770400 -0.26091900 -0.56748000 0.38880100 0.72580900
0.07679200 0.02223900 -0.05571400 -0.33968100 0.69247800 -0.63646600 -0.75012500 -0.60768600 -0.26082400 -0.56738700 0.38883200 0.72586500
0.07679000 0.02223200 -0.05572000 -0.33972100 0.69246200 -0.63646200 -0.75011200 -0.60771200 -0.26079900 -0.56737900 0.38882000 0.72587700
0.07678900 0.02223200 -0.05572600 -0.33972400 0.69245600 -0.63646700 -0.75009600 -0.60772700 -0.26081200 -0.56739900 0.38880700 0.72586800
0.07680100 0.02223400 -0.05571800 -0.33963500 0.69249700 -0.63647000 -0.75013900 -0.60765500 -0.26085400 -0.56739500 0.38884700 0.72585000
0.07679400 0.02223000 -0.05572800 -0.33972200 0.69245700 -0.63646700 -0.75009600 -0.60772500 -0.26081400 -0.56740000 0.38880700 0.72586700
0.07679100 0.02222400 -0.05573900 -0.33976500 0.69243600 -0.63646700 -0.75006700 -0.60776600 -0.26080300 -0.56741300 0.38878200 0.72587100
0.07679200 0.02219400 -0.05576300 -0.33987900 0.69239000 -0.63645600 -0.75003200 -0.60784100 -0.26073000 -0.56739100 0.38874600 0.72590800
0.07679200 0.02214500 -0.05580100 -0.33995300 0.69236200 -0.63644800 -0.75000900 -0.60788900 -0.26068400 -0.56737800 0.38872200 0.72593100
0.07679100 0.02211000 -0.05582800 -0.34010700 0.69230100 -0.63643200 -0.74996100 -0.60799100 -0.26058600 -0.56734900 0.38867300 0.72598100
0.07676700 0.02204300 -0.05589500 -0.34051300 0.69213000 -0.63640100 -0.74980300 -0.60828200 -0.26035800 -0.56731300 0.38852000 0.72608900
0.07672900 0.02197900 -0.05594600 -0.33889600 0.69229600 -0.63708200 -0.74897600 -0.60832500 -0.26262900 -0.56937100 0.38815600 0.72467300
0.07667000 0.02194200 -0.05596300 -0.33791400 0.69421700 -0.63551200 -0.74807300 -0.60786300 -0.26624900 -0.57113900 0.38544000 0.72473100
0.07663300 0.02193300 -0.05594500 -0.33654800 0.69434500 -0.63609600 -0.74720700 -0.60800500 -0.26834700 -0.57307500 0.38498400 0.72344300
0.07656800 0.02191500 -0.05588300 -0.33310300 0.69473400 -0.63748300 -0.74578700 -0.60781100 -0.27270200 -0.57692500 0.38458900 0.72058700
0.07648400 0.02187500 -0.05580100 -0.33344900 0.69468000 -0.63736100 -0.74598500 -0.60780000 -0.27218200 -0.57646900 0.38470300 0.72089200
0.07644600 0.02184900 -0.05576400 -0.33362100 0.69465200 -0.63730200 -0.74607800 -0.60780000 -0.27193000 -0.57624900 0.38475500 0.72103900
0.07640500 0.02181500 -0.05573300 -0.33369500 0.69466400 -0.63725100 -0.74620100 -0.60773300 -0.27174100 -0.57604800 0.38483900 0.72115600
0.07639500 0.02182900 -0.05574200 -0.33148600 0.69505800 -0.63797300 -0.74548900 -0.60740900 -0.27440800 -0.57824100 0.38464000 0.71950500
0.07641900 0.02183700 -0.05578100 -0.33105900 0.69519700 -0.63804400 -0.74550600 -0.60721500 -0.27479000 -0.57846300 0.38469400 0.71929800
0.07643600 0.02182500 -0.05579600 -0.33089200 0.69525900 -0.63806200 -0.74554100 -0.60711700 -0.27491200 -0.57851400 0.38473600 0.71923500
0.07647500 0.02177800 -0.05582500 -0.33085900 0.69527800 -0.63805900 -0.74556700 -0.60708200 -0.27491700 -0.57849900 0.38475700 0.71923500
0.07653800 0.02172300 -0.05586600 -0.33061700 0.69537500 -0.63807800 -0.74564000 -0.60692300 -0.27507200 -0.57854300 0.38483400 0.71915900
0.07658700 0.02168900 -0.05589200 -0.33034700 0.69548400 -0.63810000 -0.74572100 -0.60674400 -0.27524500 -0.57859200 0.38491900 0.71907300
0.07673600 0.02159400 -0.05594900 -0.32951000 0.69582800 -0.63815700 -0.74600500 -0.60616600 -0.27575000 -0.57870500 0.38520600 0.71882900
0.07694100 0.02152200 -0.05600000 -0.32868700 0.69615800 -0.63822200 -0.74625100 -0.60562200 -0.27627700 -0.57885500 0.38546500 0.71856900
0.07705900 0.02149900 -0.05600900 -0.32813600 0.69638300 -0.63826000 -0.74643200 -0.60524600 -0.27661500 -0.57893500 0.38565100 0.71840600
0.07729200 0.02148900 -0.05599000 -0.32808600 0.70036700 -0.63391100 -0.74658500 -0.60338600 -0.28024000 -0.57876500 0.38132600 0.72084600
0.07746600 0.02152300 -0.05592000 -0.32774800 0.70256200 -0.63165400 -0.74679300 -0.60217500 -0.28228300 -0.57868800 0.37919800 0.72203000
0.07758200 0.02165100 -0.05582900 -0.32764700 0.70434600 -0.62971700 -0.74680400 -0.60133700 -0.28403400 -0.57873100 0.37721200 0.72303500
0.07761500 0.02174200 -0.05577000 -0.32944000 0.70406600 -0.62909400 -0.74761200 -0.60146100 -0.28163500 -0.57666600 0.37753700 0.72451400
0.07765400 0.02191100 -0.05567600 -0.33316300 0.70347600 -0.62779200 -0.74905800 -0.60186100 -0.27690100 -0.57263600 0.37800000 0.72746200
0.07771100 0.02201600 -0.05565700 -0.33528600 0.70304800 -0.62714100 -0.74958000 -0.60232100 -0.27447800 -0.57071200 0.37806300 0.72894100
0.07774700 0.02204700 -0.05568300 -0.33511100 0.70308200 -0.62719500 -0.74950600 -0.60230300 -0.27471700 -0.57091100 0.37802600 0.72880300
0.07784000 0.02209100 -0.05577600 -0.33428500 0.70332400 -0.62736500 -0.74944100 -0.60200000 -0.27555600 -0.57148000 0.37806000 0.72834000
0.07794500 0.02210500 -0.05581400 -0.33365200 0.70354200 -0.62745900 -0.74950800 -0.60167700 -0.27608200 -0.57176300 0.37817000 0.72806100
0.07811000 0.02206500 -0.05580900 -0.33276200 0.70391800 -0.62750900 -0.74985800 -0.60102000 -0.27656200 -0.57182300 0.37851300 0.72783600
0.07821200 0.02205800 -0.05579900 -0.33428400 0.70378800 -0.62684500 -0.75076700 -0.60091800 -0.27430900 -0.56973800 0.37891800 0.72925800
0.07844100 0.02208200 -0.05577400 -0.33714200 0.70358100 -0.62554600 -0.75255600 -0.60064200 -0.26997500 -0.56567900 0.37973900 0.73198600
0.07875000 0.02211600 -0.05568800 -0.34468200 0.70247200 -0.62267600 -0.75561500 -0.60120900 -0.25998400 -0.55699100 0.38089200 0.73802500
0.07892000 0.02213200 -0.05561400 -0.34678600 0.70212800 -0.62189500 -0.75637300 -0.60143200 -0.25725000 -0.55465100 0.38117400 0.73964000
0.07933800 0.02218200 -0.05537900 -0.35752100 0.70015700 -0.61802700 -0.75496100 -0.60622400 -0.25004900 -0.54973700 0.37718900 0.74533000
0.07979300 0.02228000 -0.05506200 -0.36317400 0.70386500 -0.61047300 -0.75651900 -0.60522300 -0.24775600 -0.54385900 0.37185600 0.75228900
0.08026500 0.02245100 -0.05471700 -0.37163300 0.70688400 -0.60183200 -0.75827000 -0.60514400 -0.24254000 -0.53564400 0.36621600 0.76090100
0.08049700 0.02254000 -0.05455600 -0.37564600 0.70896000 -0.59687900 -0.75857200 -0.60520500 -0.24144100 -0.53240700 0.36208000 0.76514000
0.08098100 0.02277700 -0.05423900 -0.38381200 0.71028900 -0.59006500 -0.75877700 -0.60676400 -0.23683900 -0.52625500 0.35682600 0.77183500
0.08139700 0.02310800 -0.05388900 -0.39136600 0.70787700 -0.58799800 -0.75880000 -0.60973800 -0.22899900 -0.52062800 0.35655100 0.77576800
0.08156100 0.02330000 -0.05370500 -0.39469800 0.70693800 -0.58689900 -0.75892400 -0.61090100 -0.22546100 -0.51792400 0.35642300 0.77763400
0.08179900 0.02370300 -0.05332100 -0.40127700 0.70554900 -0.58410200 -0.76034200 -0.61216700 -0.21709600 -0.51074000 0.35700200 0.78210800
0.08195500 0.02410900 -0.05295700 -0.40370900 0.70325500 -0.58519200 -0.76075000 -0.61335000 -0.21227200 -0.50820900 0.35948900 0.78261700
0.08194600 0.02437100 -0.05258400 -0.40318100 0.70066100 -0.58865800 -0.76114100 -0.61386900 -0.20935200 -0.50804400 0.36364500 0.78080200
0.08187300 0.02440800 -0.05236400 -0.40303700 0.69997500 -0.58957100 -0.76158300 -0.61375800 -0.20806500 -0.50749500 0.36514900 0.78045700
0.08172000 0.02430600 -0.05189600 -0.40325100 0.69854200 -0.59112300 -0.76262600 -0.61355900 -0.20480800 -0.50575600 0.36821600 0.78014400
0.08160500 0.02401600 -0.05142000 -0.40315100 0.69906600 -0.59057200 -0.76423800 -0.61217400 -0.20293400 -0.50339700 0.36952500 0.78105100
0.08155700 0.02367500 -0.05102900 -0.40319100 0.70132800 -0.58785500 -0.76582100 -0.61024200 -0.20278400 -0.50095300 0.36843200 0.78313700
0.08155800 0.02353500 -0.05084900 -0.40372000 0.70221800 -0.58642800 -0.76632300 -0.60970000 -0.20251900 -0.49975800 0.36763300 0.78427400
0.08158000 0.02340900 -0.05049000 -0.40527900 0.70637400 -0.58033000 -0.76709000 -0.60808700 -0.20445600 -0.49731400 0.36230400 0.78829700
0.08163600 0.02338500 -0.05015700 -0.40526200 0.70844000 -0.57781700 -0.76801500 -0.60667800 -0.20516400 -0.49589700 0.36062800 0.78995700
0.08167400 0.02338500 -0.04998800 -0.40514700 0.70844900 -0.57788800 -0.76842300 -0.60634900 -0.20461100 -0.49535800 0.36116500 0.79004900
0.08172400 0.02335600 -0.04965400 -0.40291300 0.70913700 -0.57860500 -0.76885400 -0.60521200 -0.20635300 -0.49651200 0.36172100 0.78907000
0.08174300 0.02331400 -0.04940400 -0.39955500 0.70981700 -0.58009800 -0.76830100 -0.60449100 -0.21048000 -0.50006700 0.36159200 0.78688100
0.08174000 0.02330100 -0.04933300 -0.39787000 0.71012300 -0.58088100 -0.76788800 -0.60423500 -0.21271400 -0.50204200 0.36141900 0.78570200
0.08165900 0.02325800 -0.04928300 -0.39657900 0.71026400 -0.58159100 -0.76732300 -0.60424800 -0.21470600 -0.50392400 0.36112000 0.78463400
0.08150100 0.02319800 -0.04930800 -0.39399400 0.71045300 -0.58311500 -0.76584800 -0.60454200 -0.21909900 -0.50817800 0.36025400 0.78228500
0.08140900 0.02314800 -0.04933200 -0.39301800 0.71040400 -0.58383300 -0.76496800 -0.60492200 -0.22111400 -0.51025400 0.35971200 0.78118300
