0.04930800 0.03021800 -0.05733400 0.30983000 0.44579100 -0.83980700 -0.58486400 -0.60703200 -0.53800200 -0.74962600 0.65786200 0.07265000
0.05000400 0.03152000 -0.05765000 0.28185200 0.44606500 -0.84946100 -0.51103500 -0.67952500 -0.52639100 -0.81203500 0.58246900 0.03642900
0.05043900 0.03219300 -0.05780000 0.26282600 0.44576000 -0.85569800 -0.46352100 -0.71949600 -0.51717800 -0.84620900 0.53256100 0.01751700
0.05153900 0.03352200 -0.05807000 0.22704200 0.43168800 -0.87298100 -0.37302000 -0.78948300 -0.48741200 -0.89961500 0.43630200 -0.01821700
0.05271500 0.03465900 -0.05816600 0.20755800 0.40936200 -0.88844900 -0.29696500 -0.83899800 -0.45595400 -0.93205700 0.35847500 -0.05257500
0.05337100 0.03514500 -0.05816900 0.19869700 0.40412400 -0.89286200 -0.24329800 -0.86216900 -0.44437500 -0.94938100 0.30552800 -0.07298800
0.05479900 0.03599200 -0.05806900 0.16213400 0.40768200 -0.89861400 -0.07226800 -0.90331200 -0.42285200 -0.98411800 0.13350000 -0.11699500
0.05617400 0.03660000 -0.05771400 0.14644000 0.39529200 -0.90680600 0.06664100 -0.91854800 -0.38964900 -0.98697200 -0.00337000 -0.16085500
0.05751400 0.03700200 -0.05723200 0.14105200 0.39457500 -0.90797200 0.19429800 -0.91033800 -0.36541900 -0.97074700 -0.12487400 -0.20507100
0.05819100 0.03716400 -0.05696700 0.13799800 0.40208000 -0.90514500 0.26034700 -0.89647600 -0.35853600 -0.95560200 -0.18617500 -0.22839300
0.05940100 0.03736900 -0.05641200 0.14569900 0.41314100 -0.89893600 0.34470200 -0.87289500 -0.34530400 -0.92733600 -0.25955400 -0.26959000
0.06047800 0.03733900 -0.05586200 0.14741900 0.41394700 -0.89828400 0.42451300 -0.84678100 -0.32054500 -0.89333900 -0.33407900 -0.30055800
0.06099800 0.03723800 -0.05555900 0.14682400 0.41162200 -0.89944900 0.47053400 -0.82889900 -0.30252700 -0.87007900 -0.37880400 -0.31538500
0.06185800 0.03691400 -0.05484500 0.15021900 0.41816000 -0.89586500 0.55479900 -0.78567500 -0.27369800 -0.81830900 -0.45591100 -0.35001900
0.06256000 0.03632400 -0.05398100 0.15468900 0.43743200 -0.88584600 0.63376600 -0.73177700 -0.25068200 -0.75789900 -0.52264100 -0.39042800
0.06285500 0.03595500 -0.05351900 0.15898900 0.44662900 -0.88047900 0.66538600 -0.70732500 -0.23864600 -0.72937200 -0.54791600 -0.40963800
0.06331900 0.03517100 -0.05250800 0.16934200 0.46004500 -0.87159700 0.71603400 -0.66511200 -0.21194100 -0.67721300 -0.58820300 -0.44203900
0.06353900 0.03437000 -0.05142100 0.17671700 0.47058200 -0.86447800 0.75443600 -0.62884500 -0.18809200 -0.63213600 -0.61895500 -0.46615100
0.06363100 0.03359200 -0.05035600 0.18445900 0.46749600 -0.86453500 0.77903800 -0.60584700 -0.16139400 -0.59922700 -0.64373600 -0.47595100
0.06362400 0.03322000 -0.04980900 0.18869700 0.46200700 -0.86656800 0.79042300 -0.59511100 -0.14516500 -0.58277200 -0.65756400 -0.47747700
0.06353000 0.03245400 -0.04879600 0.19717500 0.45221300 -0.86984100 0.81474700 -0.56906000 -0.11115600 -0.54525900 -0.68678400 -0.48064400
0.06338900 0.03155700 -0.04785100 0.20598300 0.44349600 -0.87228500 0.85125900 -0.52085100 -0.06379800 -0.48262500 -0.72940000 -0.48481600
0.06333800 0.03103600 -0.04737700 0.20621500 0.44196000 -0.87300900 0.87330400 -0.48556800 -0.03953400 -0.44137800 -0.75425000 -0.48609700
0.06312600 0.03014200 -0.04653000 0.22172500 0.43416200 -0.87312000 0.89391300 -0.44821800 0.00412800 -0.38955700 -0.78141000 -0.48748500
0.06284200 0.02944200 -0.04578800 0.22248300 0.43532400 -0.87234900 0.91728700 -0.39659100 0.03603500 -0.33027900 -0.80821200 -0.48755300
0.06264500 0.02891900 -0.04529100 0.21772500 0.44060000 -0.87089900 0.93927600 -0.33708400 0.06428300 -0.26524300 -0.83201200 -0.48723700
0.06259200 0.02868100 -0.04512800 0.21346100 0.44458100 -0.86993100 0.94970500 -0.30326100 0.07805400 -0.22911500 -0.84284000 -0.48695500
0.06255400 0.02825900 -0.04494800 0.20958000 0.45157100 -0.86727000 0.96325300 -0.24772700 0.10378800 -0.16797900 -0.85715400 -0.48689700
0.06261000 0.02790400 -0.04492800 0.20908600 0.46003000 -0.86293300 0.97103700 -0.20200400 0.12759100 -0.11562000 -0.86461900 -0.48894300
0.06265900 0.02775800 -0.04497000 0.21033900 0.46394400 -0.86053000 0.97303200 -0.18459400 0.13831600 -0.09467800 -0.86641800 -0.49026100
0.06275200 0.02750400 -0.04514500 0.21500900 0.47146200 -0.85527400 0.97487300 -0.15584800 0.15916500 -0.05825200 -0.86800500 -0.49312500
0.06285900 0.02726900 -0.04534300 0.21460900 0.48211100 -0.84941800 0.97649700 -0.12362400 0.17655000 -0.01989200 -0.86734300 -0.49731200
0.06293800 0.02704700 -0.04548500 0.21443100 0.48625000 -0.84710000 0.97666400 -0.09606200 0.19208700 0.01202800 -0.86852200 -0.49550200
0.06295900 0.02694600 -0.04555300 0.21321200 0.48520100 -0.84800800 0.97669800 -0.08408000 0.19746100 0.02450800 -0.87035000 -0.49182200
0.06297500 0.02673100 -0.04569300 0.20454400 0.48443700 -0.85057700 0.97786200 -0.06196800 0.19986000 0.04411000 -0.87262800 -0.48638800
0.06298500 0.02651700 -0.04584400 0.18907700 0.48497400 -0.85384300 0.98037100 -0.04376600 0.19223700 0.05586100 -0.87343200 -0.48373000
0.06297900 0.02640300 -0.04592300 0.18706400 0.48556800 -0.85394900 0.98027700 -0.03586300 0.19434500 0.06374200 -0.87346200 -0.48270000
0.06297300 0.02615400 -0.04607500 0.17436500 0.48747800 -0.85554700 0.98154100 -0.01672300 0.19051500 0.07856400 -0.87297400 -0.48139700
0.06295200 0.02589700 -0.04629600 0.16627200 0.49062100 -0.85536100 0.98138200 0.00223300 0.19204900 0.09613400 -0.87136900 -0.48111600
0.06286900 0.02565400 -0.04658400 0.15750900 0.49519600 -0.85438300 0.98061000 0.02371300 0.19452400 0.11658800 -0.86845700 -0.48185900
0.06280600 0.02555200 -0.04673000 0.15120800 0.49667300 -0.85466400 0.98115600 0.02979400 0.19090200 0.12028000 -0.86742500 -0.48280900
0.06264700 0.02531100 -0.04702100 0.14410900 0.49981500 -0.85405800 0.98108200 0.04057700 0.18928900 0.12926500 -0.86518000 -0.48451300
0.06245100 0.02515700 -0.04718500 0.13989000 0.50263800 -0.85310300 0.98037700 0.05054400 0.19054000 0.13889200 -0.86301800 -0.48570400
0.06236600 0.02511900 -0.04723200 0.13702200 0.50400800 -0.85275900 0.97999400 0.05646700 0.19084100 0.14433800 -0.86185000 -0.48618800
0.06221300 0.02507100 -0.04727700 0.13493100 0.50594000 -0.85194900 0.97911600 0.06387400 0.19300300 0.15206600 -0.86020000 -0.48675600
0.06210700 0.02504900 -0.04731400 0.13360400 0.50817100 -0.85082900 0.97746000 0.07404000 0.19771000 0.16346600 -0.85806700 -0.48682500
0.06206000 0.02494300 -0.04742100 0.13588700 0.50995800 -0.84939700 0.97554600 0.08062100 0.20447100 0.17275100 -0.85641200 -0.48653300
0.06202600 0.02490900 -0.04752000 0.13412900 0.51040600 -0.84940800 0.97523400 0.08412500 0.20454800 0.17585900 -0.85580800 -0.48648200
0.06191500 0.02492200 -0.04770200 0.13448600 0.51295300 -0.84781600 0.97412200 0.08840900 0.20801200 0.18165500 -0.85385100 -0.48778900
0.06182900 0.02498400 -0.04785400 0.13197600 0.51491000 -0.84702300 0.97329800 0.09458600 0.20915000 0.18781000 -0.85200900 -0.48867800
0.06179800 0.02501600 -0.04792600 0.13182200 0.51557900 -0.84664000 0.97302300 0.09583100 0.20985900 0.18933400 -0.85146500 -0.48903800
0.06174500 0.02505200 -0.04803900 0.13245000 0.51728700 -0.84549900 0.97161600 0.10092100 0.21395200 0.19600300 -0.84983900 -0.48923900
0.06168200 0.02507900 -0.04824700 0.13272200 0.51934400 -0.84419500 0.97028000 0.10579400 0.21762800 0.20233500 -0.84799000 -0.48986900
0.06157700 0.02511600 -0.04848700 0.13344100 0.52116600 -0.84295800 0.96959600 0.10739400 0.21988500 0.20512500 -0.84667100 -0.49099000
0.06152000 0.02518200 -0.04861000 0.13373800 0.52215000 -0.84230200 0.96929400 0.10805900 0.22088800 0.20635600 -0.84598000 -0.49166500
0.06139500 0.02535200 -0.04885600 0.13663900 0.52434400 -0.84047100 0.96818100 0.10887300 0.22532300 0.20965100 -0.84451700 -0.49278400
0.06131400 0.02554200 -0.04913600 0.14263800 0.52661900 -0.83804800 0.96644100 0.10866200 0.23277300 0.21364700 -0.84312700 -0.49344700
0.06128700 0.02564900 -0.04931000 0.14574000 0.52779400 -0.83677400 0.96559900 0.10822600 0.23644000 0.21535300 -0.84244800 -0.49386500
0.06123900 0.02587800 -0.04971100 0.14709200 0.53080300 -0.83463200 0.96402900 0.11192700 0.24107800 0.22138400 -0.84007100 -0.49524600
0.06117900 0.02613700 -0.05010300 0.14680100 0.53275600 -0.83343800 0.96422300 0.11094500 0.24075700 0.22073100 -0.83896400 -0.49740900
0.06111400 0.02636400 -0.05044900 0.14525400 0.53438700 -0.83266400 0.96479100 0.11000700 0.23890300 0.21926600 -0.83805000 -0.49959300
0.06110000 0.02647700 -0.05061900 0.14580400 0.53545500 -0.83188200 0.96441200 0.11054300 0.24018500 0.22056700 -0.83729700 -0.50028200
0.06110900 0.02662200 -0.05090300 0.14672600 0.53709800 -0.83066000 0.96371300 0.11169200 0.24244700 0.22299600 -0.83609100 -0.50122100
0.06111700 0.02666300 -0.05116100 0.14509300 0.53797500 -0.83037900 0.96411200 0.11172100 0.24084000 0.22233700 -0.83552400 -0.50245900
0.06109500 0.02663000 -0.05125500 0.14612700 0.53850600 -0.82985300 0.96377700 0.11169600 0.24219000 0.22311200 -0.83518500 -0.50267800
0.06100700 0.02643700 -0.05134900 0.14000700 0.53881200 -0.83070900 0.96486700 0.11413700 0.23664900 0.22232400 -0.83465700 -0.50390300
0.06084300 0.02610800 -0.05133700 0.13523800 0.53897100 -0.83139600 0.96557800 0.11647500 0.23257200 0.22218700 -0.83423100 -0.50466700
0.06072800 0.02595800 -0.05129400 0.13437400 0.53912500 -0.83143600 0.96565300 0.11705700 0.23196900 0.22238600 -0.83405000 -0.50487900
0.06048100 0.02575800 -0.05119800 0.13125300 0.54006900 -0.83132200 0.96530500 0.12132500 0.23122500 0.22573800 -0.83282900 -0.50540700
0.06029200 0.02570500 -0.05118000 0.12702300 0.54094300 -0.83141100 0.96549300 0.12469000 0.22863500 0.22734800 -0.83176400 -0.50643800
0.06018100 0.02572000 -0.05118000 0.12725000 0.54153700 -0.83099000 0.96531700 0.12494100 0.22924000 0.22796700 -0.83134000 -0.50685600
0.06015300 0.02572900 -0.05116800 0.12729000 0.54164900 -0.83091000 0.96527300 0.12502800 0.22937600 0.22812900 -0.83125300 -0.50692500
0.06015000 0.02574600 -0.05112400 0.12732800 0.54156100 -0.83096200 0.96521400 0.12523200 0.22951700 0.22836000 -0.83128000 -0.50677700
0.06017300 0.02580800 -0.05107800 0.12731600 0.54141900 -0.83105600 0.96515300 0.12550300 0.22962200 0.22862300 -0.83133200 -0.50657500
0.06017600 0.02585500 -0.05105000 0.12748300 0.54139900 -0.83104400 0.96508300 0.12559900 0.22986800 0.22882900 -0.83133100 -0.50648300
0.06020700 0.02591900 -0.05098900 0.12764900 0.54116500 -0.83117100 0.96500600 0.12577500 0.23009400 0.22906000 -0.83145600 -0.50617300
0.06022000 0.02595400 -0.05095000 0.12786500 0.54102800 -0.83122600 0.96496300 0.12575200 0.23028600 0.22912000 -0.83154900 -0.50599300
0.06021600 0.02596700 -0.05096600 0.12808900 0.54113500 -0.83112300 0.96492400 0.12563600 0.23051100 0.22915600 -0.83149700 -0.50606200
0.06020800 0.02595100 -0.05097800 0.12811300 0.54118000 -0.83109000 0.96493700 0.12555400 0.23050200 0.22909000 -0.83148000 -0.50612000
0.06015100 0.02594300 -0.05097400 0.12825000 0.54137600 -0.83094100 0.96494700 0.12532300 0.23058400 0.22896900 -0.83138700 -0.50632700
0.06005300 0.02598200 -0.05094900 0.12870000 0.54175700 -0.83062300 0.96488800 0.12498100 0.23101900 0.22896900 -0.83119000 -0.50665000
0.06000900 0.02599600 -0.05094000 0.12892800 0.54192600 -0.83047700 0.96486600 0.12478100 0.23121700 0.22893100 -0.83111000 -0.50679900
0.05990900 0.02602200 -0.05093100 0.12933100 0.54234000 -0.83014400 0.96483600 0.12437000 0.23156600 0.22883300 -0.83090200 -0.50718400
0.05985100 0.02601100 -0.05092900 0.12949800 0.54253600 -0.82999000 0.96485400 0.12408000 0.23164700 0.22866300 -0.83081700 -0.50740000
0.05981700 0.02602400 -0.05092700 0.12977400 0.54266600 -0.82986200 0.96485500 0.12375800 0.23181300 0.22849900 -0.83078100 -0.50753400
0.05982100 0.02602000 -0.05093000 0.12983000 0.54264300 -0.82986800 0.96486900 0.12365800 0.23180900 0.22840900 -0.83081000 -0.50752500
0.05981700 0.02602100 -0.05092300 0.12995700 0.54261100 -0.82986900 0.96488700 0.12347100 0.23183200 0.22826000 -0.83085900 -0.50751300
0.05980900 0.02601400 -0.05092800 0.12734000 0.54311200 -0.82994800 0.96448200 0.12743300 0.23137300 0.23142500 -0.82993300 -0.50759500
0.05979900 0.02600200 -0.05093100 0.12759200 0.54321700 -0.82984000 0.96435700 0.12760000 0.23180200 0.23180600 -0.82983900 -0.50757400
0.05976900 0.02597700 -0.05090000 0.12751100 0.54323200 -0.82984200 0.96430900 0.12784800 0.23186400 0.23205000 -0.82979000 -0.50754200
0.05972600 0.02594900 -0.05084700 0.12755000 0.54318900 -0.82986400 0.96428700 0.12790100 0.23192800 0.23212200 -0.82981000 -0.50747700
0.05968100 0.02588100 -0.05077200 0.12760400 0.54297700 -0.82999400 0.96433200 0.12774500 0.23182700 0.23190500 -0.82997300 -0.50731000
0.05965200 0.02585000 -0.05072700 0.12762100 0.54285400 -0.83007300 0.96437900 0.12759400 0.23171400 0.23170000 -0.83007700 -0.50723400
0.05958500 0.02578500 -0.05062500 0.12770700 0.54258700 -0.83023400 0.96449400 0.12716800 0.23146800 0.23117100 -0.83031700 -0.50708200
0.05952500 0.02569200 -0.05052500 0.12532400 0.54276400 -0.83048100 0.96411200 0.13085000 0.23100800 0.23405200 -0.82962900 -0.50688700
0.05948400 0.02565600 -0.05047700 0.12536400 0.54269500 -0.83052100 0.96413100 0.13076600 0.23097900 0.23395500 -0.82968700 -0.50683600
0.05940200 0.02559600 -0.05037900 0.12563000 0.54254600 -0.83057800 0.96418300 0.13035900 0.23099000 0.23359600 -0.82984900 -0.50673700
0.05931400 0.02554500 -0.05029400 0.12609300 0.54245300 -0.83056800 0.96424700 0.12969700 0.23109400 0.23308100 -0.83001300 -0.50670600
0.05928000 0.02552900 -0.05026900 0.12338200 0.54289800 -0.83068400 0.96388800 0.13350800 0.23042100 0.23599900 -0.82911700 -0.50682000
0.05925900 0.02552000 -0.05025100 0.12402300 0.54296300 -0.83054700 0.96374800 0.13335500 0.23109200 0.23623200 -0.82909900 -0.50674100
0.05925900 0.02553900 -0.05025000 0.12452300 0.54301200 -0.83044000 0.96365300 0.13318700 0.23158700 0.23635900 -0.82909400 -0.50669100
0.05926000 0.02554700 -0.05025700 0.12512000 0.54306400 -0.83031600 0.96357000 0.13288000 0.23210900 0.23638300 -0.82911000 -0.50665400
0.05926000 0.02554600 -0.05025700 0.12532900 0.54305600 -0.83029000 0.96356200 0.13270400 0.23224100 0.23630300 -0.82914300 -0.50663800
0.05925800 0.02556100 -0.05026500 0.12558000 0.54311000 -0.83021700 0.96355200 0.13247900 0.23241300 0.23621300 -0.82914400 -0.50667800
0.05925900 0.02557700 -0.05028500 0.12592100 0.54321200 -0.83009800 0.96349800 0.13230100 0.23273500 0.23624800 -0.82910500 -0.50672500
0.05926300 0.02558000 -0.05029500 0.12611100 0.54323900 -0.83005200 0.96347600 0.13218700 0.23289300 0.23623900 -0.82910600 -0.50672700
0.05928500 0.02558900 -0.05031300 0.12618800 0.54322700 -0.83004800 0.96347000 0.13213400 0.23294700 0.23622100 -0.82912200 -0.50670900
0.05929700 0.02560100 -0.05032900 0.12640000 0.54326300 -0.82999200 0.96343600 0.13203600 0.23314500 0.23624900 -0.82911400 -0.50671000
0.05930800 0.02560600 -0.05033800 0.12661800 0.54326300 -0.82995900 0.96340800 0.13191900 0.23332700 0.23624500 -0.82913300 -0.50668100
0.05931100 0.02560500 -0.05034500 0.12668900 0.54327200 -0.82994200 0.96340100 0.13186900 0.23338100 0.23623300 -0.82913500 -0.50668300
0.05931700 0.02562700 -0.05035400 0.12685700 0.54333000 -0.82987900 0.96336200 0.13182700 0.23356900 0.23630500 -0.82910400 -0.50670000
0.05931800 0.02563700 -0.05036400 0.12243900 0.54428200 -0.82991800 0.96238900 0.13921900 0.23328600 0.24251500 -0.82726900 -0.50676600
0.05931800 0.02564100 -0.05037400 0.11862700 0.54506100 -0.82996100 0.96155500 0.14542700 0.23294200 0.24766600 -0.82568700 -0.50685500
0.05932100 0.02565100 -0.05037400 0.12092600 0.54520100 -0.82953700 0.96116300 0.14453000 0.23510500 0.24807300 -0.82575100 -0.50655000
0.05931700 0.02566100 -0.05037900 0.12175800 0.54520400 -0.82941300 0.96116900 0.14372400 0.23557500 0.24764300 -0.82589000 -0.50653400
0.05927600 0.02568200 -0.05037200 0.12279900 0.54536500 -0.82915400 0.96110700 0.14289700 0.23633000 0.24737000 -0.82592800 -0.50660700
0.05924200 0.02569700 -0.05036900 0.12351900 0.54551400 -0.82894800 0.96104500 0.14237400 0.23689600 0.24725100 -0.82591900 -0.50667800
0.05916800 0.02573400 -0.05035700 0.12494700 0.54583700 -0.82852200 0.96090800 0.14137200 0.23804900 0.24706600 -0.82587800 -0.50683500
0.05904000 0.02582300 -0.05030900 0.13041300 0.54685600 -0.82700600 0.95955500 0.14028100 0.24407600 0.24948800 -0.82539000 -0.50644400
0.05896800 0.02589000 -0.05027600 0.13195700 0.54791200 -0.82606200 0.95818400 0.14295600 0.24788300 0.25390900 -0.82423000 -0.50613700
0.05886400 0.02599000 -0.05020700 0.13485000 0.54827100 -0.82535600 0.95781100 0.14122300 0.25030300 0.25379400 -0.82428900 -0.50609700
0.05879100 0.02607300 -0.05018000 0.13834000 0.54880900 -0.82442000 0.95708500 0.13995500 0.25376900 0.25465300 -0.82414800 -0.50589600
0.05867300 0.02623100 -0.05016400 0.14632200 0.55029300 -0.82205000 0.95482500 0.13870700 0.26280800 0.25864600 -0.82336900 -0.50513800
0.05861100 0.02633300 -0.05016800 0.15162000 0.55130800 -0.82040800 0.95319000 0.13812400 0.26897700 0.26160800 -0.82278800 -0.50455900
0.05849600 0.02658300 -0.05023600 0.16185700 0.55392100 -0.81668300 0.94934200 0.13848800 0.28207900 0.26935000 -0.82096900 -0.50344600
0.05840000 0.02690200 -0.05037900 0.17469700 0.55649100 -0.81227900 0.94533400 0.13591600 0.29642900 0.27536200 -0.81966000 -0.50232600
0.05837900 0.02706600 -0.05047400 0.18168700 0.55777600 -0.80986000 0.94307200 0.13447300 0.30418800 0.27857300 -0.81902500 -0.50159200
0.05840000 0.02738600 -0.05072400 0.19053900 0.55949000 -0.80663700 0.94060500 0.13114600 0.31314700 0.28099000 -0.81839400 -0.50127200
0.05845900 0.02767500 -0.05101400 0.19617900 0.56141900 -0.80394100 0.93840700 0.13033100 0.32000600 0.28443700 -0.81720300 -0.50127100
0.05850500 0.02797700 -0.05130200 0.20242200 0.56284800 -0.80139000 0.93677500 0.12723200 0.32597900 0.28543900 -0.81670800 -0.50150800
0.05852400 0.02813800 -0.05144800 0.20701400 0.56377500 -0.79956300 0.93531700 0.12563800 0.33074900 0.28692400 -0.81631500 -0.50130000
0.05856900 0.02841200 -0.05172400 0.21385400 0.56523800 -0.79672500 0.93322700 0.12283000 0.33763600 0.28870700 -0.81573100 -0.50122800
0.05862600 0.02864700 -0.05198900 0.21780200 0.56704900 -0.79436500 0.93122700 0.12292800 0.34307800 0.29219300 -0.81445800 -0.50127800
0.05865500 0.02873700 -0.05210500 0.21821600 0.56813100 -0.79347800 0.93029400 0.12455200 0.34502000 0.29484700 -0.81345700 -0.50135000
0.05868900 0.02883000 -0.05228000 0.21912700 0.57007500 -0.79183100 0.92833300 0.12796300 0.34902800 0.30029800 -0.81156500 -0.50117900
0.05866500 0.02881700 -0.05235400 0.21688000 0.57211000 -0.79098100 0.92665900 0.13418300 0.35113500 0.30702400 -0.80912500 -0.50105000
0.05864300 0.02878800 -0.05236300 0.21777800 0.57237600 -0.79054200 0.92612800 0.13441200 0.35244700 0.30799100 -0.80889900 -0.50082200
0.05857900 0.02874300 -0.05236800 0.21650200 0.57359800 -0.79000700 0.92505000 0.13816200 0.35382600 0.31210300 -0.80740000 -0.50069400
0.05851200 0.02877300 -0.05236700 0.21840200 0.57551800 -0.78808500 0.92228800 0.14215800 0.35940800 0.31887800 -0.80533700 -0.49974600
0.05843500 0.02883300 -0.05235200 0.22417700 0.57811600 -0.78455400 0.91749500 0.14620700 0.36989900 0.32855200 -0.80274800 -0.49764200
0.05840000 0.02885400 -0.05234400 0.22659900 0.57895400 -0.78323900 0.91581400 0.14710300 0.37368900 0.33156600 -0.80198000 -0.49688200
0.05834500 0.02891500 -0.05235800 0.22841200 0.58110700 -0.78111500 0.91276300 0.15127100 0.37944500 0.33865900 -0.79964300 -0.49586200
0.05835400 0.02901200 -0.05244400 0.22683500 0.58333600 -0.77991300 0.91071000 0.15677500 0.38213600 0.34518500 -0.79695700 -0.49568800
0.05838700 0.02907700 -0.05252100 0.22645000 0.58407000 -0.77947500 0.91016500 0.15810300 0.38288600 0.34687000 -0.79615600 -0.49579800
0.05850300 0.02925400 -0.05272600 0.22461800 0.58527900 -0.77909900 0.90988400 0.16021100 0.38267800 0.34879400 -0.79484600 -0.49655000
0.05864100 0.02941500 -0.05293500 0.22059300 0.58639600 -0.77940800 0.91018100 0.16346500 0.38058900 0.35058300 -0.79335900 -0.49766700
0.05887000 0.02944400 -0.05312500 0.21464100 0.58708800 -0.78054800 0.91053000 0.16885300 0.37738700 0.35335800 -0.79171600 -0.49831900
0.05899800 0.02940100 -0.05318900 0.21221200 0.58727700 -0.78107000 0.91035800 0.17176700 0.37648700 0.35526500 -0.79094900 -0.49818200
0.05927900 0.02923400 -0.05327400 0.19901400 0.59000900 -0.78248400 0.90747000 0.19049800 0.37444200 0.36998600 -0.78460100 -0.49750400
0.05959100 0.02907000 -0.05334300 0.18302400 0.59362100 -0.78365500 0.90243700 0.21478100 0.37346300 0.39001100 -0.77555200 -0.49639600
0.05973400 0.02899800 -0.05339100 0.17663700 0.59481100 -0.78421800 0.89978500 0.22538300 0.37361500 0.39898000 -0.77162200 -0.49539100
0.05997900 0.02886300 -0.05346100 0.16379000 0.59819600 -0.78443200 0.89422200 0.24575800 0.37412500 0.41658000 -0.76273400 -0.49466700
0.06015000 0.02873300 -0.05350000 0.14884900 0.60157800 -0.78482200 0.88731400 0.26906800 0.37453200 0.43648100 -0.75213300 -0.49373900
0.06024600 0.02857100 -0.05347700 0.13820400 0.60376900 -0.78508700 0.88162300 0.28618300 0.37528500 0.45126400 -0.74401700 -0.49274500
0.06027400 0.02850300 -0.05345000 0.13066400 0.60518300 -0.78528900 0.87790600 0.29740700 0.37527100 0.46065800 -0.73844500 -0.49243400
0.06032600 0.02836400 -0.05340600 0.12365800 0.60644400 -0.78545100 0.87362000 0.30886800 0.37601400 0.47063300 -0.73268300 -0.49160800
0.06036900 0.02821700 -0.05334300 0.11676500 0.60730000 -0.78584400 0.86973500 0.31950000 0.37613900 0.47950700 -0.72739600 -0.49088400
0.06039500 0.02814200 -0.05331500 0.11316500 0.60761500 -0.78612700 0.86786300 0.32476600 0.37595000 0.48374100 -0.72479500 -0.49057500
0.06043900 0.02797100 -0.05326300 0.10204200 0.60881400 -0.78672200 0.86195200 0.34069600 0.37545100 0.49661400 -0.71642900 -0.49000300
0.06044800 0.02775800 -0.05318000 0.10000800 0.60869100 -0.78707800 0.86014200 0.34474700 0.37590300 0.50015200 -0.71459300 -0.48908400
0.06039000 0.02747200 -0.05296400 0.10009500 0.60759000 -0.78791700 0.85999600 0.34542200 0.37561800 0.50038600 -0.71520400 -0.48795000
0.06038000 0.02730200 -0.05279300 0.10019500 0.60657500 -0.78868600 0.86012900 0.34564600 0.37510600 0.50013600 -0.71595700 -0.48710200
0.06040800 0.02700700 -0.05235900 0.10370500 0.60515300 -0.78932500 0.85908800 0.34541900 0.37769300 0.50121000 -0.71726800 -0.48405900
0.06058500 0.02688000 -0.05196600 0.10780200 0.60394400 -0.78970100 0.85757900 0.34534100 0.38117600 0.50292600 -0.71832400 -0.48070200
0.06072300 0.02687100 -0.05177300 0.10938400 0.60314100 -0.79009800 0.85699000 0.34547900 0.38237400 0.50358900 -0.71893200 -0.47909600
0.06109800 0.02702400 -0.05142000 0.11345500 0.60206400 -0.79034500 0.85516500 0.34578200 0.38616800 0.50578500 -0.71968900 -0.47563400
0.06164300 0.02740600 -0.05111300 0.12097800 0.60250200 -0.78889500 0.85105200 0.34612200 0.39485400 0.51095400 -0.71915900 -0.47088700
0.06236800 0.02792000 -0.05082800 0.13103200 0.60337000 -0.78662100 0.84591800 0.34571100 0.40608400 0.51696300 -0.71862800 -0.46510400
0.06279300 0.02819300 -0.05069600 0.13738700 0.60386600 -0.78515600 0.84309700 0.34477500 0.41269300 0.51991400 -0.71866200 -0.46175000
0.06381600 0.02876900 -0.05043600 0.14825400 0.60357000 -0.78340500 0.83842600 0.34339000 0.42322900 0.52446200 -0.71957300 -0.45514000
0.06502700 0.02924100 -0.05017100 0.15627600 0.60125300 -0.78362700 0.83520300 0.34308400 0.42979900 0.52726900 -0.72165600 -0.44855300
0.06572700 0.02947800 -0.05003600 0.15827900 0.59909900 -0.78487400 0.83444800 0.34379400 0.43069700 0.52786500 -0.72310800 -0.44550200
0.06714000 0.02989100 -0.04979500 0.16252500 0.59462800 -0.78740100 0.83299200 0.34504800 0.43250800 0.52887300 -0.72619400 -0.43924200
0.06863100 0.03030100 -0.04961200 0.16187700 0.58643100 -0.79365800 0.83711300 0.34426300 0.42511500 0.52252900 -0.73319900 -0.43518000
0.06936400 0.03054200 -0.04964100 0.16071000 0.58202800 -0.79712900 0.84043800 0.34277700 0.41972200 0.51752800 -0.73739100 -0.43407100
0.07082700 0.03102700 -0.04992300 0.15155800 0.56984700 -0.80765300 0.85293500 0.33753700 0.39820800 0.49953000 -0.74922700 -0.43488700
0.07216600 0.03160900 -0.05054200 0.11941800 0.54963100 -0.82682800 0.87714200 0.33175400 0.34721800 0.46514600 -0.76671000 -0.44248700
0.07325200 0.03221800 -0.05161100 0.06093700 0.51921000 -0.85247100 0.91288000 0.31639300 0.25795900 0.40365100 -0.79392400 -0.45469700
0.07380100 0.03241700 -0.05234100 0.03723800 0.48613900 -0.87308700 0.93977900 0.28000400 0.19598900 0.33974600 -0.82780700 -0.44643700
0.07481900 0.03249400 -0.05391700 -0.00279400 0.40132800 -0.91592900 0.96643700 0.23637500 0.10062300 0.25688600 -0.88490700 -0.38851900
0.07561300 0.03235300 -0.05601600 -0.05391300 0.30986500 -0.94925000 0.98002600 0.19865600 0.00918700 0.19142100 -0.92979400 -0.31438600
0.07593800 0.03190200 -0.05835700 -0.10070900 0.23575800 -0.96657800 0.98742000 0.14270700 -0.06807300 0.12188900 -0.96127600 -0.24716500
0.07594700 0.03156800 -0.05954300 -0.12700900 0.20801900 -0.96984300 0.98785100 0.11478900 -0.10474700 0.08953800 -0.97136500 -0.22007100
0.07559500 0.03073600 -0.06183400 -0.17930200 0.15773200 -0.97106600 0.98311200 0.06545400 -0.17089500 0.03660500 -0.98531000 -0.16680400
0.07467400 0.02979000 -0.06387200 -0.22252100 0.11875100 -0.96766800 0.97411500 -0.01342800 -0.22565100 -0.03979000 -0.99283200 -0.11268900
0.07401800 0.02934300 -0.06468200 -0.23640100 0.10393600 -0.96607900 0.96743700 -0.06736100 -0.24398000 -0.09043400 -0.99229900 -0.08462800
0.07234700 0.02851500 -0.06586000 -0.25086600 0.09456600 -0.96339100 0.93668600 -0.22745400 -0.26623900 -0.24430400 -0.96918600 -0.03151900
0.07040700 0.02772200 -0.06653300 -0.25932300 0.09370100 -0.96123400 0.88202000 -0.38247200 -0.27523600 -0.39343500 -0.91920300 0.01653800
0.06941800 0.02734600 -0.06669600 -0.26128200 0.10185300 -0.95987300 0.83965500 -0.46653900 -0.27806300 -0.47614100 -0.87861600 0.03637700
0.06736500 0.02673000 -0.06671800 -0.26325700 0.12565400 -0.95650700 0.73286100 -0.61873500 -0.28298500 -0.62738300 -0.77548500 0.07080000
0.06545800 0.02642500 -0.06646000 -0.25805000 0.15850100 -0.95304100 0.59778100 -0.74875900 -0.28638500 -0.75899000 -0.64361200 0.09846900
0.06390000 0.02637100 -0.06593700 -0.22905400 0.20539100 -0.95149700 0.39537700 -0.87359000 -0.28375300 -0.88950000 -0.44119500 0.11889200
0.06317700 0.02640600 -0.06560100 -0.20424800 0.23183800 -0.95106900 0.25385400 -0.92577100 -0.28018800 -0.94543100 -0.29866100 0.13023400
0.06204400 0.02660000 -0.06491600 -0.14641800 0.27198800 -0.95109500 -0.01641900 -0.96199300 -0.27257700 -0.98908600 -0.02429500 0.14531900
0.06144900 0.02692600 -0.06435300 -0.10961000 0.29148400 -0.95027400 -0.15410100 -0.94945900 -0.27345900 -0.98195600 0.11646400 0.14898900
0.06131100 0.02706600 -0.06411100 -0.10153800 0.29507300 -0.95006300 -0.18221400 -0.94435900 -0.27382800 -0.97800100 0.14531100 0.14965500
0.06133700 0.02728700 -0.06380600 -0.05603700 0.31922800 -0.94601900 -0.28456000 -0.91331600 -0.29133700 -0.95701800 0.25287400 0.14201900
0.06172900 0.02749400 -0.06369600 -0.02226300 0.33045000 -0.94356000 -0.37991000 -0.87579100 -0.29775200 -0.92475500 0.35183900 0.14503900
0.06240400 0.02770900 -0.06372200 -0.01379200 0.34402300 -0.93885900 -0.42763300 -0.85077600 -0.30546600 -0.90384700 0.39727400 0.15884900
0.06278300 0.02777900 -0.06378800 -0.01010500 0.35376300 -0.93528000 -0.45309500 -0.83541800 -0.31109600 -0.89140400 0.42062700 0.16873000
0.06357600 0.02786900 -0.06398400 -0.01939400 0.38329300 -0.92342200 -0.50374400 -0.80154600 -0.32212500 -0.86363400 0.45892200 0.20862700
0.06426100 0.02780000 -0.06411300 -0.05247200 0.42416700 -0.90406100 -0.53519900 -0.77625800 -0.33314100 -0.84309400 0.46637300 0.26774600
0.06455600 0.02772300 -0.06413300 -0.06358400 0.44817100 -0.89168300 -0.55344800 -0.75934200 -0.34219000 -0.83045300 0.47174200 0.29632100
0.06502000 0.02758600 -0.06415400 -0.08612700 0.48570000 -0.86987100 -0.56647200 -0.74212000 -0.35828200 -0.81956600 0.46190100 0.33905200
0.06537400 0.02754700 -0.06414700 -0.09179600 0.50788500 -0.85651900 -0.58391900 -0.72419800 -0.36684300 -0.80660400 0.46646300 0.36304300
0.06547100 0.02779300 -0.06423700 -0.08444900 0.52092500 -0.84941400 -0.61472800 -0.69813600 -0.36703400 -0.78420500 0.49116300 0.37918400
0.06540400 0.02802000 -0.06435100 -0.08330800 0.52273600 -0.84841300 -0.62947700 -0.68761800 -0.36185500 -0.77253900 0.50391200 0.38633400
0.06511800 0.02867800 -0.06484600 -0.06992300 0.52709600 -0.84692300 -0.66092300 -0.66039900 -0.35644300 -0.74718800 0.53482800 0.39454700
0.06477600 0.02954600 -0.06569500 -0.06442700 0.52678500 -0.84755200 -0.67229300 -0.65056700 -0.35324600 -0.73747500 0.54704600 0.39606800
0.06462600 0.03011200 -0.06630800 -0.05578800 0.52569500 -0.84884100 -0.68437900 -0.63915800 -0.35085800 -0.72698900 0.56135500 0.39543200
0.06423300 0.03140800 -0.06762600 -0.04364800 0.52134200 -0.85223000 -0.71006700 -0.61626200 -0.34062400 -0.70277900 0.59027300 0.39708700
0.06391100 0.03297500 -0.06921000 -0.04903100 0.51439600 -0.85614900 -0.72055100 -0.61181300 -0.32632700 -0.69166500 0.60090000 0.40064600
0.06387900 0.03456800 -0.07096500 -0.04476300 0.51016200 -0.85891200 -0.72646700 -0.60679800 -0.32255500 -0.68574100 0.60953300 0.39777800
0.06397700 0.03537900 -0.07195000 -0.04267100 0.50790900 -0.86035200 -0.72953100 -0.60420000 -0.32050700 -0.68261400 0.61397800 0.39631800
0.06419900 0.03671600 -0.07385500 -0.04365100 0.50293700 -0.86321900 -0.73659400 -0.59992200 -0.31228400 -0.67492300 0.62221100 0.39664800
0.06436800 0.03765200 -0.07574700 -0.04675300 0.49732200 -0.86630500 -0.76165300 -0.57886400 -0.29120500 -0.64629500 0.64620900 0.40585000
0.06437700 0.03794300 -0.07663000 -0.05471400 0.49729300 -0.86585500 -0.77142900 -0.57161700 -0.27955500 -0.63395800 0.65265000 0.41490200
0.06409900 0.03813300 -0.07809100 -0.07094300 0.49935400 -0.86348800 -0.78903300 -0.55769400 -0.25768800 -0.61024000 0.66304000 0.43357100
0.06346900 0.03774800 -0.07912000 -0.07253800 0.51866200 -0.85189500 -0.79964700 -0.54072100 -0.26112000 -0.59607100 0.66227500 0.45397000
0.06263100 0.03690100 -0.07962600 -0.07750600 0.55086500 -0.83098700 -0.79972400 -0.53206200 -0.27811700 -0.59534200 0.64300500 0.48177900
0.06214400 0.03639900 -0.07971500 -0.08177300 0.56984800 -0.81767100 -0.80001900 -0.52680500 -0.28713100 -0.59437400 0.63067400 0.49896800
0.06107400 0.03537200 -0.07958400 -0.08673100 0.60956500 -0.78797600 -0.80538700 -0.50844800 -0.30468000 -0.58636800 0.60820100 0.53503400
0.05983500 0.03452500 -0.07906500 -0.09943900 0.63894300 -0.76279900 -0.80837900 -0.49887100 -0.31248900 -0.58020100 0.58555800 0.56611600
0.05918900 0.03420300 -0.07867000 -0.09592600 0.65093100 -0.75305100 -0.81484600 -0.48585900 -0.31617500 -0.57168500 0.58329100 0.57701500
0.05787800 0.03375100 -0.07766900 -0.10661600 0.66431300 -0.73981100 -0.81763500 -0.48195800 -0.31494200 -0.56577800 0.57131800 0.59455000
0.05672500 0.03339000 -0.07646000 -0.11107000 0.67284000 -0.73140200 -0.82345200 -0.47434800 -0.31131800 -0.55640600 0.56769700 0.60673800
0.05587400 0.03310100 -0.07526100 -0.11639000 0.68403900 -0.72009900 -0.82993200 -0.46525400 -0.30781400 -0.54558700 0.56180700 0.62185700
0.05555000 0.03298600 -0.07469500 -0.12272400 0.69079100 -0.71256200 -0.83196100 -0.46306500 -0.30563000 -0.54109000 0.55531600 0.63154100
0.05514400 0.03282800 -0.07360700 -0.13142900 0.70455300 -0.69737400 -0.84177500 -0.45086900 -0.29686700 -0.52358300 0.54801500 0.65233300
0.05499000 0.03276000 -0.07262300 -0.14198800 0.71534000 -0.68419800 -0.84939000 -0.44298500 -0.28687800 -0.50830500 0.54041800 0.67050200
0.05499600 0.03270900 -0.07213600 -0.15038600 0.72034900 -0.67711100 -0.84943200 -0.44456600 -0.28429600 -0.50581400 0.53240600 0.67874400
0.05518100 0.03253300 -0.07123600 -0.15535900 0.72794900 -0.66779600 -0.84558100 -0.44750100 -0.29109000 -0.51073900 0.51945300 0.68506400
0.05547700 0.03215800 -0.07036900 -0.15099800 0.73478800 -0.66127500 -0.84183400 -0.44623900 -0.30361900 -0.51818300 0.51083900 0.68595100
0.05563400 0.03191300 -0.06993400 -0.14901800 0.73720300 -0.65903300 -0.84224500 -0.44381900 -0.30601800 -0.51808900 0.50946500 0.68704200
0.05586300 0.03147700 -0.06907400 -0.14714100 0.74247600 -0.65351100 -0.84493100 -0.43784700 -0.30721300 -0.51423600 0.50696800 0.69176700
0.05592200 0.03126700 -0.06815700 -0.14759000 0.74315300 -0.65264000 -0.84704500 -0.43564600 -0.30451100 -0.51061800 0.50787300 0.69378100
0.05585800 0.03122000 -0.06725300 -0.15224500 0.74584200 -0.64849000 -0.85055000 -0.43305100 -0.29837900 -0.50337300 0.50614700 0.70030700
0.05579200 0.03118200 -0.06680400 -0.15253200 0.74943600 -0.64426500 -0.85146900 -0.43060000 -0.29930300 -0.50172900 0.50291900 0.70380200
0.05567100 0.03103000 -0.06590400 -0.15204200 0.75685200 -0.63565400 -0.85247000 -0.42588100 -0.30318100 -0.50017700 0.49578000 0.70994600
0.05556800 0.03088100 -0.06503600 -0.15327400 0.76494700 -0.62558900 -0.85432100 -0.42073700 -0.30514500 -0.49662900 0.48768400 0.71799900
0.05553500 0.03082100 -0.06458600 -0.15387500 0.76711600 -0.62277900 -0.85523100 -0.41907200 -0.30488800 -0.49487400 0.48570600 0.72054700
0.05543300 0.03077800 -0.06374600 -0.16500800 0.76895000 -0.61764500 -0.85987200 -0.41889800 -0.29179400 -0.48310600 0.48294800 0.73032100
0.05522200 0.03087500 -0.06293300 -0.17878000 0.76820300 -0.61473600 -0.86247600 -0.42303100 -0.27781200 -0.47346900 0.48052800 0.73818600
0.05501700 0.03085800 -0.06218300 -0.18742900 0.77024800 -0.60958000 -0.86263000 -0.42589500 -0.27291300 -0.46982800 0.47469000 0.74426400
0.05489500 0.03078800 -0.06186200 -0.19098500 0.77238300 -0.60576200 -0.86281700 -0.42635500 -0.27160000 -0.46804900 0.47079100 0.74785300
0.05461400 0.03053500 -0.06119100 -0.19759900 0.77950800 -0.59440700 -0.86350700 -0.42543100 -0.27085600 -0.46401400 0.45975400 0.75717600
0.05437600 0.03022200 -0.06054400 -0.19896100 0.78512400 -0.58650900 -0.86182200 -0.42509300 -0.27669000 -0.46655700 0.45041700 0.76121400
0.05429300 0.03007600 -0.06028900 -0.19833700 0.78676000 -0.58452500 -0.86048500 -0.42531200 -0.28048800 -0.46928300 0.44734400 0.76135100
0.05422600 0.02971400 -0.05990500 -0.19116400 0.78882600 -0.58413100 -0.85756500 -0.42374300 -0.29158500 -0.47753200 0.44519000 0.75747500
0.05425600 0.02949200 -0.05972100 -0.17848800 0.78976900 -0.58686100 -0.85458900 -0.42004100 -0.30535500 -0.48766600 0.44702300 0.74990000
0.05429200 0.02945100 -0.05966700 -0.17606800 0.79023800 -0.58696100 -0.85513500 -0.41813800 -0.30643700 -0.48758900 0.44797700 0.74938000
0.05435600 0.02943700 -0.05963400 -0.17135300 0.79253400 -0.58525800 -0.85474600 -0.41500700 -0.31173200 -0.48994500 0.44683100 0.74852800
0.05443000 0.02939700 -0.05964800 -0.16381600 0.79446900 -0.58479200 -0.85118500 -0.41347900 -0.32329300 -0.49864600 0.44480600 0.74397500
0.05453800 0.02931800 -0.05964600 -0.16177600 0.79458000 -0.58520800 -0.85045100 -0.41306300 -0.32574600 -0.50056000 0.44499400 0.74257600
0.05458800 0.02928700 -0.05962800 -0.16187000 0.79460400 -0.58515100 -0.85052000 -0.41303500 -0.32560200 -0.50041300 0.44497800 0.74268500
0.05464600 0.02913900 -0.05954000 -0.16031800 0.79661800 -0.58283400 -0.84991000 -0.41167600 -0.32889800 -0.50194500 0.44262900 0.74305300
0.05460900 0.02898600 -0.05938500 -0.15969700 0.79846200 -0.58047800 -0.84937000 -0.41079600 -0.33138700 -0.50305800 0.44011900 0.74379200
0.05453300 0.02884600 -0.05911100 -0.16049900 0.79851700 -0.58018100 -0.85005100 -0.41056700 -0.32991800 -0.50164900 0.44023300 0.74467600
0.05448300 0.02875700 -0.05895600 -0.16110500 0.79860900 -0.57988500 -0.85042900 -0.41048500 -0.32904600 -0.50081400 0.44014000 0.74529200
0.05439400 0.02859300 -0.05865000 -0.15868800 0.79886100 -0.58020500 -0.84927500 -0.41014500 -0.33243300 -0.50353700 0.44000000 0.74353800
0.05428600 0.02840000 -0.05827600 -0.15203000 0.79936800 -0.58128800 -0.84648500 -0.40892100 -0.34094600 -0.51024300 0.44021900 0.73882200
0.05423000 0.02828400 -0.05808500 -0.14826700 0.79970700 -0.58179400 -0.84515200 -0.40795900 -0.34537900 -0.51355100 0.44049600 0.73636100
0.05411600 0.02808000 -0.05766200 -0.14709900 0.80014800 -0.58148400 -0.84532200 -0.40695500 -0.34614600 -0.51360600 0.44062400 0.73624600
0.05395900 0.02799500 -0.05718000 -0.14881600 0.80035000 -0.58076800 -0.84628000 -0.40688800 -0.34387700 -0.51152900 0.44031800 0.73787200
0.05386700 0.02800800 -0.05696200 -0.14963000 0.80039900 -0.58049100 -0.84662000 -0.40698000 -0.34292900 -0.51072900 0.44014300 0.73853100
0.05366100 0.02809000 -0.05652700 -0.15134700 0.80044200 -0.57998700 -0.84719200 -0.40733500 -0.34109000 -0.50927200 0.43973800 0.73977800
0.05346700 0.02822700 -0.05616100 -0.15245300 0.79859700 -0.58223700 -0.84767700 -0.40855400 -0.33841800 -0.50813500 0.44195700 0.73923700
0.05327300 0.02842400 -0.05586400 -0.15319300 0.79685700 -0.58442200 -0.84796700 -0.40968000 -0.33632100 -0.50742700 0.44404900 0.73846900
0.05320700 0.02850600 -0.05574700 -0.15318600 0.79565000 -0.58606600 -0.84813200 -0.41022500 -0.33524100 -0.50715400 0.44570700 0.73765700
0.05309700 0.02867000 -0.05554200 -0.15380600 0.79534100 -0.58632200 -0.84825200 -0.41060600 -0.33446800 -0.50676400 0.44590700 0.73780400
0.05306700 0.02883200 -0.05538000 -0.15350700 0.79365300 -0.58868400 -0.84843600 -0.41125400 -0.33320500 -0.50654800 0.44831100 0.73649400
0.05311000 0.02888300 -0.05533900 -0.15084800 0.79197200 -0.59162800 -0.84764500 -0.41157200 -0.33482000 -0.50866600 0.45098400 0.73339600
0.05321700 0.02896200 -0.05527800 -0.14387700 0.78868400 -0.59772500 -0.84507500 -0.41220900 -0.34048500 -0.51492300 0.45613500 0.72580500
0.05336000 0.02900700 -0.05522900 -0.13772700 0.78647900 -0.60206300 -0.84357700 -0.41168300 -0.34481000 -0.51904500 0.46039700 0.72015600
0.05346800 0.02903000 -0.05520500 -0.13702800 0.78601000 -0.60283600 -0.84371900 -0.41147100 -0.34471600 -0.51900000 0.46138800 0.71955400
0.05350300 0.02903300 -0.05520100 -0.13518100 0.78605500 -0.60319400 -0.84271100 -0.41139900 -0.34725700 -0.52111700 0.46137600 0.71803100
0.05352900 0.02899700 -0.05520700 -0.13124900 0.78617400 -0.60390600 -0.84079100 -0.41101300 -0.35233100 -0.52520800 0.46151600 0.71495400
0.05350700 0.02896000 -0.05525000 -0.12982700 0.78613100 -0.60426900 -0.83974400 -0.41122700 -0.35457200 -0.52723200 0.46139900 0.71353800
0.05349500 0.02894700 -0.05526100 -0.12789300 0.78617200 -0.60462900 -0.83873200 -0.41109200 -0.35711400 -0.52931200 0.46145000 0.71196400
0.05348800 0.02894300 -0.05526400 -0.12241900 0.78624300 -0.60566800 -0.83563700 -0.41090300 -0.36451100 -0.53546500 0.46149600 0.70731700
0.05349600 0.02899700 -0.05528600 -0.12921900 0.78493000 -0.60595900 -0.82942300 -0.42046800 -0.36778200 -0.54346900 0.45507200 0.70537200
0.05354000 0.02903100 -0.05534700 -0.15236600 0.77817900 -0.60927900 -0.81317600 -0.44908600 -0.37022200 -0.56171800 0.43904300 0.70122200
0.05355900 0.02907300 -0.05537800 -0.15379300 0.77610600 -0.61156000 -0.80745700 -0.45545000 -0.37493500 -0.56952400 0.43614700 0.69671800
0.05359100 0.02917000 -0.05543700 -0.15992300 0.77147000 -0.61583900 -0.79573900 -0.46993200 -0.38205100 -0.58414300 0.42894800 0.68904200
0.05360300 0.02922200 -0.05549300 -0.15670600 0.76696300 -0.62226200 -0.78977300 -0.47563000 -0.38734300 -0.59304500 0.43074700 0.68026000
0.05359600 0.02924400 -0.05551400 -0.15380500 0.76514300 -0.62521900 -0.78879600 -0.47616000 -0.38867900 -0.59509900 0.43339000 0.67677800
0.05360400 0.02927500 -0.05552300 -0.14722200 0.76065900 -0.63223600 -0.78708200 -0.47720800 -0.39086100 -0.59902000 0.44007900 0.66895700
0.05360600 0.02927700 -0.05552100 -0.13943100 0.75767900 -0.63755800 -0.78418900 -0.47763200 -0.39612300 -0.60465200 0.44473500 0.66076100
