0.08666600 0.04012200 -0.02386800 -0.82445000 0.08775700 -0.55908800 -0.22543900 -0.95706500 0.18221400 -0.51909400 0.27626600 0.80883700
0.08666200 0.04011900 -0.02385900 -0.82358600 0.08581400 -0.56066000 -0.22495300 -0.95683900 0.18399400 -0.52067200 0.27765700 0.80734400
0.08666300 0.04009400 -0.02386400 -0.82236000 0.08510700 -0.56256400 -0.22545000 -0.95655600 0.18485300 -0.52239300 0.27884600 0.80582200
0.08667300 0.04005500 -0.02391100 -0.82228900 0.08533900 -0.56263300 -0.22556600 -0.95658300 0.18457300 -0.52245500 0.27868300 0.80583800
0.08671300 0.04009700 -0.02391100 -0.82162600 0.08665400 -0.56340000 -0.22677500 -0.95648400 0.18360100 -0.52297500 0.27861600 0.80552300
0.08672900 0.04011700 -0.02389900 -0.82125200 0.08740600 -0.56383000 -0.22749800 -0.95640900 0.18310000 -0.52324900 0.27864100 0.80533700
0.08670700 0.04017700 -0.02386400 -0.82096500 0.08802400 -0.56415000 -0.22810100 -0.95633700 0.18272100 -0.52343500 0.27869100 0.80519900
0.08667000 0.04025800 -0.02383600 -0.82064000 0.08871500 -0.56451600 -0.22872900 -0.95628300 0.18222300 -0.52367100 0.27866100 0.80505600
0.08667100 0.04026100 -0.02381900 -0.82022000 0.08956800 -0.56499200 -0.22956700 -0.95618400 0.18168800 -0.52396300 0.27872800 0.80484300
0.08666200 0.04022700 -0.02378100 -0.82024200 0.08576700 -0.56554800 -0.22479900 -0.95747800 0.18083200 -0.52599100 0.27546100 0.80464500
0.08663100 0.04020800 -0.02376600 -0.81938000 0.07944700 -0.56771700 -0.21911000 -0.95855600 0.18209700 -0.52972200 0.27359900 0.80283000
0.08663400 0.04019800 -0.02377000 -0.81639000 0.07014000 -0.57322400 -0.21311900 -0.95912500 0.18616600 -0.53673600 0.27414900 0.79796900
0.08664500 0.04019000 -0.02377900 -0.81415000 0.06201100 -0.57733100 -0.20716400 -0.95986700 0.18904200 -0.54243900 0.27351200 0.79432300
0.08668800 0.04014700 -0.02379200 -0.80983800 0.04118200 -0.58520400 -0.18935600 -0.96249000 0.19430800 -0.55525200 0.26817000 0.78726000
0.08673100 0.04014100 -0.02380200 -0.80677200 0.00540200 -0.59083800 -0.15328000 -0.96763800 0.20045300 -0.57063500 0.25228300 0.78149100
0.08675700 0.04015300 -0.02381900 -0.80467100 -0.01756500 -0.59346000 -0.12926500 -0.97040000 0.20399100 -0.57947700 0.24085900 0.77858300
0.08681400 0.04015900 -0.02382900 -0.79940000 -0.05047700 -0.59867400 -0.09859000 -0.97193400 0.21359400 -0.59265400 0.22977100 0.77198800
0.08686000 0.04019300 -0.02384400 -0.78989700 -0.07541700 -0.60858300 -0.07602200 -0.97271000 0.21921200 -0.60850800 0.21942000 0.76260800
0.08694500 0.04024800 -0.02389900 -0.78045300 -0.08836900 -0.61893700 -0.06588500 -0.97282400 0.22197300 -0.62173200 0.21401800 0.75342100
0.08697200 0.04027100 -0.02391700 -0.77635000 -0.08938400 -0.62393000 -0.06674200 -0.97267000 0.22239000 -0.62675700 0.21429500 0.74916700
0.08698100 0.04031100 -0.02396900 -0.77349900 -0.09203000 -0.62707900 -0.06671000 -0.97208300 0.22494900 -0.63027600 0.21583100 0.74576700
0.08696100 0.04035600 -0.02400200 -0.77347400 -0.09113500 -0.62724100 -0.06711600 -0.97226800 0.22402800 -0.63026400 0.21537800 0.74590700
0.08697000 0.04037400 -0.02401600 -0.77326000 -0.09050500 -0.62759500 -0.06758800 -0.97235800 0.22349800 -0.63047500 0.21524000 0.74576900
0.08696100 0.04040000 -0.02400600 -0.77206700 -0.08797700 -0.62942100 -0.06918800 -0.97285000 0.22084700 -0.63176300 0.21405700 0.74501900
0.08691600 0.04041300 -0.02402400 -0.77146200 -0.08660900 -0.63035200 -0.07002600 -0.97311600 0.21940600 -0.63240900 0.21340500 0.74465800
0.08689700 0.04045100 -0.02404000 -0.76982900 -0.08798800 -0.63215500 -0.07016100 -0.97278200 0.22084000 -0.63438100 0.21436200 0.74270300
0.08688500 0.04052000 -0.02405900 -0.76826300 -0.08940400 -0.63386000 -0.07008700 -0.97249800 0.22211600 -0.63628600 0.21506900 0.74086700
0.08688200 0.04057300 -0.02404800 -0.76496400 -0.09215100 -0.63744600 -0.07047800 -0.97179200 0.22506100 -0.64020400 0.21708900 0.73689100
0.08689700 0.04063700 -0.02400300 -0.76501600 -0.09156100 -0.63746700 -0.07084700 -0.97186800 0.22461400 -0.64010100 0.21699600 0.73700800
0.08689300 0.04067400 -0.02399400 -0.76490000 -0.09120400 -0.63765800 -0.07112400 -0.97191400 0.22432900 -0.64020900 0.21694200 0.73693000
0.08689300 0.04070500 -0.02397600 -0.76300500 -0.09180800 -0.63983700 -0.07196800 -0.97164100 0.22523900 -0.64237200 0.21790600 0.73476100
0.08688900 0.04070800 -0.02397500 -0.76028600 -0.09137600 -0.64312800 -0.07286800 -0.97181000 0.22421700 -0.64548700 0.21733300 0.73219600
0.08689000 0.04071300 -0.02396800 -0.75733500 -0.08667100 -0.64724800 -0.07464700 -0.97316600 0.21765700 -0.64874500 0.21315400 0.73054300
0.08689500 0.04079400 -0.02390600 -0.73804800 -0.05586800 -0.67243000 -0.08651100 -0.98050600 0.17641700 -0.66917800 0.18837600 0.71882800
0.08688600 0.04090600 -0.02384100 -0.71202600 -0.00984500 -0.70208300 -0.10745900 -0.98659400 0.12281500 -0.69388100 0.16289200 0.70142300
0.08686500 0.04097000 -0.02380500 -0.70138000 0.01752500 -0.71257100 -0.12881200 -0.98635400 0.10253000 -0.70105100 0.16370100 0.69406600
0.08681900 0.04105800 -0.02377900 -0.69886200 0.02677100 -0.71475400 -0.13847700 -0.98545600 0.09848700 -0.70172300 0.16780500 0.69240500
0.08682200 0.04130200 -0.02372700 -0.69389800 0.03315500 -0.71930800 -0.15265400 -0.98300600 0.10195200 -0.70370500 0.18055000 0.68716800
0.08681200 0.04141400 -0.02361700 -0.68009200 0.03474900 -0.73230100 -0.16185000 -0.98134600 0.10374400 -0.71503700 0.18907800 0.67303000
0.08674400 0.04145000 -0.02353300 -0.67224700 0.03337500 -0.73957300 -0.16473900 -0.98067900 0.10548700 -0.72176400 0.19275000 0.66475700
0.08659800 0.04147000 -0.02342600 -0.65615500 0.02877500 -0.75407700 -0.16953400 -0.97934900 0.11014700 -0.73533500 0.20011500 0.64748300
0.08657800 0.04146600 -0.02334400 -0.64940600 0.01881900 -0.76020800 -0.17185700 -0.97746200 0.12261000 -0.74076800 0.21027100 0.63800300
0.08659400 0.04133800 -0.02316300 -0.64075600 0.00083000 -0.76774300 -0.16652400 -0.97634200 0.13792600 -0.74946600 0.21622500 0.62573600
0.08660900 0.04123200 -0.02300900 -0.63650000 -0.01312300 -0.77116400 -0.16015600 -0.97581200 0.14879400 -0.75446400 0.21821400 0.61900300
0.08659900 0.04099800 -0.02273700 -0.63097300 -0.02948200 -0.77524300 -0.15896300 -0.97316200 0.16639000 -0.75934300 0.22822300 0.60935300
0.08641300 0.04082400 -0.02259500 -0.62931700 -0.04625000 -0.77577000 -0.13513700 -0.97650700 0.16784300 -0.76530800 0.21046200 0.60828200
0.08635700 0.04078300 -0.02257700 -0.63067100 -0.05262500 -0.77426300 -0.12830900 -0.97689600 0.17091000 -0.76536900 0.20713300 0.60934800
0.08643900 0.04077900 -0.02259200 -0.63131000 -0.07127600 -0.77224700 -0.10345200 -0.97912800 0.17494200 -0.76859800 0.19033400 0.61076000
0.08653800 0.04074100 -0.02257000 -0.63513500 -0.07217000 -0.76902100 -0.09727200 -0.98022400 0.17232800 -0.76625000 0.18425600 0.61555500
0.08665800 0.04076800 -0.02258100 -0.63899700 -0.06947300 -0.76606400 -0.09706200 -0.98066900 0.16989800 -0.76305900 0.18292000 0.61990200
0.08671700 0.04080200 -0.02259600 -0.63870200 -0.06955400 -0.76630300 -0.09708200 -0.98066200 0.16992700 -0.76330500 0.18292700 0.61959900
0.08679100 0.04080600 -0.02260300 -0.63840700 -0.06909900 -0.76659000 -0.09741900 -0.98069800 0.16952800 -0.76350800 0.18290900 0.61935300
0.08681500 0.04078200 -0.02260800 -0.63837500 -0.06904000 -0.76662200 -0.09749000 -0.98069600 0.16950000 -0.76352600 0.18294300 0.61932100
0.08681100 0.04078600 -0.02261200 -0.63832400 -0.06891700 -0.76667500 -0.09755400 -0.98071000 0.16937900 -0.76356000 0.18291100 0.61928800
0.08675000 0.04079200 -0.02260700 -0.63825900 -0.06867800 -0.76675100 -0.09770900 -0.98072900 0.16917900 -0.76359500 0.18289800 0.61924900
0.08668400 0.04078000 -0.02259300 -0.63835100 -0.06879000 -0.76666400 -0.09768900 -0.98070500 0.16933300 -0.76352000 0.18298800 0.61931400
0.08665700 0.04076300 -0.02258800 -0.63840100 -0.06885800 -0.76661700 -0.09768200 -0.98068900 0.16943000 -0.76348000 0.18304800 0.61934700
0.08663600 0.04077200 -0.02258900 -0.63843800 -0.06892500 -0.76658000 -0.09761600 -0.98068800 0.16947400 -0.76345700 0.18302900 0.61938100
0.08661000 0.04078100 -0.02258900 -0.63833300 -0.06864700 -0.76669200 -0.09777700 -0.98071600 0.16921800 -0.76352400 0.18298300 0.61931100
0.08662400 0.04077600 -0.02257600 -0.63892800 -0.06521900 -0.76649600 -0.10362300 -0.98002100 0.16976400 -0.76225400 0.18789400 0.61940400
0.08664600 0.04077500 -0.02257200 -0.63892800 -0.06523900 -0.76649400 -0.10362800 -0.98001500 0.16979400 -0.76225400 0.18791700 0.61939800
0.08664400 0.04078800 -0.02256700 -0.63885200 -0.06506000 -0.76657200 -0.10374400 -0.98003000 0.16963600 -0.76230200 0.18789900 0.61934500
0.08663200 0.04083100 -0.02255000 -0.63882400 -0.06497500 -0.76660300 -0.10379600 -0.98003800 0.16956100 -0.76231800 0.18789000 0.61932800
0.08663000 0.04084300 -0.02254000 -0.63881200 -0.06493500 -0.76661700 -0.10384200 -0.98003600 0.16954100 -0.76232300 0.18791200 0.61931600
0.08664300 0.04086600 -0.02251200 -0.63879800 -0.06488800 -0.76663200 -0.10395100 -0.98002100 0.16956600 -0.76231900 0.18801100 0.61929100
0.08667600 0.04094300 -0.02247400 -0.63870400 -0.06468200 -0.76672800 -0.10412800 -0.98002700 0.16941800 -0.76237300 0.18804600 0.61921300
0.08667500 0.04103900 -0.02240100 -0.63846800 -0.06405900 -0.76697700 -0.10467500 -0.98004300 0.16899100 -0.76249600 0.18817900 0.61902100
0.08668700 0.04107900 -0.02236100 -0.63838800 -0.06384200 -0.76706200 -0.10491700 -0.98003500 0.16888500 -0.76253000 0.18829100 0.61894500
0.08672800 0.04114900 -0.02227500 -0.63764800 -0.06684900 -0.76742100 -0.09964700 -0.98069900 0.16822400 -0.76385500 0.18373900 0.61867900
0.08676300 0.04118500 -0.02217100 -0.63750300 -0.06639800 -0.76758100 -0.10030400 -0.98064700 0.16813500 -0.76389000 0.18417800 0.61850500
0.08677900 0.04118500 -0.02213100 -0.63704600 -0.06865600 -0.76776200 -0.09651100 -0.98108300 0.16781100 -0.76476000 0.18100000 0.61836900
0.08679500 0.04113400 -0.02208400 -0.63578700 -0.06778100 -0.76888200 -0.09544600 -0.98158700 0.16545600 -0.76594000 0.17858100 0.61761100
0.08680100 0.04112200 -0.02204800 -0.63580200 -0.06775300 -0.76887200 -0.09563000 -0.98154900 0.16557300 -0.76590500 0.17879900 0.61759100
0.08683300 0.04121700 -0.02199800 -0.63489100 -0.07042700 -0.76938400 -0.09037900 -0.98222900 0.16449000 -0.76729700 0.17397000 0.61724300
0.08689500 0.04128500 -0.02197100 -0.63404400 -0.07333900 -0.76981000 -0.08493200 -0.98286500 0.16358900 -0.76861800 0.16910400 0.61695200
0.08706200 0.04139900 -0.02194100 -0.63225100 -0.08739300 -0.76981800 -0.05670500 -0.98573200 0.15847600 -0.77268500 0.14384900 0.61827500
0.08723300 0.04148900 -0.02193100 -0.62942100 -0.10236800 -0.77029100 -0.02815300 -0.98762900 0.15425600 -0.77655300 0.11877800 0.61875200
0.08732700 0.04153500 -0.02190300 -0.62904200 -0.10530600 -0.77020400 -0.02250500 -0.98789900 0.15345000 -0.77704400 0.11386000 0.61906100
0.08749000 0.04166000 -0.02181900 -0.63525300 -0.10026100 -0.76576700 -0.01772600 -0.98938300 0.14424400 -0.77210000 0.10520500 0.62673100
0.08768300 0.04178300 -0.02179800 -0.64060800 -0.08805600 -0.76280100 -0.00850500 -0.99252800 0.12171700 -0.76782000 0.08446000 0.63507300
0.08787800 0.04192700 -0.02176400 -0.64899500 -0.05825100 -0.75855800 -0.00792000 -0.99649200 0.08329700 -0.76075000 0.06006700 0.64625800
0.08793700 0.04200700 -0.02172200 -0.65518300 -0.03981500 -0.75441900 -0.01172200 -0.99795300 0.06284700 -0.75537800 0.05001900 0.65337500
0.08819900 0.04207200 -0.02172100 -0.66557400 -0.04951300 -0.74468600 0.03788100 -0.99875100 0.03254900 -0.74536900 -0.00654600 0.66661900
0.08855700 0.04193600 -0.02180300 -0.66872300 -0.06358100 -0.74078600 0.07604200 -0.99696000 0.01692300 -0.73961100 -0.04501500 0.67152600
0.08868200 0.04187600 -0.02184600 -0.67169200 -0.07159000 -0.73736300 0.08599300 -0.99612500 0.01837900 -0.73582200 -0.05106300 0.67524600
0.08881600 0.04185600 -0.02194100 -0.67290200 -0.07276500 -0.73614300 0.08491900 -0.99616900 0.02084400 -0.73484000 -0.04848700 0.67650400
0.08887600 0.04184600 -0.02204000 -0.67170200 -0.07278400 -0.73723600 0.08502900 -0.99615900 0.02087500 -0.73592500 -0.04866500 0.67531100
0.08888100 0.04160700 -0.02213900 -0.67218200 -0.07289800 -0.73678700 0.08017500 -0.99645500 0.02544400 -0.73603100 -0.04196900 0.67564400
0.08881900 0.04146000 -0.02215000 -0.67536600 -0.07740400 -0.73340800 0.07597500 -0.99648700 0.03520600 -0.73355700 -0.03194400 0.67887500
0.08871200 0.04126900 -0.02217000 -0.67957300 -0.09332000 -0.72764700 0.07474600 -0.99552100 0.05786700 -0.72978900 -0.01506400 0.68350500
0.08868800 0.04121500 -0.02224000 -0.68185600 -0.10244000 -0.72427700 0.07954000 -0.99465700 0.06580100 -0.72714800 -0.01274200 0.68636100
0.08868100 0.04118700 -0.02224400 -0.68229000 -0.10468400 -0.72354700 0.08097900 -0.99442600 0.06751400 -0.72658200 -0.01252900 0.68696500
0.08873500 0.04116400 -0.02219900 -0.68367900 -0.09854000 -0.72309900 0.07085300 -0.99512300 0.06862000 -0.72633400 -0.00432000 0.68732700
0.08876000 0.04118200 -0.02212200 -0.68062700 -0.07808800 -0.72845600 0.04940300 -0.99693100 0.06070800 -0.73096100 0.00533200 0.68239700
0.08876800 0.04116300 -0.02205800 -0.68077300 -0.06733100 -0.72939200 0.03728200 -0.99766000 0.05729700 -0.73154300 0.01181300 0.68169100
0.08876400 0.04116000 -0.02204900 -0.67917500 -0.06482000 -0.73110700 0.03144700 -0.99774700 0.05924600 -0.73330100 0.01724700 0.67968400
0.08874400 0.04115100 -0.02206100 -0.67753900 -0.06536700 -0.73257500 0.03141000 -0.99770500 0.05997400 -0.73481500 0.01762400 0.67803800
0.08872500 0.04111200 -0.02209500 -0.67670800 -0.06577800 -0.73330700 0.02647700 -0.99753000 0.06504600 -0.73577500 0.02460100 0.67677800
0.08872400 0.04113400 -0.02212800 -0.68132900 -0.06171400 -0.72937000 0.01042600 -0.99715600 0.07463300 -0.73190200 0.04324500 0.68003500
0.08873500 0.04124200 -0.02223200 -0.68373800 -0.05934500 -0.72730900 -0.00468000 -0.99631000 0.08569400 -0.72971100 0.06199600 0.68093800
0.08871200 0.04126000 -0.02226000 -0.68627900 -0.04589400 -0.72588700 -0.02676500 -0.99573700 0.08825900 -0.72684400 0.07999900 0.68212600
0.08869900 0.04123600 -0.02223800 -0.68835000 -0.02683400 -0.72488200 -0.05686400 -0.99424400 0.09080300 -0.72314600 0.10372400 0.68286200
0.08867600 0.04120700 -0.02222200 -0.69286500 -0.01306000 -0.72094800 -0.07972100 -0.99231800 0.09459200 -0.71664600 0.12301400 0.68650200
0.08859300 0.04114800 -0.02220900 -0.69350500 -0.00631100 -0.72042300 -0.09105800 -0.99117400 0.09633800 -0.71467300 0.13241100 0.68681000
0.08846700 0.04111900 -0.02222400 -0.69413800 0.00072000 -0.71984100 -0.10234000 -0.98994000 0.09769600 -0.71252900 0.14148300 0.68722900
0.08838600 0.04110200 -0.02222700 -0.69431200 0.00035100 -0.71967300 -0.10205200 -0.98994200 0.09797400 -0.71240100 0.14146900 0.68736500
0.08825700 0.04102600 -0.02222900 -0.69445900 0.00012200 -0.71953100 -0.10192700 -0.98993100 0.09820800 -0.71227500 0.14154100 0.68748000
0.08811500 0.04093500 -0.02225100 -0.69483900 -0.00070000 -0.71916400 -0.10133500 -0.98992700 0.09887000 -0.71199000 0.14157500 0.68776800
0.08803300 0.04091300 -0.02227100 -0.69496900 -0.00096500 -0.71903800 -0.10107800 -0.98993700 0.09902300 -0.71189800 0.14149700 0.68787900
0.08788100 0.04088600 -0.02233100 -0.69530800 -0.00173800 -0.71870800 -0.10030600 -0.98997500 0.09943400 -0.71167700 0.14122800 0.68816400
0.08772600 0.04085800 -0.02237600 -0.69557000 -0.00228600 -0.71845300 -0.09975000 -0.99000200 0.09972300 -0.71149900 0.14103000 0.68838800
0.08758300 0.04080600 -0.02240900 -0.69593300 -0.00308300 -0.71809900 -0.09909500 -0.99001100 0.10028600 -0.71123500 0.14095200 0.68867600
0.08750800 0.04081100 -0.02241400 -0.69610300 -0.00344400 -0.71793200 -0.09879300 -0.99001500 0.10053800 -0.71111100 0.14091200 0.68881300
0.08734600 0.04088900 -0.02240800 -0.69567400 -0.01544100 -0.71819100 -0.08061900 -0.99177400 0.09941400 -0.71381900 0.12705900 0.68870600
0.08707600 0.04106900 -0.02245600 -0.69709000 -0.05526900 -0.71484800 -0.03048500 -0.99383700 0.10656600 -0.71633300 0.09607800 0.69111000
0.08689100 0.04118400 -0.02250600 -0.69871200 -0.07439800 -0.71152200 -0.01012300 -0.99344900 0.11381700 -0.71533000 0.08672800 0.69338200
0.08654400 0.04143400 -0.02258000 -0.69836000 -0.09040200 -0.71001300 0.01036800 -0.99316400 0.11625600 -0.71567000 0.07382700 0.69452400
0.08631500 0.04152100 -0.02260900 -0.69535700 -0.10556300 -0.71086900 0.03407700 -0.99288300 0.11410900 -0.71785600 0.05512200 0.69400500
0.08613900 0.04159800 -0.02261700 -0.68787800 -0.12196500 -0.71550400 0.06831700 -0.99228300 0.10346500 -0.72260300 0.02229000 0.69090300
0.08611100 0.04163800 -0.02263700 -0.68141100 -0.12197900 -0.72166400 0.08361800 -0.99253200 0.08880800 -0.72710800 0.00017000 0.68652200
0.08612200 0.04164400 -0.02266600 -0.67091400 -0.09204700 -0.73579900 0.07937300 -0.99547900 0.05215800 -0.73727400 -0.02341000 0.67518700
0.08620600 0.04156800 -0.02270800 -0.66439400 -0.07093700 -0.74400700 0.07345900 -0.99686300 0.02944700 -0.74376300 -0.03509000 0.66752100
0.08624200 0.04149100 -0.02275500 -0.66327700 -0.06559000 -0.74549300 0.07013200 -0.99721500 0.02533900 -0.74507900 -0.03547700 0.66603000
0.08625200 0.04142500 -0.02281100 -0.66382100 -0.06379300 -0.74516400 0.06586300 -0.99747000 0.02671900 -0.74498400 -0.03134200 0.66634400
0.08624800 0.04151300 -0.02285900 -0.66327600 -0.05759800 -0.74615400 0.05227500 -0.99816400 0.03058200 -0.74654600 -0.01872100 0.66506900
0.08620800 0.04155300 -0.02286800 -0.66129800 -0.05252100 -0.74828100 0.04504700 -0.99852500 0.03027400 -0.74876900 -0.01368800 0.66268900
0.08619000 0.04155000 -0.02286800 -0.66187000 -0.04895000 -0.74801700 0.03913600 -0.99876000 0.03073000 -0.74859500 -0.00893500 0.66296600
0.08614300 0.04154400 -0.02285300 -0.66309200 -0.04274600 -0.74731600 0.02782700 -0.99908500 0.03245500 -0.74802000 0.00072400 0.66367500
0.08608000 0.04156200 -0.02284800 -0.66419600 -0.03638900 -0.74667100 0.01651800 -0.99928400 0.03400700 -0.74737500 0.01025400 0.66432200
0.08605000 0.04155900 -0.02283800 -0.66426300 -0.03657900 -0.74660200 0.01660800 -0.99927700 0.03418200 -0.74731300 0.01030600 0.66439100
0.08604400 0.04153700 -0.02282500 -0.66473000 -0.03317500 -0.74634600 0.01072600 -0.99933400 0.03486700 -0.74700600 0.01517200 0.66464300
0.08604700 0.04151700 -0.02282200 -0.66423100 -0.02750800 -0.74702000 0.00451100 -0.99945100 0.03279200 -0.74751200 0.01841200 0.66399100
0.08604000 0.04149800 -0.02282900 -0.66366100 -0.02176800 -0.74771500 -0.00171500 -0.99952900 0.03062100 -0.74803000 0.02160500 0.66331100
0.08604300 0.04148800 -0.02283300 -0.66400800 -0.01828200 -0.74750100 -0.00759200 -0.99948400 0.03118900 -0.74768600 0.02638500 0.66352700
0.08606200 0.04147700 -0.02284900 -0.66462400 -0.01131300 -0.74709200 -0.01927500 -0.99929200 0.03227900 -0.74692900 0.03585400 0.66393500
0.08608400 0.04144600 -0.02285700 -0.66488700 -0.00779600 -0.74690200 -0.02516500 -0.99914300 0.03283100 -0.74651900 0.04062500 0.66412100
0.08606900 0.04142600 -0.02285800 -0.66490700 -0.00784100 -0.74688400 -0.02514400 -0.99914200 0.03287400 -0.74650200 0.04063800 0.66413900
0.08605400 0.04140500 -0.02289600 -0.66498600 -0.00815200 -0.74681000 -0.02481600 -0.99914600 0.03300300 -0.74644200 0.04047900 0.66421600
0.08604900 0.04143000 -0.02294300 -0.66502100 -0.00836600 -0.74677600 -0.02445600 -0.99915600 0.03297300 -0.74642200 0.04019100 0.66425600
0.08605000 0.04145100 -0.02295500 -0.66523500 -0.00473800 -0.74661700 -0.03033000 -0.99898200 0.03336300 -0.74601600 0.04483900 0.66441500
0.08604100 0.04144400 -0.02295300 -0.66522800 -0.00470400 -0.74662400 -0.03036000 -0.99898200 0.03334500 -0.74602100 0.04485000 0.66440800
0.08604900 0.04144500 -0.02296300 -0.66495000 -0.00496200 -0.74687000 -0.03024500 -0.99897800 0.03356400 -0.74627400 0.04490700 0.66412000
0.08607000 0.04149400 -0.02302800 -0.66085000 -0.00670000 -0.75048700 -0.03006900 -0.99892000 0.03539500 -0.74991400 0.04595700 0.65993500
0.08608000 0.04151100 -0.02308300 -0.66094800 -0.00651400 -0.75040200 -0.02988200 -0.99894000 0.03499200 -0.74983500 0.04555100 0.66005300
0.08608100 0.04152200 -0.02323300 -0.65879000 -0.00764100 -0.75228700 -0.02923000 -0.99893200 0.03574400 -0.75175800 0.04553700 0.65786400
0.08605800 0.04156600 -0.02345200 -0.65855200 -0.00786300 -0.75249300 -0.02823000 -0.99898300 0.03514400 -0.75200500 0.04438700 0.65766000
0.08598800 0.04165600 -0.02371700 -0.65675800 -0.00902800 -0.75404600 -0.02687000 -0.99901300 0.03536400 -0.75362200 0.04348600 0.65586700
0.08593900 0.04172000 -0.02386000 -0.65676700 -0.00919600 -0.75403600 -0.02610500 -0.99904800 0.03492200 -0.75364000 0.04261900 0.65590200
0.08583500 0.04186300 -0.02417000 -0.65331100 -0.01142700 -0.75700200 -0.02435900 -0.99905000 0.03610300 -0.75669700 0.04202700 0.65241200
0.08572000 0.04202900 -0.02448600 -0.65046100 -0.01325500 -0.75942300 -0.02258500 -0.99906800 0.03678300 -0.75920300 0.04107700 0.64955500
0.08565600 0.04211900 -0.02462800 -0.64921800 -0.01660800 -0.76042000 -0.02150900 -0.99896000 0.04018100 -0.76029700 0.04244200 0.64818600
0.08548900 0.04229800 -0.02490500 -0.64515200 -0.01890400 -0.76382000 -0.01991000 -0.99893800 0.04154000 -0.76379400 0.04200700 0.64409000
0.08527300 0.04246400 -0.02518500 -0.63912100 -0.02290700 -0.76876400 -0.01795600 -0.99883900 0.04469000 -0.76889500 0.04236600 0.63796800
0.08515600 0.04253500 -0.02535200 -0.63346400 -0.02617100 -0.77332900 -0.01693700 -0.99871900 0.04767200 -0.77358600 0.04329600 0.63220900
0.08489700 0.04264200 -0.02573500 -0.61752100 -0.03392400 -0.78582200 -0.01538000 -0.99835700 0.05518500 -0.78640400 0.04616300 0.61598500
0.08462200 0.04273800 -0.02617800 -0.59289000 -0.05052000 -0.80369700 -0.00262500 -0.99790300 0.06466300 -0.80527800 0.04044700 0.59151400
0.08423800 0.04281700 -0.02659200 -0.56409200 -0.07757800 -0.82205900 0.01675600 -0.99644700 0.08253700 -0.82554200 0.03278400 0.56338700
0.08401300 0.04281100 -0.02673800 -0.54930000 -0.09293000 -0.83044100 0.02360100 -0.99512500 0.09574800 -0.83529100 0.03299500 0.54881600
0.08353300 0.04275000 -0.02690000 -0.51163500 -0.11276500 -0.85176900 0.02334600 -0.99280800 0.11741400 -0.85888400 0.04018800 0.51058900
0.08311400 0.04262500 -0.02687900 -0.46846900 -0.13433500 -0.87320600 0.02050900 -0.98975900 0.14126300 -0.88324100 0.04826800 0.46642700
0.08291900 0.04254800 -0.02683800 -0.44543400 -0.14631400 -0.88327700 0.02393000 -0.98814900 0.15161800 -0.89499400 0.04639900 0.44365600
0.08247300 0.04236900 -0.02673000 -0.39556200 -0.17361800 -0.90187900 0.04523000 -0.98446000 0.16967800 -0.91732400 0.02632600 0.39726700
0.08204200 0.04225400 -0.02673500 -0.35525200 -0.18960300 -0.91533900 0.05247600 -0.98171300 0.18298500 -0.93329600 0.01697200 0.35870500
0.08164100 0.04222500 -0.02686300 -0.31955300 -0.20609800 -0.92488300 0.08903000 -0.97827100 0.18723500 -0.94337600 -0.02251100 0.33095800
0.08143700 0.04223000 -0.02696000 -0.30703100 -0.21644700 -0.92675800 0.11810600 -0.97493100 0.18857000 -0.94434200 -0.05155900 0.32489700
0.08103400 0.04221800 -0.02720500 -0.30018100 -0.25002700 -0.92053000 0.16276600 -0.96430900 0.20884000 -0.93989200 -0.08714200 0.33016400
0.08070600 0.04217500 -0.02758000 -0.30730000 -0.30015600 -0.90303500 0.18438200 -0.94974900 0.25293900 -0.93357800 -0.08877600 0.34720100
0.08055700 0.04220500 -0.02786300 -0.30767500 -0.33364300 -0.89107600 0.21357400 -0.93682400 0.27702900 -0.92721100 -0.10507600 0.35949500
0.08030200 0.04236800 -0.02849000 -0.30244800 -0.38464000 -0.87211000 0.26581900 -0.91269800 0.31035600 -0.91534900 -0.13795700 0.37828900
0.08019800 0.04263200 -0.02917000 -0.29465800 -0.42556000 -0.85561300 0.29946800 -0.89138500 0.34022100 -0.90746600 -0.15598000 0.39009500
0.08026500 0.04291500 -0.02977700 -0.29305000 -0.44970000 -0.84373600 0.31390100 -0.87881600 0.35937100 -0.90309800 -0.15953700 0.39869800
0.08033400 0.04304000 -0.03000800 -0.29298200 -0.45334000 -0.84181000 0.31637900 -0.87681400 0.36207900 -0.90225500 -0.16024800 0.40031800
0.08051300 0.04325900 -0.03033900 -0.28910100 -0.45113700 -0.84433100 0.32330700 -0.87618300 0.35745400 -0.90105000 -0.16963800 0.39916100
0.08063800 0.04334300 -0.03045500 -0.28818600 -0.44426900 -0.84827500 0.32295600 -0.87905000 0.35066800 -0.90146900 -0.17289800 0.39681000
0.08066800 0.04333300 -0.03045000 -0.28772600 -0.43982500 -0.85074400 0.32216100 -0.88099100 0.34650600 -0.90190100 -0.17437800 0.39517900
0.08071800 0.04322800 -0.03043400 -0.28716600 -0.43393000 -0.85395500 0.32082900 -0.88358400 0.34109800 -0.90255300 -0.17602200 0.39295300
0.08068900 0.04310300 -0.03047000 -0.28919500 -0.42535500 -0.85757700 0.32028300 -0.88722000 0.33205100 -0.90209900 -0.17864000 0.39281400
0.08059000 0.04297500 -0.03053600 -0.28818200 -0.41869900 -0.86118500 0.31929500 -0.88988700 0.32580600 -0.90277400 -0.18108100 0.39013800
0.08053300 0.04290600 -0.03056800 -0.28793800 -0.41658900 -0.86229000 0.31903000 -0.89071700 0.32379100 -0.90294500 -0.18186500 0.38937600
0.08044500 0.04276800 -0.03064300 -0.28745300 -0.41214000 -0.86458600 0.31842400 -0.89246100 0.31956000 -0.90331300 -0.18344700 0.38777600
0.08036800 0.04265100 -0.03071100 -0.28675400 -0.40577400 -0.86782300 0.31751300 -0.89492100 0.31352900 -0.90385600 -0.18564000 0.38546100
0.08026700 0.04253200 -0.03075700 -0.28645400 -0.40262800 -0.86938700 0.31696700 -0.89614200 0.31058200 -0.90414300 -0.18660000 0.38432300
0.08021600 0.04247100 -0.03078100 -0.28642000 -0.40196400 -0.86970500 0.31679700 -0.89641100 0.30997700 -0.90421400 -0.18673700 0.38409100
0.08013100 0.04237200 -0.03083100 -0.28632900 -0.40053500 -0.87039400 0.31648500 -0.89697700 0.30865600 -0.90435200 -0.18708900 0.38359400
0.08007700 0.04232300 -0.03089600 -0.28625300 -0.39982900 -0.87074400 0.31652100 -0.89721400 0.30792900 -0.90436300 -0.18746300 0.38338500
0.08006200 0.04230800 -0.03093400 -0.28622300 -0.39971500 -0.87080600 0.31663500 -0.89722800 0.30776900 -0.90433200 -0.18763800 0.38337100
0.08005600 0.04228400 -0.03101200 -0.28613800 -0.39930500 -0.87102100 0.31684100 -0.89732400 0.30727800 -0.90428700 -0.18805200 0.38327500
0.08005600 0.04230600 -0.03108000 -0.28607000 -0.39922900 -0.87107900 0.31717900 -0.89727600 0.30707100 -0.90419000 -0.18844500 0.38331000
0.08005700 0.04233300 -0.03110500 -0.28602400 -0.39899700 -0.87120100 0.31728700 -0.89733200 0.30679600 -0.90416700 -0.18867000 0.38325400
0.08006500 0.04238300 -0.03114700 -0.28592900 -0.39838500 -0.87151200 0.31741800 -0.89751200 0.30613100 -0.90415100 -0.18910200 0.38307900
0.08006400 0.04240100 -0.03118100 -0.28586200 -0.39792900 -0.87174200 0.31749300 -0.89765200 0.30564400 -0.90414600 -0.18940000 0.38294400
0.08007200 0.04240200 -0.03119100 -0.28583900 -0.39776100 -0.87182600 0.31749800 -0.89770800 0.30547400 -0.90415100 -0.18948600 0.38288900
0.08006400 0.04240300 -0.03122200 -0.28576900 -0.39712600 -0.87213800 0.31748000 -0.89792900 0.30484200 -0.90417900 -0.18977200 0.38268000
0.08003900 0.04240200 -0.03129500 -0.28570000 -0.39688700 -0.87227000 0.31775400 -0.89794900 0.30449600 -0.90410500 -0.19017300 0.38265600
0.07999400 0.04240400 -0.03138600 -0.28565400 -0.39714100 -0.87216900 0.31824700 -0.89775400 0.30455900 -0.90394700 -0.19056700 0.38283600
0.07996300 0.04241500 -0.03144300 -0.28562300 -0.39728000 -0.87211600 0.31856800 -0.89763500 0.30457200 -0.90384300 -0.19083500 0.38294600
0.07988900 0.04246800 -0.03157400 -0.28513800 -0.39758900 -0.87213400 0.31924500 -0.89734800 0.30470900 -0.90375700 -0.19154000 0.38279700
0.07978500 0.04254600 -0.03173400 -0.28274200 -0.39831000 -0.87258500 0.31966900 -0.89682800 0.30579400 -0.90436000 -0.19247800 0.38089800
0.07973200 0.04258300 -0.03182000 -0.28270700 -0.39834500 -0.87258000 0.32016600 -0.89670700 0.30562900 -0.90419500 -0.19296700 0.38104300
0.07964700 0.04262800 -0.03201200 -0.28257800 -0.39857000 -0.87251900 0.32119800 -0.89639800 0.30545300 -0.90387000 -0.19393700 0.38132200
0.07955600 0.04263500 -0.03220400 -0.28214900 -0.39603500 -0.87381200 0.32172800 -0.89713400 0.30272100 -0.90381500 -0.19571800 0.38054100
0.07949600 0.04262000 -0.03238100 -0.28199500 -0.39567500 -0.87402400 0.32242100 -0.89709700 0.30209400 -0.90361600 -0.19661500 0.38055100
0.07947300 0.04260900 -0.03245800 -0.28192400 -0.39545200 -0.87414800 0.32269900 -0.89710800 0.30176500 -0.90353900 -0.19701200 0.38052800
0.07944300 0.04257800 -0.03257600 -0.28182600 -0.39522600 -0.87428200 0.32311800 -0.89708700 0.30137800 -0.90342000 -0.19756000 0.38052700
0.07943100 0.04252700 -0.03266600 -0.28177100 -0.39523900 -0.87429400 0.32342900 -0.89701000 0.30127200 -0.90332500 -0.19788300 0.38058400
0.07942800 0.04248800 -0.03269300 -0.28175400 -0.39513400 -0.87434700 0.32345100 -0.89704000 0.30115900 -0.90332300 -0.19795500 0.38055100
0.07942000 0.04241600 -0.03272000 -0.28175100 -0.39505400 -0.87438400 0.32340700 -0.89707700 0.30109600 -0.90334000 -0.19794800 0.38051600
0.07940900 0.04238300 -0.03273400 -0.28175600 -0.39509700 -0.87436300 0.32341700 -0.89706000 0.30113500 -0.90333500 -0.19793800 0.38053400
0.07940900 0.04238400 -0.03273900 -0.28433500 -0.39389000 -0.87407300 0.31822500 -0.89879000 0.30151000 -0.90437000 -0.19242200 0.38090300
0.07941000 0.04238900 -0.03273600 -0.28691100 -0.39264800 -0.87379000 0.31299200 -0.90050200 0.30187900 -0.90538200 -0.18687700 0.38126000
0.07941000 0.04239000 -0.03273600 -0.28946200 -0.39127300 -0.87356500 0.30773000 -0.90222600 0.30214200 -0.90637300 -0.18136400 0.38156700
0.07940600 0.04239100 -0.03273600 -0.28945900 -0.39128900 -0.87355900 0.30774400 -0.90221700 0.30215300 -0.90637000 -0.18137100 0.38157200
0.07940600 0.04239100 -0.03273600 -0.29195200 -0.39007400 -0.87327300 0.30264000 -0.90381300 0.30253800 -0.90728800 -0.17596100 0.38192200
0.07940500 0.04239100 -0.03274100 -0.29200900 -0.39003900 -0.87326900 0.30253500 -0.90384900 0.30253400 -0.90730500 -0.17585200 0.38193300
0.07940300 0.04238300 -0.03274900 -0.29197800 -0.38981800 -0.87337800 0.30251000 -0.90392900 0.30232200 -0.90732300 -0.17593400 0.38185200
0.07941300 0.04237600 -0.03277400 -0.29192700 -0.38952800 -0.87352500 0.30253600 -0.90402100 0.30202100 -0.90733100 -0.17610400 0.38175400
0.07942200 0.04238400 -0.03279200 -0.29189900 -0.38944800 -0.87357000 0.30261200 -0.90403200 0.30191300 -0.90731500 -0.17622500 0.38173800
0.07944100 0.04239800 -0.03284400 -0.29182000 -0.38918800 -0.87371200 0.30281000 -0.90407800 0.30157600 -0.90727400 -0.17656300 0.38167800
0.07944400 0.04238500 -0.03292400 -0.29675400 -0.38645500 -0.87326300 0.29270400 -0.90725000 0.30202800 -0.90898800 -0.16598000 0.38234700
0.07943300 0.04236300 -0.03295900 -0.29681400 -0.38655900 -0.87319600 0.29272400 -0.90721400 0.30211600 -0.90896200 -0.16593400 0.38242900
0.07940900 0.04233100 -0.03302000 -0.29932000 -0.38537500 -0.87286400 0.28770400 -0.90868100 0.30253000 -0.90974300 -0.16057400 0.38286000
0.07940200 0.04235100 -0.03307400 -0.29926200 -0.38535000 -0.87289500 0.28799500 -0.90863400 0.30239200 -0.90967000 -0.16089500 0.38289900
0.07939600 0.04241400 -0.03312400 -0.29919200 -0.38530400 -0.87294000 0.28834800 -0.90858300 0.30220800 -0.90958100 -0.16129300 0.38294300
0.07939900 0.04245000 -0.03314500 -0.29914500 -0.38516900 -0.87301500 0.28848200 -0.90860400 0.30202000 -0.90955400 -0.16150200 0.38291900
0.07939200 0.04249600 -0.03318800 -0.29908100 -0.38504900 -0.87309000 0.28874100 -0.90859500 0.30179800 -0.90949300 -0.16183500 0.38292300
0.07939700 0.04252500 -0.03322200 -0.29902600 -0.38492300 -0.87316400 0.28892500 -0.90860300 0.30159900 -0.90945300 -0.16209300 0.38291000
0.07939800 0.04253600 -0.03323300 -0.29900800 -0.38488100 -0.87318900 0.28898600 -0.90860500 0.30153400 -0.90943900 -0.16217900 0.38290600
0.07939600 0.04253900 -0.03324800 -0.29899500 -0.38487900 -0.87319500 0.28905900 -0.90859200 0.30150300 -0.90942000 -0.16225700 0.38291700
0.07940100 0.04253800 -0.03324300 -0.29899400 -0.38485200 -0.87320700 0.28902900 -0.90860700 0.30148800 -0.90943000 -0.16223900 0.38290200
0.07940200 0.04254300 -0.03324100 -0.29899100 -0.38483300 -0.87321600 0.28902400 -0.90861400 0.30147000 -0.90943300 -0.16224400 0.38289400
0.07939700 0.04253900 -0.03324200 -0.29899700 -0.38487400 -0.87319600 0.28903600 -0.90859800 0.30150800 -0.90942700 -0.16223500 0.38291100
0.07939700 0.04253600 -0.03323900 -0.29900300 -0.38488800 -0.87318800 0.28901500 -0.90859700 0.30152900 -0.90943100 -0.16220700 0.38291200
0.07939700 0.04253900 -0.03324200 -0.29899700 -0.38487400 -0.87319600 0.28903600 -0.90859800 0.30150700 -0.90942700 -0.16223500 0.38291100
0.07939700 0.04253900 -0.03324200 -0.29899700 -0.38487400 -0.87319600 0.28903600 -0.90859800 0.30150700 -0.90942700 -0.16223500 0.38291100
0.07940000 0.04252700 -0.03323700 -0.29899200 -0.38476600 -0.87324500 0.28895900 -0.90864900 0.30142800 -0.90945300 -0.16220800 0.38286000
0.07940500 0.04252700 -0.03323800 -0.29898800 -0.38474400 -0.87325600 0.28895300 -0.90865700 0.30140800 -0.90945600 -0.16221300 0.38285100
0.07940100 0.04252700 -0.03323700 -0.29899200 -0.38476600 -0.87324500 0.28895900 -0.90864900 0.30142800 -0.90945300 -0.16220800 0.38286100
0.07939700 0.04253500 -0.03324400 -0.29898400 -0.38476000 -0.87325100 0.28900600 -0.90864200 0.30140400 -0.90944100 -0.16226000 0.38286800
0.07940000 0.04252600 -0.03324300 -0.30151300 -0.38347700 -0.87294600 0.28370300 -0.91016800 0.30183800 -0.91027500 -0.15665000 0.38322100
0.07939300 0.04251500 -0.03324700 -0.30151800 -0.38353700 -0.87291700 0.28372500 -0.91014300 0.30189000 -0.91026700 -0.15664300 0.38324400
0.07939200 0.04251200 -0.03325400 -0.30150000 -0.38342900 -0.87297100 0.28372200 -0.91018000 0.30178200 -0.91027400 -0.15669400 0.38320600
0.07939600 0.04250600 -0.03325700 -0.30149700 -0.38342700 -0.87297300 0.28372400 -0.91018000 0.30178000 -0.91027400 -0.15669800 0.38320400
0.07940000 0.04251000 -0.03326100 -0.30148700 -0.38339200 -0.87299200 0.28374000 -0.91018900 0.30173800 -0.91027200 -0.15673300 0.38319400
0.07939500 0.04250400 -0.03326300 -0.30147800 -0.38332000 -0.87302600 0.28372200 -0.91021600 0.30167200 -0.91028100 -0.15674900 0.38316700
0.07939400 0.04250200 -0.03326400 -0.30147800 -0.38332000 -0.87302600 0.28372300 -0.91021600 0.30167200 -0.91028100 -0.15675000 0.38316700
0.07939100 0.04248600 -0.03327600 -0.30146900 -0.38328900 -0.87304300 0.28373900 -0.91022400 0.30163500 -0.91027800 -0.15678300 0.38315900
0.07939000 0.04246200 -0.03329200 -0.30398900 -0.38204800 -0.87271300 0.27849200 -0.91168700 0.30210400 -0.91106100 -0.15120700 0.38354000
0.07939200 0.04244700 -0.03330400 -0.30397200 -0.38196700 -0.87275400 0.27849400 -0.91171400 0.30202100 -0.91106500 -0.15125100 0.38351100
0.07939000 0.04239100 -0.03332900 -0.30397900 -0.38206100 -0.87271100 0.27852500 -0.91167700 0.30210500 -0.91105400 -0.15123800 0.38354500
0.07937300 0.04231800 -0.03336100 -0.30371100 -0.38147600 -0.87306000 0.27257800 -0.91283300 0.30403300 -0.91294000 -0.14563900 0.38122000
0.07936600 0.04228400 -0.03338200 -0.30385000 -0.38149400 -0.87300400 0.27266700 -0.91282000 0.30399200 -0.91286800 -0.14567100 0.38138100
0.07934700 0.04222100 -0.03343500 -0.30875600 -0.37864000 -0.87252500 0.26225900 -0.91567500 0.30456100 -0.91426900 -0.13479300 0.38202300
0.07933900 0.04219800 -0.03348200 -0.31075600 -0.37463600 -0.87354200 0.25653300 -0.91799700 0.30244200 -0.91521600 -0.13010700 0.38138000
0.07934000 0.04221600 -0.03350100 -0.31648600 -0.36257300 -0.87657100 0.23901400 -0.92473600 0.29620000 -0.91799100 -0.11576900 0.37932600
0.07934200 0.04223200 -0.03350400 -0.31736500 -0.35404600 -0.87973200 0.23222600 -0.92846000 0.28988100 -0.91942900 -0.11229900 0.37688000
0.07933400 0.04224200 -0.03350400 -0.31768400 -0.34291500 -0.88401600 0.22458600 -0.93299700 0.28120600 -0.92121400 -0.10920400 0.37341200
0.07930500 0.04222400 -0.03350100 -0.31666000 -0.33743400 -0.88648900 0.22299500 -0.93487400 0.27619500 -0.92195300 -0.11022300 0.37128300
0.07928800 0.04222900 -0.03349800 -0.31853000 -0.33409000 -0.88708500 0.21700300 -0.93667900 0.27484700 -0.92273900 -0.10495300 0.37085900
0.07925500 0.04222100 -0.03350000 -0.31818000 -0.33231100 -0.88787900 0.21651800 -0.93727100 0.27320600 -0.92297300 -0.10531300 0.37017200
0.07923900 0.04218500 -0.03351600 -0.31819300 -0.33240100 -0.88784100 0.21655800 -0.93723900 0.27328300 -0.92295900 -0.10531200 0.37020700
0.07923100 0.04214200 -0.03353400 -0.31822700 -0.33259900 -0.88775400 0.21662300 -0.93717200 0.27346200 -0.92293200 -0.10528600 0.37028300
0.07923300 0.04212600 -0.03354200 -0.32045400 -0.33123600 -0.88746300 0.21118100 -0.93827200 0.27394500 -0.92342300 -0.09962900 0.37062400
0.07922900 0.04211000 -0.03355400 -0.32046100 -0.33132100 -0.88742800 0.21124100 -0.93824000 0.27401000 -0.92340700 -0.09965100 0.37065900
0.07921800 0.04209400 -0.03355600 -0.32049200 -0.33145900 -0.88736600 0.21126300 -0.93819600 0.27414300 -0.92339100 -0.09960700 0.37071000
0.07920400 0.04209000 -0.03355200 -0.32207500 -0.32745500 -0.88827900 0.20529000 -0.94010700 0.27212700 -0.92418700 -0.09470900 0.37000900
0.07916600 0.04209600 -0.03354200 -0.32211100 -0.32755800 -0.88822800 0.20529700 -0.94007600 0.27222900 -0.92417300 -0.09466300 0.37005600
0.07907800 0.04211300 -0.03353100 -0.32224500 -0.32811400 -0.88797400 0.20546700 -0.93989200 0.27273400 -0.92408800 -0.09456200 0.37029200
0.07902100 0.04212100 -0.03352500 -0.32231800 -0.32839900 -0.88784200 0.20555300 -0.93979800 0.27299400 -0.92404400 -0.09450800 0.37041700
0.07889500 0.04211000 -0.03350900 -0.32183300 -0.32635200 -0.88877300 0.20516100 -0.94045000 0.27103600 -0.92430000 -0.09511300 0.36962200
0.07874500 0.04209300 -0.03348900 -0.32202800 -0.32701600 -0.88845700 0.20525100 -0.94024400 0.27168200 -0.92421200 -0.09486800 0.36990500
0.07859600 0.04210000 -0.03349000 -0.32369600 -0.32349300 -0.88914100 0.19947200 -0.94194700 0.27008600 -0.92489400 -0.08993300 0.36943300
0.07851200 0.04211800 -0.03350000 -0.32378400 -0.32389600 -0.88896200 0.19969200 -0.94180500 0.27041600 -0.92481600 -0.08996300 0.36962100
0.07833400 0.04215300 -0.03351400 -0.32400700 -0.32489000 -0.88851800 0.20016100 -0.94146300 0.27125900 -0.92463700 -0.08995700 0.37007100
0.07811900 0.04223600 -0.03356300 -0.31908100 -0.32441900 -0.89047100 0.19928200 -0.94154600 0.27161800 -0.92653800 -0.09078700 0.36508000
0.07801200 0.04228400 -0.03361100 -0.31393800 -0.32617700 -0.89165600 0.19846900 -0.94093300 0.27432500 -0.92846700 -0.09084500 0.36013000
0.07781500 0.04239900 -0.03374000 -0.29765000 -0.33016700 -0.89576400 0.19530800 -0.93950600 0.28139200 -0.93448300 -0.09119300 0.34412800
0.07764400 0.04254500 -0.03388400 -0.27143400 -0.33233400 -0.90325900 0.18894300 -0.93863000 0.28857000 -0.94372800 -0.09233700 0.31756900
0.07748200 0.04268400 -0.03398300 -0.24035800 -0.33763700 -0.91007000 0.18735400 -0.93606200 0.29779900 -0.95243100 -0.09892700 0.28824800
0.07737900 0.04274500 -0.03401400 -0.22705000 -0.33700500 -0.91371400 0.18381400 -0.93618400 0.29961600 -0.95637800 -0.09992600 0.27450700
0.07711800 0.04277400 -0.03403800 -0.20488800 -0.33596400 -0.91931900 0.17775800 -0.93639800 0.30258900 -0.96250800 -0.10141900 0.25157700
0.07679900 0.04265300 -0.03408500 -0.19233700 -0.33303300 -0.92308900 0.17410300 -0.93731100 0.30188700 -0.96576000 -0.10264900 0.23826200
0.07641400 0.04237600 -0.03419600 -0.19150700 -0.32767400 -0.92517700 0.17345200 -0.93908700 0.29669600 -0.96604200 -0.10365400 0.23667700
0.07622600 0.04218600 -0.03427500 -0.19111400 -0.32593200 -0.92587400 0.17318000 -0.93966000 0.29503800 -0.96616900 -0.10395700 0.23602700
0.07582400 0.04178500 -0.03450900 -0.18952200 -0.31955600 -0.92842000 0.17229200 -0.94170900 0.28896000 -0.96664100 -0.10519600 0.23353100
0.07538000 0.04140700 -0.03488100 -0.18598000 -0.30599200 -0.93369100 0.17072700 -0.94587900 0.27597900 -0.96760700 -0.10808000 0.22815600
0.07515100 0.04121900 -0.03511100 -0.18417900 -0.29933600 -0.93620200 0.17022900 -0.94781700 0.26956000 -0.96803800 -0.10972200 0.22552300
