0.08647800 0.04081000 -0.02544900 0.82207800 -0.36997800 -0.43278400 0.44589500 0.89101300 0.08527300 0.35406800 -0.26307700 0.89745500
0.08647800 0.04081400 -0.02545200 0.82190300 -0.37019300 -0.43293400 0.44611400 0.89091800 0.08511800 0.35419900 -0.26309700 0.89739700
0.08647800 0.04081400 -0.02544600 0.82173400 -0.37040000 -0.43307600 0.44634300 0.89081300 0.08501500 0.35430100 -0.26316100 0.89733800
0.08647800 0.04081400 -0.02544600 0.82165100 -0.37050200 -0.43314600 0.44645200 0.89076500 0.08495300 0.35435700 -0.26318100 0.89731000
0.08647800 0.04082100 -0.02544600 0.82146400 -0.37073100 -0.43330600 0.44668600 0.89066300 0.08479000 0.35449600 -0.26320400 0.89724800
0.08647800 0.04082100 -0.02544600 0.82129800 -0.37093400 -0.43344700 0.44690300 0.89056600 0.08466600 0.35460800 -0.26324500 0.89719200
0.08647800 0.04082100 -0.02544600 0.82113100 -0.37113800 -0.43358800 0.44711900 0.89046900 0.08454200 0.35472100 -0.26328500 0.89713500
0.08647800 0.04082100 -0.02544700 0.82096500 -0.37134100 -0.43372800 0.44733500 0.89037200 0.08441800 0.35483300 -0.26332600 0.89707900
0.08648300 0.04081700 -0.02545000 0.82079700 -0.37154700 -0.43387100 0.44755400 0.89027500 0.08429200 0.35494600 -0.26336700 0.89702200
0.08648300 0.04081700 -0.02545000 0.82071300 -0.37164900 -0.43394100 0.44766200 0.89022600 0.08423000 0.35500200 -0.26338800 0.89699400
0.08648300 0.04081700 -0.02545000 0.82063000 -0.37175100 -0.43401100 0.44777000 0.89017800 0.08416800 0.35505800 -0.26340800 0.89696600
0.08648300 0.04081700 -0.02545000 0.82054700 -0.37185300 -0.43408100 0.44787800 0.89012900 0.08410500 0.35511400 -0.26342800 0.89693800
0.08648300 0.04081700 -0.02545000 0.82046400 -0.37195400 -0.43415200 0.44798700 0.89008100 0.08404300 0.35517000 -0.26344900 0.89691000
0.08648300 0.04081700 -0.02545000 0.82038000 -0.37205600 -0.43422200 0.44809500 0.89003200 0.08398100 0.35522600 -0.26346900 0.89688200
0.08648300 0.04082100 -0.02544700 0.82036800 -0.37207100 -0.43423200 0.44811000 0.89002500 0.08397200 0.35523500 -0.26347200 0.89687700
0.08648300 0.04082300 -0.02544500 0.82027300 -0.37218700 -0.43431300 0.44823400 0.88996900 0.08390100 0.35529900 -0.26349600 0.89684500
0.08648400 0.04082800 -0.02544100 0.82026100 -0.37220100 -0.43432300 0.44824900 0.88996200 0.08389200 0.35530700 -0.26349800 0.89684100
0.08648400 0.04082800 -0.02544100 0.82026100 -0.37220100 -0.43432300 0.44824900 0.88996300 0.08389200 0.35530700 -0.26349800 0.89684100
0.08648400 0.04082800 -0.02544100 0.82026100 -0.37220100 -0.43432300 0.44824900 0.88996200 0.08389200 0.35530700 -0.26349800 0.89684100
0.08648400 0.04082800 -0.02544100 0.82017800 -0.37230300 -0.43439300 0.44835700 0.88991400 0.08383000 0.35536300 -0.26351900 0.89681300
0.08648400 0.04082800 -0.02544100 0.82017800 -0.37230300 -0.43439300 0.44835700 0.88991400 0.08383000 0.35536300 -0.26351900 0.89681300
0.08648900 0.04082700 -0.02544100 0.82016400 -0.37232000 -0.43440500 0.44837500 0.88990600 0.08381900 0.35537200 -0.26352200 0.89680800
0.08648900 0.04082700 -0.02544100 0.82016400 -0.37232000 -0.43440500 0.44837500 0.88990600 0.08381900 0.35537200 -0.26352200 0.89680800
0.08648900 0.04082300 -0.02543800 0.82009000 -0.37241100 -0.43446700 0.44848100 0.88985500 0.08378800 0.35541000 -0.26356300 0.89678100
0.08648900 0.04082300 -0.02543800 0.82009000 -0.37241100 -0.43446600 0.44848100 0.88985500 0.08378800 0.35540900 -0.26356300 0.89678100
0.08648900 0.04082300 -0.02543800 0.82009000 -0.37241100 -0.43446600 0.44848100 0.88985500 0.08378800 0.35540900 -0.26356300 0.89678100
0.08648900 0.04082700 -0.02543500 0.82007800 -0.37242500 -0.43447700 0.44849600 0.88984900 0.08377800 0.35541800 -0.26356600 0.89677700
0.08648900 0.04082700 -0.02543500 0.81999400 -0.37252700 -0.43454700 0.44860500 0.88980000 0.08371600 0.35547400 -0.26358700 0.89674900
0.08648900 0.04082700 -0.02543500 0.81999400 -0.37252700 -0.43454700 0.44860500 0.88980000 0.08371600 0.35547400 -0.26358700 0.89674900
0.08649000 0.04083000 -0.02543200 0.81998200 -0.37254200 -0.43455700 0.44862000 0.88979300 0.08370700 0.35548200 -0.26358900 0.89674500
0.08648900 0.04083000 -0.02543200 0.81989900 -0.37264300 -0.43462700 0.44872800 0.88974400 0.08364500 0.35553800 -0.26361000 0.89671700
0.08648900 0.04082700 -0.02543500 0.81991100 -0.37262900 -0.43461700 0.44871200 0.88975100 0.08365400 0.35553000 -0.26360700 0.89672100
0.08648900 0.04082700 -0.02543500 0.81982800 -0.37273000 -0.43468700 0.44882000 0.88970300 0.08359200 0.35558600 -0.26362700 0.89669200
0.08648900 0.04082700 -0.02543500 0.81974400 -0.37283200 -0.43475700 0.44892800 0.88965400 0.08352900 0.35564200 -0.26364800 0.89666400
0.08648900 0.04082700 -0.02543500 0.81974400 -0.37283200 -0.43475700 0.44892800 0.88965400 0.08352900 0.35564200 -0.26364800 0.89666400
0.08648900 0.04082700 -0.02543500 0.81966100 -0.37293400 -0.43482800 0.44903600 0.88960500 0.08346700 0.35569800 -0.26366800 0.89663600
0.08649400 0.04082300 -0.02543900 0.81949200 -0.37313900 -0.43496900 0.44925500 0.88950700 0.08334100 0.35581100 -0.26371000 0.89657900
0.08651500 0.04081900 -0.02544300 0.81928200 -0.37339500 -0.43514700 0.44952600 0.88938500 0.08318400 0.35595300 -0.26376200 0.89650800
0.08652600 0.04081100 -0.02544200 0.81919200 -0.37350400 -0.43522100 0.44965200 0.88932500 0.08314100 0.35600000 -0.26380700 0.89647500
0.08654700 0.04080700 -0.02543300 0.81914300 -0.37356400 -0.43526100 0.44973400 0.88928200 0.08315100 0.35600800 -0.26386500 0.89645500
0.08655900 0.04080200 -0.02541800 0.81903600 -0.37369700 -0.43534900 0.44990200 0.88919800 0.08314100 0.35604200 -0.26396000 0.89641300
0.08655900 0.04079700 -0.02540200 0.81904000 -0.37369400 -0.43534300 0.44992600 0.88917900 0.08321400 0.35600200 -0.26402800 0.89640900
0.08655000 0.04080100 -0.02537200 0.81903300 -0.37370700 -0.43534500 0.44997500 0.88914600 0.08330200 0.35595600 -0.26412200 0.89640000
0.08655100 0.04081200 -0.02535000 0.81890800 -0.37386100 -0.43544900 0.45015700 0.88905900 0.08325500 0.35601400 -0.26419800 0.89635400
0.08656300 0.04081800 -0.02533800 0.81877000 -0.37402900 -0.43556400 0.45034500 0.88897100 0.08317500 0.35609400 -0.26425500 0.89630500
0.08656800 0.04082100 -0.02533600 0.81874400 -0.37406000 -0.43558600 0.45037900 0.88895600 0.08315500 0.35611200 -0.26426200 0.89629700
0.08656300 0.04082400 -0.02533300 0.81874600 -0.37405800 -0.43558400 0.45037600 0.88895700 0.08315700 0.35611100 -0.26426100 0.89629700
0.08654700 0.04081900 -0.02533100 0.81880900 -0.37398300 -0.43553000 0.45030500 0.88898700 0.08322700 0.35605600 -0.26426900 0.89631700
0.08654700 0.04081700 -0.02533200 0.81872500 -0.37408400 -0.43560000 0.45041300 0.88893800 0.08316500 0.35611200 -0.26428900 0.89628900
0.08655700 0.04080600 -0.02533500 0.81856400 -0.37428100 -0.43573500 0.45063100 0.88883600 0.08306800 0.35620700 -0.26435200 0.89623200
0.08656200 0.04080200 -0.02533800 0.81839500 -0.37448700 -0.43587600 0.45084900 0.88873700 0.08294200 0.35632000 -0.26439400 0.89617500
0.08656700 0.04078800 -0.02533700 0.81825600 -0.37465600 -0.43599100 0.45104700 0.88864200 0.08288500 0.35638700 -0.26447400 0.89612500
0.08657200 0.04078000 -0.02533700 0.81818000 -0.37474900 -0.43605300 0.45115500 0.88859100 0.08285200 0.35642500 -0.26451500 0.89609700
0.08657700 0.04076100 -0.02533200 0.81805100 -0.37490800 -0.43615900 0.45135100 0.88849300 0.08282500 0.35647300 -0.26461600 0.89604900
0.08658800 0.04074200 -0.02532200 0.81790600 -0.37508700 -0.43627700 0.45157700 0.88838000 0.08281000 0.35651900 -0.26474400 0.89599300
0.08658800 0.04073200 -0.02531000 0.81792200 -0.37507000 -0.43626100 0.45158600 0.88836800 0.08289200 0.35647100 -0.26480900 0.89599300
0.08658400 0.04071100 -0.02528100 0.81782300 -0.37519600 -0.43633900 0.45178300 0.88825900 0.08298000 0.35644900 -0.26499400 0.89594700
0.08657900 0.04068700 -0.02525400 0.81772400 -0.37532200 -0.43641700 0.45198100 0.88815100 0.08306900 0.35642600 -0.26518000 0.89590100
0.08657900 0.04067500 -0.02523800 0.81766600 -0.37539600 -0.43646200 0.45209500 0.88808800 0.08311900 0.35641400 -0.26528600 0.89587400
0.08657900 0.04067100 -0.02523400 0.81759200 -0.37548700 -0.43652300 0.45220100 0.88803700 0.08308700 0.35645100 -0.26532700 0.89584700
0.08658000 0.04067500 -0.02523100 0.81749500 -0.37560300 -0.43660300 0.45232400 0.88798100 0.08301500 0.35651500 -0.26535100 0.89581500
0.08658500 0.04067400 -0.02523200 0.81732500 -0.37580800 -0.43674400 0.45254200 0.88788200 0.08288900 0.35662800 -0.26539200 0.89575800
0.08658500 0.04067100 -0.02523500 0.81724100 -0.37591000 -0.43681400 0.45265000 0.88783200 0.08282600 0.35668300 -0.26541300 0.89572900
0.08658500 0.04066300 -0.02523400 0.81709500 -0.37608700 -0.43693500 0.45284800 0.88773900 0.08274000 0.35676700 -0.26547200 0.89567800
0.08658500 0.04066300 -0.02523400 0.81701100 -0.37618900 -0.43700500 0.45295600 0.88769000 0.08267800 0.35682300 -0.26549300 0.89565000
0.08658500 0.04066300 -0.02523400 0.81692700 -0.37629000 -0.43707500 0.45306300 0.88764100 0.08261500 0.35687900 -0.26551300 0.89562200
0.08658500 0.04066300 -0.02523400 0.81675900 -0.37649300 -0.43721400 0.45327900 0.88754200 0.08249000 0.35699000 -0.26555400 0.89556500
0.08659000 0.04066300 -0.02523400 0.81666100 -0.37661200 -0.43729600 0.45340500 0.88748500 0.08241700 0.35705500 -0.26557900 0.89553200
0.08659500 0.04066300 -0.02523500 0.81647800 -0.37683100 -0.43744700 0.45363800 0.88737900 0.08228100 0.35717600 -0.26562400 0.89547100
0.08660000 0.04066000 -0.02523700 0.81639200 -0.37693400 -0.43751800 0.45374800 0.88732800 0.08221700 0.35723300 -0.26564500 0.89544200
0.08660600 0.04066300 -0.02523500 0.81619800 -0.37716800 -0.43768000 0.45399700 0.88721500 0.08207200 0.35736100 -0.26569300 0.89537600
0.08661600 0.04066300 -0.02523600 0.81591700 -0.37750600 -0.43791200 0.45435500 0.88705000 0.08186400 0.35754700 -0.26576200 0.89528100
0.08662200 0.04066300 -0.02523600 0.81581800 -0.37762400 -0.43799400 0.45448100 0.88699300 0.08179000 0.35761200 -0.26578600 0.89524800
0.08663800 0.04065800 -0.02523300 0.81553300 -0.37796800 -0.43822900 0.45485500 0.88681800 0.08160100 0.35778800 -0.26587900 0.89515000
0.08665400 0.04065400 -0.02523000 0.81533100 -0.37821000 -0.43839500 0.45512100 0.88669300 0.08147500 0.35790800 -0.26595200 0.89508100
0.08667500 0.04065400 -0.02523100 0.81502200 -0.37858000 -0.43865100 0.45551500 0.88651200 0.08124500 0.35811200 -0.26602800 0.89497600
0.08669100 0.04065300 -0.02523200 0.81489500 -0.37873200 -0.43875500 0.45567600 0.88643800 0.08115100 0.35819500 -0.26606000 0.89493400
0.08670700 0.04064900 -0.02522900 0.81469300 -0.37897400 -0.43892100 0.45594200 0.88631300 0.08102400 0.35831600 -0.26613300 0.89486400
0.08672200 0.04064800 -0.02523000 0.81456700 -0.37912500 -0.43902500 0.45610300 0.88623900 0.08093000 0.35839900 -0.26616400 0.89482100
0.08672800 0.04064400 -0.02522700 0.81447800 -0.37923300 -0.43909800 0.45622600 0.88617900 0.08088700 0.35844500 -0.26620900 0.89478900
0.08673300 0.04064000 -0.02522400 0.81430400 -0.37944100 -0.43924000 0.45645600 0.88607000 0.08078200 0.35854600 -0.26627500 0.89472900
0.08673300 0.04064000 -0.02521700 0.81421600 -0.37954600 -0.43931100 0.45657700 0.88601200 0.08074000 0.35859100 -0.26631900 0.89469800
0.08673300 0.04063600 -0.02521400 0.81405700 -0.37973800 -0.43944100 0.45679000 0.88591100 0.08064400 0.35868300 -0.26638200 0.89464200
0.08673300 0.04063100 -0.02521100 0.81399400 -0.37981400 -0.43949200 0.45687900 0.88586700 0.08062100 0.35871100 -0.26642000 0.89462000
0.08674400 0.04062800 -0.02521400 0.81379600 -0.38004900 -0.43965400 0.45712900 0.88575100 0.08047400 0.35884100 -0.26646900 0.89455300
0.08676500 0.04062400 -0.02521200 0.81366500 -0.38020700 -0.43976200 0.45730500 0.88566700 0.08040000 0.35891500 -0.26652400 0.89450700
0.08678100 0.04062000 -0.02521500 0.81355000 -0.38034300 -0.43985700 0.45745000 0.88560000 0.08031500 0.35899000 -0.26655300 0.89446900
0.08682300 0.04061900 -0.02521700 0.81326700 -0.38067900 -0.44008800 0.45780700 0.88543400 0.08010500 0.35917500 -0.26662300 0.89437300
0.08688100 0.04061100 -0.02522500 0.81296700 -0.38103500 -0.44033500 0.45818600 0.88525900 0.07988300 0.35937300 -0.26669800 0.89427200
0.08694400 0.04060900 -0.02522900 0.81271300 -0.38133600 -0.44054400 0.45850600 0.88511000 0.07969500 0.35954000 -0.26676100 0.89418600
0.08697600 0.04060900 -0.02523000 0.81262800 -0.38143700 -0.44061400 0.45861300 0.88506000 0.07963200 0.35959600 -0.26678200 0.89415600
0.08702400 0.04061100 -0.02522900 0.81240300 -0.38170200 -0.44079800 0.45889500 0.88492900 0.07946600 0.35974300 -0.26683800 0.89408000
0.08705000 0.04061000 -0.02523000 0.81224700 -0.38188700 -0.44092500 0.45909100 0.88483700 0.07935000 0.35984500 -0.26687700 0.89402800
0.08706100 0.04061000 -0.02523100 0.81221900 -0.38192000 -0.44094900 0.45912700 0.88482100 0.07932900 0.35986400 -0.26688400 0.89401900
0.08706600 0.04060600 -0.02522800 0.81204400 -0.38212800 -0.44109000 0.45935600 0.88471100 0.07922300 0.35996400 -0.26695000 0.89395800
0.08706600 0.04059800 -0.02522100 0.81197800 -0.38220800 -0.44114200 0.45945900 0.88465800 0.07922100 0.35998200 -0.26701200 0.89393200
0.08707700 0.04059200 -0.02521300 0.81187200 -0.38233600 -0.44122800 0.45961300 0.88458100 0.07918800 0.36002600 -0.26708500 0.89389300
0.08708300 0.04059400 -0.02521200 0.81185800 -0.38235200 -0.44123900 0.45963000 0.88457300 0.07917800 0.36003500 -0.26708800 0.89388800
0.08709900 0.04058600 -0.02520600 0.81174900 -0.38248200 -0.44132600 0.45978600 0.88449500 0.07914400 0.36008000 -0.26716100 0.89384900
0.08711400 0.04058500 -0.02520600 0.81162200 -0.38263200 -0.44143000 0.45994600 0.88442000 0.07904900 0.36016300 -0.26719300 0.89380500
0.08712000 0.04058500 -0.02520700 0.81160700 -0.38264900 -0.44144200 0.45996400 0.88441200 0.07903900 0.36017300 -0.26719600 0.89380100
0.08713600 0.04058100 -0.02520400 0.81149000 -0.38278900 -0.44153700 0.46012200 0.88433500 0.07897500 0.36023700 -0.26724800 0.89375900
0.08715700 0.04057600 -0.02520200 0.81135800 -0.38294600 -0.44164500 0.46029800 0.88425100 0.07890000 0.36031100 -0.26730400 0.89371300
0.08716700 0.04057600 -0.02520200 0.81132900 -0.38297900 -0.44166800 0.46033300 0.88423400 0.07887900 0.36032900 -0.26731100 0.89370400
0.08718300 0.04057600 -0.02520300 0.81128700 -0.38302900 -0.44170300 0.46038600 0.88420900 0.07884800 0.36035700 -0.26732200 0.89368900
0.08719900 0.04057100 -0.02520000 0.81116900 -0.38316900 -0.44179800 0.46054400 0.88413300 0.07878300 0.36042100 -0.26737400 0.89364700
0.08721000 0.04057100 -0.02520100 0.81114000 -0.38320200 -0.44182100 0.46057900 0.88411600 0.07876200 0.36044000 -0.26738100 0.89363800
0.08721500 0.04057100 -0.02519500 0.81112300 -0.38322300 -0.44183400 0.46061000 0.88409900 0.07877300 0.36043800 -0.26740800 0.89363000
0.08722600 0.04057100 -0.02519500 0.81101000 -0.38335700 -0.44192700 0.46075200 0.88403300 0.07868900 0.36051200 -0.26743700 0.89359200
0.08723700 0.04057000 -0.02519600 0.81098100 -0.38339000 -0.44195000 0.46078800 0.88401600 0.07866800 0.36053100 -0.26744400 0.89358300
0.08724200 0.04057300 -0.02519300 0.81095500 -0.38342100 -0.44197100 0.46082100 0.88400100 0.07864800 0.36054800 -0.26745000 0.89357400
0.08725300 0.04056900 -0.02519000 0.81093600 -0.38344300 -0.44198600 0.46085400 0.88398300 0.07865800 0.36054800 -0.26747800 0.89356500
0.08726300 0.04056500 -0.02518700 0.81091800 -0.38346600 -0.44200100 0.46088700 0.88396500 0.07866700 0.36054700 -0.26750500 0.89355700
0.08727400 0.04056500 -0.02518800 0.81080400 -0.38360000 -0.44209300 0.46102900 0.88389800 0.07858300 0.36062100 -0.26753400 0.89351900
0.08727900 0.04056100 -0.02518400 0.81080000 -0.38360600 -0.44209600 0.46104500 0.88388800 0.07860300 0.36061100 -0.26755800 0.89351600
0.08729000 0.04055900 -0.02518000 0.81076900 -0.38364300 -0.44212100 0.46109400 0.88386300 0.07860300 0.36061900 -0.26758800 0.89350400
0.08730100 0.04055200 -0.02517200 0.81076000 -0.38365500 -0.44212700 0.46112500 0.88384300 0.07864300 0.36060000 -0.26763600 0.89349700
0.08730600 0.04054800 -0.02516900 0.81075500 -0.38366100 -0.44213000 0.46114000 0.88383300 0.07866300 0.36059000 -0.26766000 0.89349400
0.08732300 0.04053800 -0.02515200 0.81072700 -0.38369800 -0.44215100 0.46121600 0.88378700 0.07873500 0.36055700 -0.26775900 0.89347700
0.08733400 0.04053200 -0.02513100 0.81070000 -0.38373300 -0.44217000 0.46129000 0.88374200 0.07880800 0.36052400 -0.26785800 0.89346200
0.08734100 0.04053600 -0.02510700 0.81066500 -0.38377600 -0.44219600 0.46136300 0.88370000 0.07885100 0.36050800 -0.26793500 0.89344500
0.08734700 0.04053800 -0.02509200 0.81063300 -0.38381500 -0.44222100 0.46142300 0.88366700 0.07887400 0.36050300 -0.26798900 0.89343100
0.08734800 0.04054300 -0.02506900 0.81060000 -0.38385600 -0.44224500 0.46149400 0.88362500 0.07892000 0.36048600 -0.26806600 0.89341400
0.08734800 0.04054300 -0.02505500 0.81059400 -0.38386400 -0.44224800 0.46152100 0.88360700 0.07896200 0.36046400 -0.26811300 0.89340900
0.08734800 0.04053900 -0.02505200 0.81060400 -0.38385400 -0.44224000 0.46151900 0.88360600 0.07899200 0.36044400 -0.26813300 0.89341100
0.08734800 0.04053800 -0.02505300 0.81061600 -0.38383900 -0.44223000 0.46150400 0.88361300 0.07900200 0.36043600 -0.26813100 0.89341500
0.08734800 0.04053500 -0.02505600 0.81061600 -0.38384000 -0.44223000 0.46150400 0.88361300 0.07900100 0.36043600 -0.26813100 0.89341500
0.08735300 0.04053500 -0.02505600 0.81060200 -0.38385600 -0.44224100 0.46152200 0.88360500 0.07899100 0.36044500 -0.26813400 0.89341000
0.08735900 0.04053800 -0.02505300 0.81057500 -0.38388700 -0.44226300 0.46155400 0.88358900 0.07897100 0.36046300 -0.26814100 0.89340100
0.08736400 0.04053400 -0.02505600 0.81057300 -0.38389000 -0.44226400 0.46155700 0.88358800 0.07897000 0.36046400 -0.26814100 0.89340000
0.08736400 0.04053400 -0.02505600 0.81057300 -0.38388900 -0.44226400 0.46155700 0.88358800 0.07897000 0.36046400 -0.26814100 0.89340000
0.08736900 0.04053400 -0.02505700 0.81055900 -0.38390600 -0.44227600 0.46157400 0.88358000 0.07895900 0.36047300 -0.26814500 0.89339600
0.08737000 0.04053800 -0.02505400 0.81054700 -0.38392100 -0.44228600 0.46159000 0.88357300 0.07895000 0.36048200 -0.26814800 0.89339100
0.08736900 0.04053800 -0.02505400 0.81054700 -0.38392100 -0.44228600 0.46159000 0.88357300 0.07895000 0.36048200 -0.26814800 0.89339200
0.08736900 0.04053800 -0.02505400 0.81279400 -0.37914200 -0.44228500 0.45633900 0.88630400 0.07885100 0.36210400 -0.26592200 0.89340100
0.08736900 0.04053800 -0.02505400 0.81279300 -0.37914400 -0.44228500 0.45634200 0.88630300 0.07885200 0.36210300 -0.26592400 0.89340100
0.08736900 0.04053800 -0.02505400 0.81279100 -0.37914800 -0.44228500 0.45634600 0.88630100 0.07885200 0.36210200 -0.26592500 0.89340100
0.08737500 0.04054200 -0.02505700 0.81276700 -0.37917600 -0.44230500 0.45636600 0.88629400 0.07881100 0.36213000 -0.26590800 0.89339400
0.08737500 0.04054200 -0.02505700 0.81276700 -0.37917600 -0.44230600 0.45636600 0.88629400 0.07881100 0.36213000 -0.26590800 0.89339400
0.08739000 0.04053800 -0.02506100 0.81273700 -0.37921200 -0.44233000 0.45640500 0.88627600 0.07878900 0.36215000 -0.26591600 0.89338400
0.08740600 0.04053700 -0.02506200 0.81269400 -0.37926200 -0.44236500 0.45645800 0.88625100 0.07875700 0.36217700 -0.26592700 0.89336900
0.08741700 0.04053700 -0.02506200 0.81266600 -0.37929600 -0.44238800 0.45649400 0.88623500 0.07873600 0.36219600 -0.26593400 0.89336000
0.08743800 0.04053300 -0.02506000 0.81261900 -0.37935200 -0.44242600 0.45656300 0.88620000 0.07872400 0.36221400 -0.26596800 0.89334200
0.08745400 0.04053400 -0.02505900 0.81256400 -0.37941700 -0.44247100 0.45663200 0.88616900 0.07868400 0.36225000 -0.26598200 0.89332300
0.08746500 0.04053600 -0.02505800 0.81253600 -0.37945100 -0.44249400 0.45666800 0.88615200 0.07866300 0.36226900 -0.26599000 0.89331400
0.08746500 0.04053900 -0.02505500 0.81252300 -0.37946600 -0.44250400 0.45668400 0.88614400 0.07865400 0.36227600 -0.26599300 0.89330900
0.08746000 0.04053900 -0.02505500 0.81253700 -0.37945000 -0.44249200 0.45666600 0.88615200 0.07866400 0.36226700 -0.26598900 0.89331400
0.08746000 0.04054300 -0.02505200 0.81252500 -0.37946500 -0.44250300 0.45668300 0.88614500 0.07865500 0.36227500 -0.26599200 0.89331000
0.08746000 0.04054300 -0.02505200 0.81252400 -0.37946500 -0.44250300 0.45668300 0.88614500 0.07865500 0.36227500 -0.26599300 0.89331000
0.08746500 0.04054300 -0.02505200 0.81251000 -0.37948100 -0.44251400 0.45670000 0.88613700 0.07864500 0.36228400 -0.26599600 0.89330500
0.08746000 0.04054700 -0.02504800 0.81250000 -0.37949500 -0.44252200 0.45671400 0.88613000 0.07863700 0.36229100 -0.26599900 0.89330200
0.08746100 0.04055600 -0.02504100 0.81247500 -0.37952500 -0.44254200 0.45674600 0.88611500 0.07861800 0.36230700 -0.26600500 0.89329400
0.08746100 0.04056000 -0.02503800 0.81246200 -0.37954000 -0.44255200 0.45676200 0.88610800 0.07860900 0.36231400 -0.26600800 0.89328900
0.08746100 0.04057000 -0.02503000 0.81242500 -0.37958500 -0.44258200 0.45680900 0.88608600 0.07858200 0.36233800 -0.26601800 0.89327700
0.08746200 0.04057700 -0.02501700 0.81238500 -0.37963300 -0.44261400 0.45687000 0.88605600 0.07857500 0.36235100 -0.26605100 0.89326200
0.08746300 0.04058500 -0.02501100 0.81236100 -0.37966300 -0.44263400 0.45690100 0.88604100 0.07855700 0.36236700 -0.26605700 0.89325400
0.08746300 0.04059900 -0.02500000 0.81231200 -0.37972200 -0.44267400 0.45696400 0.88601200 0.07852000 0.36239900 -0.26606900 0.89323700
0.08746400 0.04061000 -0.02499100 0.81227500 -0.37976500 -0.44270400 0.45701000 0.88599100 0.07849300 0.36242300 -0.26607800 0.89322500
0.08746400 0.04061400 -0.02498700 0.81226200 -0.37978000 -0.44271400 0.45702600 0.88598300 0.07848400 0.36243100 -0.26608100 0.89322100
0.08746400 0.04061100 -0.02499000 0.81227500 -0.37976500 -0.44270400 0.45701000 0.88599100 0.07849300 0.36242300 -0.26607800 0.89322500
0.08745900 0.04061000 -0.02499000 0.81228900 -0.37974900 -0.44269200 0.45699300 0.88599900 0.07850300 0.36241400 -0.26607400 0.89323000
0.08745900 0.04061700 -0.02498500 0.81226400 -0.37977800 -0.44271200 0.45702400 0.88598400 0.07848500 0.36243000 -0.26608000 0.89322100
0.08745900 0.04062100 -0.02498100 0.81225200 -0.37979300 -0.44272200 0.45703900 0.88597700 0.07847500 0.36243800 -0.26608300 0.89321700
0.08746000 0.04062800 -0.02497600 0.81222700 -0.37982200 -0.44274200 0.45707000 0.88596300 0.07845700 0.36245400 -0.26608900 0.89320900
0.08746500 0.04062700 -0.02497700 0.81222500 -0.37982400 -0.44274400 0.45707200 0.88596200 0.07845600 0.36245500 -0.26609000 0.89320800
0.08746500 0.04062400 -0.02497900 0.81222500 -0.37982400 -0.44274400 0.45707200 0.88596200 0.07845600 0.36245500 -0.26609000 0.89320800
0.08746500 0.04062400 -0.02497900 0.81222500 -0.37982400 -0.44274400 0.45707200 0.88596200 0.07845600 0.36245500 -0.26609000 0.89320800
0.08746500 0.04062800 -0.02498300 0.81221600 -0.37983500 -0.44275300 0.45707400 0.88596300 0.07842600 0.36247400 -0.26606900 0.89320700
0.08747000 0.04062800 -0.02498900 0.81220400 -0.37984800 -0.44276200 0.45707900 0.88596400 0.07839400 0.36249400 -0.26604900 0.89320400
0.08747500 0.04062800 -0.02499000 0.81219000 -0.37986400 -0.44277400 0.45709700 0.88595600 0.07838300 0.36250400 -0.26605300 0.89320000
0.08751200 0.04062800 -0.02500400 0.81201100 -0.38007500 -0.44292100 0.45730100 0.88586600 0.07820400 0.36264600 -0.26605100 0.89314200
0.08754300 0.04064300 -0.02501900 0.81188800 -0.38021800 -0.44302500 0.45741600 0.88582300 0.07802000 0.36277700 -0.26599000 0.89310700
0.08755300 0.04066300 -0.02504200 0.81181400 -0.38030100 -0.44308900 0.45744800 0.88582300 0.07782600 0.36290200 -0.26587000 0.89309200
0.08755300 0.04066900 -0.02505800 0.81264900 -0.37989100 -0.44190700 0.45725200 0.88578600 0.07939100 0.36127500 -0.26658100 0.89354000
0.08757100 0.04066100 -0.02511100 0.81302100 -0.37969400 -0.44139300 0.45709300 0.88581900 0.07994300 0.36064000 -0.26675200 0.89374500
0.08760400 0.04062300 -0.02519600 0.81522800 -0.37491000 -0.44141200 0.45176600 0.88857400 0.07964600 0.36236700 -0.26434400 0.89376200
0.08762700 0.04060200 -0.02525300 0.81516200 -0.37498600 -0.44147000 0.45179100 0.88857800 0.07945800 0.36248500 -0.26422400 0.89375000
0.08768300 0.04055200 -0.02540200 0.81929300 -0.36568600 -0.44162200 0.44141300 0.89384000 0.07875900 0.36593900 -0.25946400 0.89373600
0.08772700 0.04049800 -0.02560000 0.82349700 -0.35599200 -0.44172400 0.43053200 0.89920100 0.07795400 0.36944800 -0.25437100 0.89375700
0.08779000 0.04047300 -0.02584800 0.82952400 -0.34153600 -0.44186100 0.41428700 0.90690200 0.07677100 0.37450500 -0.24674000 0.89379200
0.08783100 0.04046200 -0.02599700 0.83099300 -0.33532700 -0.44385100 0.40852800 0.90942300 0.07779500 0.37756200 -0.24597300 0.89271600
0.08790600 0.04045300 -0.02634600 0.83937700 -0.30735700 -0.44830400 0.38014700 0.92145800 0.08001400 0.38850200 -0.23758300 0.89029100
0.08797100 0.04042800 -0.02678900 0.84281200 -0.28508900 -0.45649800 0.36076500 0.92867400 0.08609400 0.39939400 -0.23724900 0.88554800
0.08799700 0.04040300 -0.02703800 0.84632300 -0.26520900 -0.46195100 0.34238500 0.93520300 0.09036400 0.40805400 -0.23464300 0.88228900
0.08798800 0.04030200 -0.02757800 0.84969300 -0.23538100 -0.47182200 0.31620100 0.94354000 0.09872900 0.42194500 -0.23308000 0.87614800
0.08786100 0.04010700 -0.02820300 0.84897500 -0.21649500 -0.48204700 0.30106200 0.94785700 0.10453000 0.43428200 -0.23387000 0.86988700
0.08767300 0.03976200 -0.02893800 0.84734800 -0.20266500 -0.49084200 0.29113300 0.95031200 0.11021100 0.44411700 -0.23628800 0.86424900
0.08756800 0.03950500 -0.02937500 0.84552000 -0.19873600 -0.49557900 0.28902000 0.95076800 0.11182800 0.44895700 -0.23778500 0.86133300
0.08734300 0.03889000 -0.03028100 0.83911900 -0.19256200 -0.50872100 0.28490300 0.95228300 0.10947700 0.46336600 -0.23680100 0.85394100
0.08704900 0.03809700 -0.03126700 0.83324300 -0.18755900 -0.52012100 0.28033500 0.95413700 0.10503400 0.47656700 -0.23332700 0.84760800
0.08688100 0.03766100 -0.03178200 0.82972900 -0.18672600 -0.52600400 0.27889200 0.95500500 0.10091200 0.48349400 -0.23042800 0.84447300
0.08652800 0.03670800 -0.03282700 0.82647800 -0.18319100 -0.53232800 0.27812500 0.95498700 0.10316900 0.48946700 -0.23332000 0.84022700
0.08611300 0.03584500 -0.03375700 0.82472300 -0.18224800 -0.53536500 0.27869000 0.95469700 0.10432200 0.49210000 -0.23523700 0.83815200
0.08586300 0.03548200 -0.03418000 0.82330100 -0.17906800 -0.53861800 0.27804400 0.95451500 0.10766600 0.49484000 -0.23840100 0.83564200
0.08529400 0.03492200 -0.03491000 0.82733500 -0.16791600 -0.53602100 0.26593800 0.95763800 0.11047500 0.49476400 -0.23394900 0.83694400
0.08470800 0.03458700 -0.03547300 0.83391900 -0.12295700 -0.53801400 0.21606100 0.96978800 0.11325900 0.50783400 -0.21069200 0.83529200
0.08419700 0.03437000 -0.03589900 0.83478300 -0.08839600 -0.54343500 0.18013600 0.97655400 0.11786300 0.52027600 -0.19628200 0.83113400
0.08397300 0.03427300 -0.03607700 0.83170300 -0.07044900 -0.55073200 0.16270900 0.97929400 0.12045000 0.53084300 -0.18978800 0.82594400
0.08361900 0.03411600 -0.03635500 0.82315200 -0.03881600 -0.56649100 0.12979400 0.98410900 0.12116800 0.55278600 -0.17326700 0.81510900
0.08336700 0.03398500 -0.03651000 0.81356500 -0.02363300 -0.58099300 0.11178100 0.98689300 0.11638400 0.57062800 -0.15962900 0.80554300
0.08326300 0.03393600 -0.03654200 0.80967200 -0.01868400 -0.58658300 0.10423300 0.98818000 0.11239900 0.57755100 -0.15214800 0.80205000
0.08307400 0.03389600 -0.03649100 0.80417200 -0.02278300 -0.59395800 0.10728700 0.98841500 0.10734500 0.58463300 -0.15004800 0.79730100
0.08294800 0.03393400 -0.03637100 0.80181200 -0.02079200 -0.59721300 0.10297500 0.98925100 0.10381200 0.58863600 -0.14473600 0.79533500
0.08288800 0.03397300 -0.03625900 0.80280500 -0.01848300 -0.59595300 0.10191500 0.98906300 0.10661400 0.58746500 -0.14632700 0.79590900
0.08287500 0.03399100 -0.03621200 0.80313900 -0.01920100 -0.59548100 0.10345900 0.98879000 0.10765400 0.58673900 -0.14806900 0.79612300
0.08288000 0.03403600 -0.03614600 0.80250500 -0.02063500 -0.59628800 0.10472900 0.98875600 0.10673100 0.58738100 -0.14810100 0.79564300
0.08290400 0.03404000 -0.03611300 0.80244800 -0.02079600 -0.59635800 0.10493700 0.98873500 0.10672200 0.58742100 -0.14821900 0.79559100
0.08290900 0.03403500 -0.03611100 0.80240000 -0.02091700 -0.59641900 0.10505900 0.98872800 0.10666700 0.58746600 -0.14824900 0.79555300
0.08293700 0.03402300 -0.03611600 0.80237000 -0.02100100 -0.59645600 0.10515100 0.98872100 0.10664000 0.58749000 -0.14828200 0.79552900
0.08298100 0.03402100 -0.03611900 0.80229900 -0.02117300 -0.59654500 0.10530200 0.98871700 0.10652900 0.58755900 -0.14828600 0.79547700
0.08303100 0.03401800 -0.03611500 0.80344200 -0.02005200 -0.59504300 0.10521900 0.98848300 0.10875800 0.58601000 -0.14999100 0.79629900
0.08306500 0.03402000 -0.03611300 0.80474500 -0.01401600 -0.59345300 0.09909200 0.98886500 0.11101800 0.58528900 -0.14814800 0.79717400
0.08311700 0.03404300 -0.03609200 0.80462900 -0.01426800 -0.59360500 0.09929700 0.98886600 0.11082700 0.58541500 -0.14811800 0.79708700
0.08314500 0.03409400 -0.03602700 0.80446100 -0.01466200 -0.59382300 0.09966800 0.98885400 0.11060500 0.58558300 -0.14816200 0.79695600
0.08314900 0.03412500 -0.03596800 0.80437200 -0.01487700 -0.59393800 0.09991400 0.98883500 0.11054500 0.58566300 -0.14826200 0.79687800
0.08314700 0.03418900 -0.03584000 0.80421000 -0.01527000 -0.59414700 0.10038900 0.98879600 0.11047000 0.58580400 -0.14848700 0.79673300
0.08314400 0.03426900 -0.03573200 0.80402300 -0.01570700 -0.59438900 0.10082700 0.98877500 0.11025900 0.58598600 -0.14858100 0.79658100
0.08315500 0.03432700 -0.03567600 0.80382200 -0.01616500 -0.59464900 0.10122200 0.98876900 0.10994800 0.58619400 -0.14857000 0.79643100
0.08315500 0.03434000 -0.03567000 0.80380000 -0.01621300 -0.59467800 0.10124800 0.98877200 0.10989400 0.58622000 -0.14854300 0.79641700
0.08315400 0.03432800 -0.03568900 0.80377800 -0.01625900 -0.59470500 0.10127200 0.98877600 0.10984200 0.58624500 -0.14851500 0.79640400
0.08315100 0.03431200 -0.03573400 0.80376800 -0.01627300 -0.59471900 0.10122300 0.98879100 0.10974800 0.58626800 -0.14841100 0.79640600
0.08315400 0.03431600 -0.03578100 0.80376600 -0.01625900 -0.59472100 0.10110400 0.98881900 0.10960900 0.58629000 -0.14822900 0.79642300
0.08315400 0.03432100 -0.03579700 0.80376200 -0.01626200 -0.59472700 0.10106100 0.98883000 0.10954400 0.58630400 -0.14815100 0.79642800
0.08315400 0.03433700 -0.03581100 0.80373500 -0.01631300 -0.59476200 0.10104400 0.98884500 0.10942500 0.58634300 -0.14804600 0.79641800
0.08315400 0.03433800 -0.03581000 0.80368200 -0.01643400 -0.59483100 0.10114900 0.98884400 0.10934200 0.58639800 -0.14804300 0.79637800
0.08315400 0.03434100 -0.03580700 0.80367400 -0.01645200 -0.59484100 0.10116400 0.98884400 0.10933100 0.58640700 -0.14804300 0.79637200
0.08315400 0.03434400 -0.03580400 0.80366600 -0.01646900 -0.59485100 0.10117900 0.98884300 0.10931900 0.58641400 -0.14804200 0.79636700
0.08315400 0.03434700 -0.03580100 0.80371600 -0.01189500 -0.59489300 0.09548000 0.98942100 0.10921300 0.58730200 -0.14457700 0.79635000
0.08314900 0.03434700 -0.03579400 0.80372500 -0.01175400 -0.59488300 0.09532800 0.98943200 0.10924500 0.58731300 -0.14451200 0.79635300
0.08315000 0.03435300 -0.03578100 0.80370100 -0.01181700 -0.59491400 0.09540000 0.98942700 0.10922700 0.58733400 -0.14454000 0.79633200
0.08315200 0.03437700 -0.03575700 0.80448900 -0.01101500 -0.59386300 0.09531800 0.98926300 0.11077500 0.58626800 -0.14572300 0.79690200
0.08315500 0.03440500 -0.03571600 0.80485700 -0.00594200 -0.59343800 0.08944000 0.98974200 0.11139400 0.58668900 -0.14273300 0.79713300
0.08315700 0.03441400 -0.03570000 0.80483300 -0.00600500 -0.59347000 0.08951100 0.98973800 0.11137500 0.58671100 -0.14276100 0.79711200
0.08316300 0.03441400 -0.03567800 0.80481300 -0.00606300 -0.59349500 0.08960800 0.98972600 0.11140300 0.58672300 -0.14284100 0.79708900
0.08316900 0.03441000 -0.03567500 0.80476000 -0.00619200 -0.59356700 0.08973500 0.98972200 0.11133700 0.58677700 -0.14286300 0.79704500
0.08316900 0.03440900 -0.03567500 0.80476000 -0.00619200 -0.59356700 0.08973500 0.98972200 0.11133700 0.58677700 -0.14286300 0.79704500
0.08316900 0.03440900 -0.03567500 0.80475800 -0.00147000 -0.59360000 0.08386400 0.99024700 0.11124400 0.58764800 -0.13930600 0.79703300
0.08316900 0.03441200 -0.03567200 0.80475000 -0.00149700 -0.59361000 0.08389100 0.99024700 0.11123200 0.58765400 -0.13931300 0.79702700
0.08316900 0.03441600 -0.03566900 0.80474300 -0.00151600 -0.59362000 0.08390700 0.99024600 0.11122100 0.58766200 -0.13931300 0.79702200
0.08317000 0.03442200 -0.03566300 0.80472800 -0.00155100 -0.59364000 0.08393800 0.99024600 0.11119700 0.58767800 -0.13931200 0.79701000
0.08317000 0.03443200 -0.03566000 0.80470700 -0.00160000 -0.59366800 0.08396400 0.99025000 0.11114300 0.58770300 -0.13928500 0.79699600
0.08317000 0.03443200 -0.03566000 0.80470700 -0.00160000 -0.59366900 0.08396400 0.99025000 0.11114300 0.58770300 -0.13928500 0.79699600
0.08317000 0.03443200 -0.03566000 0.80470700 -0.00160000 -0.59366900 0.08396400 0.99025000 0.11114300 0.58770300 -0.13928500 0.79699600
0.08317000 0.03443900 -0.03566000 0.80469300 -0.00163100 -0.59368700 0.08397500 0.99025400 0.11110100 0.58772000 -0.13925800 0.79698800
0.08317000 0.03443500 -0.03565700 0.80467000 0.00310200 -0.59371200 0.07810900 0.99074100 0.11103900 0.58856000 -0.13572300 0.79697800
0.08317100 0.03444200 -0.03565700 0.80465700 0.00306700 -0.59373000 0.07812500 0.99074400 0.11099700 0.58857600 -0.13570000 0.79697000
0.08317100 0.03444200 -0.03565100 0.80465600 0.00305900 -0.59373200 0.07814900 0.99074100 0.11101500 0.58857400 -0.13572800 0.79696700
0.08317700 0.03444800 -0.03564500 0.80463300 0.00300200 -0.59376300 0.07819700 0.99074100 0.11097700 0.58859900 -0.13572700 0.79694900
0.08318300 0.03445100 -0.03564200 0.80461800 0.00296400 -0.59378400 0.07823000 0.99074100 0.11095200 0.58861600 -0.13572500 0.79693700
0.08318900 0.03445500 -0.03563800 0.80459500 0.00290700 -0.59381600 0.07827800 0.99074200 0.11091400 0.58864100 -0.13572400 0.79691800
0.08320100 0.03446300 -0.03563100 0.80456400 0.00283000 -0.59385800 0.07834400 0.99074200 0.11086300 0.58867500 -0.13572100 0.79689400
0.08320700 0.03447400 -0.03562000 0.80452600 0.00273800 -0.59391000 0.07842300 0.99074300 0.11080100 0.58871600 -0.13571800 0.79686500
0.08321400 0.03448800 -0.03560700 0.80448900 0.00264600 -0.59396100 0.07850200 0.99074400 0.11074000 0.58875600 -0.13571600 0.79683500
0.08321500 0.03449400 -0.03560100 0.80447400 0.00261000 -0.59398100 0.07853200 0.99074400 0.11071600 0.58877200 -0.13571500 0.79682300
0.08323200 0.03449900 -0.03559600 0.80443500 0.00251200 -0.59403400 0.07861600 0.99074400 0.11065100 0.58881500 -0.13571200 0.79679200
0.08325400 0.03449500 -0.03560000 0.80440900 0.00244800 -0.59406900 0.07867100 0.99074500 0.11060700 0.58884200 -0.13571000 0.79677200
0.08326500 0.03449500 -0.03560100 0.80439200 0.00240600 -0.59409200 0.07870600 0.99074500 0.11058000 0.58886000 -0.13570800 0.79675900
0.08328700 0.03449800 -0.03560500 0.80435300 0.00231100 -0.59414500 0.07877200 0.99074900 0.11049500 0.58890500 -0.13567900 0.79673100
0.08329300 0.03450100 -0.03560200 0.80428500 0.00698500 -0.59420100 0.07293500 0.99120900 0.11037400 0.58975000 -0.13211000 0.79670600
0.08328700 0.03450400 -0.03559900 0.80428600 0.00699600 -0.59419900 0.07292400 0.99121000 0.11037800 0.58974900 -0.13210800 0.79670600
0.08328700 0.03450500 -0.03560600 0.80428700 0.00699600 -0.59419800 0.07291200 0.99121300 0.11036100 0.58974900 -0.13208600 0.79671000
0.08328700 0.03450900 -0.03560900 0.80428100 0.00698300 -0.59420600 0.07290700 0.99121600 0.11033100 0.58975800 -0.13205900 0.79670800
0.08328700 0.03451200 -0.03560600 0.80549400 0.00843700 -0.59254200 0.07255500 0.99097100 0.11273900 0.58814300 -0.13380300 0.79761000
0.08328800 0.03451500 -0.03560200 0.80548500 0.00841700 -0.59255400 0.07257000 0.99097200 0.11272400 0.58815400 -0.13379900 0.79760300
0.08328200 0.03451900 -0.03559900 0.80543600 0.00829700 -0.59262300 0.07267300 0.99097400 0.11264300 0.58820900 -0.13379400 0.79756300
0.08328300 0.03452400 -0.03559400 0.80542200 0.00826100 -0.59264300 0.07270300 0.99097400 0.11261900 0.58822500 -0.13379300 0.79755200
0.08328300 0.03452800 -0.03559000 0.80541400 0.00824300 -0.59265300 0.07271900 0.99097400 0.11260700 0.58823300 -0.13379200 0.79754600
0.08328400 0.03453800 -0.03558100 0.80539300 0.00818900 -0.59268300 0.07276500 0.99097500 0.11257100 0.58825700 -0.13379100 0.79752900
0.08329000 0.03454700 -0.03557100 0.80536300 0.00811400 -0.59272400 0.07282900 0.99097600 0.11252200 0.58828900 -0.13378800 0.79750500
0.08329100 0.03455000 -0.03556900 0.80535600 0.00809700 -0.59273500 0.07284400 0.99097600 0.11251000 0.58829700 -0.13378800 0.79749900
0.08329100 0.03455300 -0.03556600 0.80534900 0.00807900 -0.59274400 0.07285900 0.99097600 0.11249800 0.58830500 -0.13378700 0.79749300
0.08329100 0.03455800 -0.03556800 0.80533500 0.00804800 -0.59276300 0.07287000 0.99098000 0.11245700 0.58832300 -0.13376000 0.79748500
0.08329100 0.03456400 -0.03556900 0.80532900 0.00803500 -0.59277200 0.07286600 0.99098400 0.11242700 0.58833200 -0.13373400 0.79748300
0.08329100 0.03456400 -0.03556900 0.80532900 0.00803500 -0.59277200 0.07286600 0.99098400 0.11242700 0.58833200 -0.13373400 0.79748300
0.08329600 0.03456800 -0.03557300 0.80531400 0.00800100 -0.59279200 0.07287900 0.99098800 0.11238300 0.58835000 -0.13370600 0.79747400
0.08329600 0.03456900 -0.03557900 0.80531500 0.00800600 -0.59279100 0.07286000 0.99099100 0.11236500 0.58835100 -0.13368000 0.79747800
0.08329600 0.03456800 -0.03558000 0.80531500 0.00800600 -0.59279100 0.07286000 0.99099100 0.11236500 0.58835100 -0.13368000 0.79747800
0.08329600 0.03457200 -0.03558300 0.80530900 0.00799300 -0.59279900 0.07285600 0.99099500 0.11233600 0.58836000 -0.13365400 0.79747500
0.08330200 0.03458000 -0.03559000 0.80528800 0.00794700 -0.59282800 0.07286500 0.99100300 0.11226200 0.58838700 -0.13360000 0.79746400
0.08331300 0.03458100 -0.03559600 0.80527300 0.00791100 -0.59284900 0.07288000 0.99100700 0.11221700 0.58840600 -0.13357200 0.79745500
0.08331800 0.03458400 -0.03560100 0.80525900 0.00787700 -0.59287000 0.07289300 0.99101100 0.11217300 0.58842400 -0.13354500 0.79744600
0.08332900 0.03458400 -0.03560100 0.80524300 0.00783600 -0.59289200 0.07292800 0.99101100 0.11214600 0.58844200 -0.13354300 0.79743300
0.08333500 0.03459100 -0.03560200 0.80522100 0.00778500 -0.59292200 0.07295700 0.99101500 0.11209100 0.58846800 -0.13351500 0.79741900
0.08333500 0.03459100 -0.03560200 0.80522100 0.00778500 -0.59292200 0.07295700 0.99101500 0.11209100 0.58846800 -0.13351500 0.79741900
0.08333000 0.03460200 -0.03560500 0.80520900 0.00776200 -0.59293800 0.07294600 0.99102300 0.11203300 0.58848600 -0.13346200 0.79741500
0.08333000 0.03461200 -0.03560300 0.80518900 0.00771300 -0.59296700 0.07297300 0.99102700 0.11197900 0.58851100 -0.13343500 0.79740100
0.08333100 0.03463100 -0.03559900 0.80514700 0.00761600 -0.59302500 0.07302500 0.99103500 0.11187200 0.58856100 -0.13337900 0.79737400
0.08333200 0.03463900 -0.03559100 0.80504900 0.01230700 -0.59307900 0.06717400 0.99146200 0.11175600 0.58939200 -0.12980800 0.79734900
0.08333300 0.03465500 -0.03557500 0.80501400 0.01221300 -0.59312900 0.06725600 0.99146300 0.11169700 0.58943100 -0.12980900 0.79732000
0.08332800 0.03466600 -0.03556500 0.80500000 0.01218000 -0.59314800 0.06728400 0.99146400 0.11167500 0.58944500 -0.12980800 0.79730900
0.08332300 0.03467200 -0.03556500 0.80499500 0.01216900 -0.59315600 0.06727800 0.99146700 0.11164700 0.58945400 -0.12978200 0.79730800
0.08331700 0.03468800 -0.03557900 0.80497800 0.01213800 -0.59317900 0.06724400 0.99148100 0.11154200 0.58948100 -0.12967600 0.79730500
