0.08501100 0.04691000 -0.02126100 -0.30188100 0.85420200 -0.42332700 -0.93068600 -0.36029400 -0.06332500 -0.20661500 0.37486800 0.90376000
0.08503000 0.04689500 -0.02125700 -0.30181900 0.85418100 -0.42341300 -0.93071800 -0.36022200 -0.06326400 -0.20656200 0.37498400 0.90372400
0.08508300 0.04688700 -0.02130400 -0.30639400 0.85237600 -0.42376500 -0.92864500 -0.36546300 -0.06366800 -0.20914000 0.37402100 0.90353000
0.08515800 0.04691900 -0.02138400 -0.30577700 0.85243900 -0.42408400 -0.92872600 -0.36514200 -0.06432300 -0.20968300 0.37419000 0.90333500
0.08520000 0.04697100 -0.02145300 -0.30546900 0.85244300 -0.42429600 -0.92871700 -0.36507500 -0.06484100 -0.21017300 0.37424500 0.90319800
0.08532600 0.04718600 -0.02177700 -0.31915000 0.84598000 -0.42715400 -0.92202600 -0.38138300 -0.06643500 -0.21911300 0.37264500 0.90173400
0.08558800 0.04769900 -0.02274600 -0.34213300 0.82792100 -0.44439800 -0.90901600 -0.41140100 -0.06661400 -0.23797700 0.38117500 0.89334800
0.08604300 0.04865100 -0.02467100 -0.37807900 0.79317700 -0.47741400 -0.88666800 -0.45854200 -0.05964400 -0.26622300 0.40075800 0.87665100
0.08634600 0.04931500 -0.02598100 -0.39152000 0.77403700 -0.49757200 -0.87729300 -0.47713500 -0.05193700 -0.27761000 0.41618300 0.86586500
0.08703500 0.05087200 -0.02907800 -0.41421100 0.72852700 -0.54559700 -0.85889200 -0.51124100 -0.03059100 -0.30121800 0.45593900 0.83748800
0.08773300 0.05243200 -0.03250500 -0.41844200 0.67753100 -0.60486000 -0.84991600 -0.52691300 -0.00224800 -0.32023200 0.51314000 0.79632700
0.08812700 0.05312600 -0.03430300 -0.41698200 0.64789100 -0.63746500 -0.84651300 -0.53221300 0.01280800 -0.33097000 0.54496400 0.77037100
0.08881200 0.05418400 -0.03756000 -0.41224100 0.58827700 -0.69569100 -0.84082700 -0.53968000 0.04188900 -0.35080900 0.60222500 0.71711800
0.08934600 0.05488500 -0.04054100 -0.37373100 0.55374600 -0.74410200 -0.86865700 -0.49022900 0.07147000 -0.32520500 0.67308100 0.66423000
0.08974100 0.05496400 -0.04310200 -0.32585600 0.52541800 -0.78597200 -0.90145700 -0.42323700 0.09080400 -0.28494300 0.73811000 0.61155600
0.08988900 0.05475800 -0.04413700 -0.30358500 0.51375300 -0.80242800 -0.91573000 -0.38996400 0.09677700 -0.26319900 0.76418800 0.58884700
0.09003200 0.05400500 -0.04595400 -0.25187600 0.50167000 -0.82757700 -0.94682200 -0.30465900 0.10348600 -0.20021300 0.80963400 0.55172900
0.08983900 0.05297300 -0.04731000 -0.19351400 0.50132000 -0.84334400 -0.97466300 -0.19651600 0.10682900 -0.11217500 0.84265000 0.52664700
0.08961600 0.05238600 -0.04781900 -0.16845700 0.50023000 -0.84934700 -0.98311000 -0.14778100 0.10795000 -0.07151700 0.85318700 0.51667700
0.08903000 0.05110700 -0.04855400 -0.14100500 0.49273900 -0.85867600 -0.98959100 -0.09532600 0.10780200 -0.02873600 0.86494000 0.50105100
0.08826000 0.04976000 -0.04901000 -0.11060100 0.49386100 -0.86247700 -0.99377400 -0.04324800 0.10267400 0.01340600 0.86846400 0.49557000
0.08784200 0.04914200 -0.04913400 -0.08583300 0.49399300 -0.86521700 -0.99538700 -0.00517600 0.09579100 0.04284200 0.86944900 0.49215900
0.08686700 0.04786800 -0.04916800 -0.03722800 0.47976900 -0.87660400 -0.99522400 0.06141300 0.07587700 0.09023800 0.87524200 0.47519100
0.08585200 0.04653500 -0.04890500 0.00756500 0.44658700 -0.89470700 -0.99444200 0.09731300 0.04016500 0.10500300 0.88943200 0.44484100
0.08483000 0.04502800 -0.04839100 0.06280100 0.40636100 -0.91155100 -0.99125500 0.13160500 -0.00962400 0.11605400 0.90418500 0.41107200
0.08432600 0.04425200 -0.04808700 0.08285100 0.39394800 -0.91538900 -0.98927000 0.14342000 -0.02781500 0.12032700 0.90787300 0.40160400
0.08331000 0.04271100 -0.04738500 0.11459800 0.37362100 -0.92047400 -0.98511100 0.16226900 -0.05678100 0.12815000 0.91327700 0.38665400
0.08237500 0.04130700 -0.04666100 0.13720400 0.36260400 -0.92178700 -0.98133500 0.17634800 -0.07669700 0.13474500 0.91510600 0.38003200
0.08195900 0.04064800 -0.04630800 0.14399100 0.35881900 -0.92223300 -0.97989700 0.18174100 -0.08228300 0.13808300 0.91554200 0.37777500
0.08123400 0.03950300 -0.04563900 0.15086500 0.35537800 -0.92246600 -0.97800400 0.18962000 -0.08689700 0.14403700 0.91528600 0.37616900
0.08070300 0.03874800 -0.04507900 0.15019000 0.35721300 -0.92186800 -0.97749600 0.19336300 -0.08432700 0.14813300 0.91378800 0.37821500
0.08032500 0.03833800 -0.04464300 0.14702300 0.36044300 -0.92112100 -0.97757600 0.19488200 -0.07977500 0.15075600 0.91219500 0.38101300
0.08017800 0.03824500 -0.04449600 0.14588300 0.36154500 -0.92087000 -0.97762800 0.19525400 -0.07821500 0.15152500 0.91167900 0.38194100
0.07994700 0.03822700 -0.04437200 0.14437100 0.36282000 -0.92060700 -0.97778000 0.19521000 -0.07640300 0.15199100 0.91118300 0.38294100
0.07985300 0.03831100 -0.04440700 0.14298900 0.36369900 -0.92047500 -0.97804900 0.19434900 -0.07514100 0.15156500 0.91101600 0.38350600
0.07986200 0.03835700 -0.04444800 0.14276100 0.36376900 -0.92048300 -0.97812900 0.19398900 -0.07503900 0.15126700 0.91106500 0.38350700
0.07992000 0.03844200 -0.04455300 0.14212100 0.36402000 -0.92048300 -0.97832600 0.19313200 -0.07467500 0.15059200 0.91114600 0.38357900
0.07992600 0.03849300 -0.04459200 0.14105200 0.36470100 -0.92037800 -0.97853200 0.19245900 -0.07370200 0.15025600 0.91101700 0.38401900
0.07992500 0.03850200 -0.04458000 0.14061000 0.36502800 -0.92031600 -0.97859600 0.19231500 -0.07323600 0.15025700 0.91091600 0.38425700
0.07989200 0.03851100 -0.04455700 0.13999400 0.36549800 -0.92022300 -0.97867800 0.19215300 -0.07256700 0.15030100 0.91076200 0.38460500
0.07978200 0.03853000 -0.04450000 0.13892100 0.36633400 -0.92005300 -0.97880800 0.19193400 -0.07137100 0.15044400 0.91047200 0.38523400
0.07967200 0.03856900 -0.04447600 0.13609900 0.36856900 -0.91958200 -0.97908300 0.19173700 -0.06805600 0.15123500 0.90961100 0.38695500
0.07962700 0.03858300 -0.04447200 0.13591100 0.36869500 -0.91956000 -0.97911400 0.19164300 -0.06787500 0.15120200 0.90958000 0.38704100
0.07954200 0.03860500 -0.04445200 0.13519600 0.36921600 -0.91945600 -0.97921400 0.19139600 -0.06712600 0.15119700 0.90942000 0.38741800
0.07946800 0.03861600 -0.04443900 0.13448800 0.36973200 -0.91935200 -0.97931200 0.19115300 -0.06638500 0.15119300 0.90926200 0.38779100
0.07941800 0.03863100 -0.04443500 0.13391700 0.37013400 -0.91927400 -0.97939800 0.19091500 -0.06580600 0.15114600 0.90914800 0.38807500
0.07940900 0.03863400 -0.04443400 0.13387700 0.37016300 -0.91926800 -0.97940300 0.19090000 -0.06576500 0.15114500 0.90914000 0.38809600
0.07940900 0.03863300 -0.04442900 0.13352500 0.37042500 -0.91921400 -0.97945000 0.19078900 -0.06539000 0.15115400 0.90905600 0.38828800
0.07941100 0.03863700 -0.04442600 0.13306200 0.37076000 -0.91914600 -0.97951600 0.19061400 -0.06491300 0.15113500 0.90895700 0.38852800
0.07941000 0.03863700 -0.04443200 0.13293400 0.37084400 -0.91913100 -0.97953700 0.19054300 -0.06479200 0.15110600 0.90893700 0.38858500
0.07940800 0.03864900 -0.04443100 0.13247800 0.37116500 -0.91906700 -0.97960600 0.19034700 -0.06433300 0.15106400 0.90884700 0.38881200
0.07939000 0.03866200 -0.04440500 0.13209300 0.37146500 -0.91900100 -0.97964900 0.19026900 -0.06390300 0.15112000 0.90874100 0.38903900
0.07936500 0.03869900 -0.04436700 0.13183900 0.37167100 -0.91895400 -0.97967400 0.19024100 -0.06360700 0.15118200 0.90866200 0.38919800
0.07934800 0.03871700 -0.04435100 0.13167900 0.37179400 -0.91892800 -0.97969300 0.19020300 -0.06343000 0.15120000 0.90862000 0.38929000
0.07930600 0.03873900 -0.04433700 0.13212900 0.37312500 -0.91832300 -0.97969900 0.19006800 -0.06373300 0.15076300 0.90810200 0.39066500
0.07926100 0.03875200 -0.04432900 0.13062600 0.37611800 -0.91731700 -0.97984200 0.19002800 -0.06161500 0.15114100 0.90687500 0.39335900
0.07924400 0.03876000 -0.04432400 0.13070400 0.37601900 -0.91734700 -0.97983300 0.19004700 -0.06170700 0.15113600 0.90691300 0.39327500
0.07920500 0.03877500 -0.04431500 0.13044100 0.37619900 -0.91731000 -0.97987000 0.18994500 -0.06143900 0.15112600 0.90685900 0.39340300
0.07917200 0.03879600 -0.04430200 0.13021400 0.37636100 -0.91727600 -0.97990100 0.18985900 -0.06120400 0.15111800 0.90681000 0.39351900
0.07913100 0.03882000 -0.04428700 0.12782800 0.37828200 -0.91682100 -0.98008600 0.18980600 -0.05833400 0.15195200 0.90602200 0.39501200
0.07911600 0.03883300 -0.04428000 0.12743900 0.38126400 -0.91563900 -0.98110200 0.18396600 -0.05994900 0.14559000 0.90597600 0.39750400
0.07908100 0.03886100 -0.04426300 0.12718900 0.38113000 -0.91573000 -0.98112400 0.18392300 -0.05972200 0.14566200 0.90604100 0.39732900
0.07905000 0.03888800 -0.04424700 0.12687300 0.38134600 -0.91568400 -0.98116500 0.18380700 -0.05939700 0.14565800 0.90597400 0.39748400
0.07904300 0.03889400 -0.04424300 0.12685000 0.38136200 -0.91568000 -0.98116800 0.18380000 -0.05937400 0.14565900 0.90596800 0.39749600
0.07902300 0.03889500 -0.04424200 0.12651200 0.38160100 -0.91562700 -0.98121300 0.18367100 -0.05902600 0.14565000 0.90589400 0.39766900
0.07902700 0.03889400 -0.04424900 0.12433200 0.38221400 -0.91567100 -0.98228300 0.17781900 -0.05915300 0.14021400 0.90680300 0.39755100
0.07903200 0.03889300 -0.04424900 0.12435500 0.38220000 -0.91567300 -0.98228000 0.17783200 -0.05917400 0.14021900 0.90680600 0.39754200
0.07906300 0.03889400 -0.04427200 0.12450100 0.38206700 -0.91570900 -0.98227300 0.17780200 -0.05936600 0.14013300 0.90686800 0.39743100
0.07914100 0.03892200 -0.04434700 0.12480800 0.38172800 -0.91580800 -0.98228700 0.17756100 -0.05985700 0.13976300 0.90705800 0.39712800
0.07919800 0.03898300 -0.04446000 0.12284800 0.38198200 -0.91596700 -0.98337300 0.17122100 -0.06048500 0.13372900 0.90816900 0.39666500
0.07919100 0.03902200 -0.04453400 0.12273100 0.38192800 -0.91600600 -0.98344400 0.17079400 -0.06055500 0.13332100 0.90827300 0.39656600
0.07914800 0.03912200 -0.04474700 0.11820700 0.38283400 -0.91622200 -0.98555100 0.15795000 -0.06115400 0.12130500 0.91021300 0.39597400
0.07908100 0.03919700 -0.04507600 0.11795300 0.38141500 -0.91684700 -0.98650400 0.15059200 -0.06426800 0.11355700 0.91205400 0.39403000
0.07903700 0.03920900 -0.04528900 0.11598600 0.37880000 -0.91818100 -0.98675600 0.14948600 -0.06297700 0.11339900 0.91332500 0.39112200
0.07892700 0.03916400 -0.04581400 0.11105800 0.37995500 -0.91831300 -0.98874100 0.13548100 -0.06352000 0.10027900 0.91502900 0.39072400
0.07875300 0.03904100 -0.04647600 0.10572000 0.37976600 -0.91902100 -0.99113600 0.11500100 -0.06649400 0.08043600 0.91790600 0.38855800
0.07852600 0.03888500 -0.04729800 0.09042300 0.38027200 -0.92044300 -0.99551700 0.06024300 -0.07291000 0.02772400 0.92291000 0.38401400
0.07841100 0.03880900 -0.04774400 0.07869600 0.38097000 -0.92123100 -0.99685600 0.02157700 -0.07623400 -0.00916600 0.92433500 0.38147000
0.07813200 0.03860300 -0.04876500 0.06398600 0.38238400 -0.92178500 -0.99686500 -0.01857800 -0.07690400 -0.04653200 0.92381600 0.37999600
0.07777300 0.03835500 -0.04990700 0.05916400 0.38258300 -0.92202400 -0.99666400 -0.02937000 -0.07614000 -0.05621000 0.92345400 0.37956900
0.07758100 0.03821800 -0.05046400 0.05470000 0.38572700 -0.92098900 -0.99604700 -0.04356700 -0.07740400 -0.06998100 0.92158300 0.38181900
0.07714300 0.03780100 -0.05165300 0.05151300 0.39182500 -0.91859500 -0.99491100 -0.05961000 -0.08122000 -0.08658200 0.91810600 0.38676100
0.07672700 0.03714900 -0.05285200 0.05558700 0.39707500 -0.91610000 -0.99292300 -0.07445300 -0.09252000 -0.10494400 0.91476100 0.39012600
0.07634800 0.03630400 -0.05403100 0.05561600 0.40394900 -0.91308800 -0.98873100 -0.10501400 -0.10668200 -0.13898100 0.90873300 0.39355700
0.07614800 0.03582200 -0.05461100 0.05742500 0.41030100 -0.91014000 -0.98734300 -0.11165200 -0.11263100 -0.14783200 0.90508900 0.39869600
0.07573500 0.03488400 -0.05559700 0.06142600 0.42476500 -0.90321600 -0.98451500 -0.12306800 -0.12483200 -0.16418200 0.89689900 0.41062900
0.07525400 0.03400500 -0.05633900 0.05985900 0.44126900 -0.89537600 -0.98212400 -0.13433200 -0.13186100 -0.17846400 0.88726300 0.42533900
0.07472900 0.03326700 -0.05679700 0.03711600 0.45880800 -0.88775900 -0.97931600 -0.16011900 -0.12369600 -0.19890000 0.87398900 0.44337400
0.07447200 0.03294600 -0.05697900 0.02467500 0.46745300 -0.88367300 -0.97799000 -0.17190700 -0.11824500 -0.20718400 0.86714100 0.45292300
0.07404900 0.03248100 -0.05732100 -0.00510700 0.48076700 -0.87683200 -0.97194200 -0.20858800 -0.10870800 -0.23516000 0.85167600 0.46834400
0.07368000 0.03213200 -0.05769200 -0.02135100 0.49005200 -0.87143100 -0.96811400 -0.22773800 -0.10435000 -0.24959500 0.84141700 0.47928900
0.07349800 0.03198500 -0.05788100 -0.02230000 0.49561700 -0.86825400 -0.96847600 -0.22623400 -0.10426500 -0.24810400 0.83855800 0.48503900
0.07308100 0.03176000 -0.05824100 -0.03114400 0.49539800 -0.86810600 -0.96579900 -0.23859200 -0.10150800 -0.25741000 0.83525600 0.48588600
0.07252900 0.03165400 -0.05849300 -0.04440900 0.49502300 -0.86774300 -0.96106400 -0.25830000 -0.09816800 -0.27273400 0.82959800 0.48722000
0.07189500 0.03160200 -0.05856900 -0.05504900 0.49494900 -0.86717500 -0.95770400 -0.27183900 -0.09436000 -0.28243600 0.82530400 0.48898000
0.07156200 0.03153300 -0.05855000 -0.06002500 0.49487800 -0.86688600 -0.95607200 -0.27812800 -0.09257400 -0.28691900 0.82324900 0.48983400
0.07096500 0.03120600 -0.05850100 -0.04878100 0.48992700 -0.87039600 -0.95070800 -0.28994800 -0.10992300 -0.30622400 0.82213100 0.47992200
0.07052300 0.03064300 -0.05849400 -0.01549800 0.47892700 -0.87771700 -0.93624300 -0.31511200 -0.15541100 -0.35101000 0.81934800 0.45327600
0.07033100 0.03029200 -0.05852900 -0.00860000 0.47556400 -0.87963800 -0.92693400 -0.33379000 -0.17139600 -0.37512400 0.81389300 0.44368700
0.06990900 0.02952300 -0.05864500 0.00918500 0.47083400 -0.88217300 -0.90935200 -0.36301600 -0.20321700 -0.41592500 0.80407300 0.42482000
0.06935400 0.02869100 -0.05880200 0.00931200 0.46946300 -0.88290300 -0.89075900 -0.39731200 -0.22065700 -0.45437800 0.78850900 0.41447800
0.06904700 0.02831300 -0.05888500 0.00249800 0.46901900 -0.88318300 -0.87808600 -0.42157300 -0.22636200 -0.47849500 0.77607700 0.41078700
0.06840200 0.02769600 -0.05901900 -0.01170500 0.46800500 -0.88364700 -0.85592700 -0.46156500 -0.23312100 -0.51696300 0.75361000 0.40598100
0.06771800 0.02728200 -0.05913300 -0.01073700 0.46750100 -0.88392600 -0.84794800 -0.47276500 -0.23974200 -0.52996900 0.74695000 0.40149200
0.06702600 0.02704500 -0.05929600 -0.00407300 0.46711300 -0.88418700 -0.84177900 -0.47889800 -0.24912300 -0.53980500 0.74327700 0.39515700
0.06668600 0.02695600 -0.05938500 -0.00276500 0.46689200 -0.88430900 -0.83749300 -0.48430700 -0.25308200 -0.54643900 0.73990400 0.39235800
0.06604200 0.02673300 -0.05955800 -0.00003600 0.46666100 -0.88443500 -0.83253900 -0.48996100 -0.25848800 -0.55396600 0.73631800 0.38853100
0.06541800 0.02652500 -0.05961600 -0.00461700 0.46637100 -0.88457600 -0.83293100 -0.49129000 -0.25467400 -0.55335600 0.73561600 0.39072300
0.06511800 0.02645200 -0.05958000 -0.00742500 0.46622200 -0.88463500 -0.83319800 -0.49204700 -0.25232700 -0.55292300 0.73520400 0.39210900
0.06458100 0.02634000 -0.05937100 -0.01208700 0.46611900 -0.88463900 -0.83392800 -0.49286100 -0.24829600 -0.55173900 0.73472500 0.39466700
0.06417200 0.02622000 -0.05901700 -0.01556200 0.46628900 -0.88449400 -0.83493900 -0.49275700 -0.24508200 -0.55012000 0.73468600 0.39699100
0.06390800 0.02602900 -0.05863500 -0.01783600 0.46667300 -0.88424900 -0.83610300 -0.49193400 -0.24275900 -0.54828200 0.73499400 0.39896000
0.06381900 0.02591400 -0.05845000 -0.01891800 0.46688300 -0.88411600 -0.83669300 -0.49148100 -0.24163800 -0.54734400 0.73516300 0.39993600
0.06368600 0.02568600 -0.05807800 -0.02111800 0.46730500 -0.88384300 -0.83786700 -0.49059200 -0.23936700 -0.54546400 0.73548800 0.40190000
0.06358400 0.02556200 -0.05776300 -0.02332500 0.46756600 -0.88364900 -0.83873100 -0.49015900 -0.23721900 -0.54404400 0.73561200 0.40359500
0.06352500 0.02555000 -0.05760500 -0.02471700 0.46762400 -0.88358100 -0.83907600 -0.49018100 -0.23595000 -0.54345100 0.73556100 0.40448800
0.06340500 0.02555300 -0.05731400 -0.02644800 0.46778200 -0.88344700 -0.83967700 -0.48994800 -0.23428900 -0.54244000 0.73561400 0.40574500
0.06325400 0.02551500 -0.05709700 -0.03032200 0.46766400 -0.88338500 -0.83725800 -0.49462600 -0.23311600 -0.54596600 0.73255300 0.40655300
0.06317300 0.02548100 -0.05699800 -0.03108500 0.46773100 -0.88332300 -0.83752500 -0.49451900 -0.23238100 -0.54551200 0.73258200 0.40710900
0.06299200 0.02535300 -0.05680900 -0.03278400 0.46789000 -0.88317700 -0.83813600 -0.49425400 -0.23073500 -0.54447300 0.73265900 0.40836000
0.06281800 0.02522600 -0.05664600 -0.03983700 0.46736100 -0.88316800 -0.83272400 -0.50403500 -0.22916800 -0.55225200 0.72630600 0.40926200
0.06265100 0.02520100 -0.05651000 -0.04465000 0.46693200 -0.88316400 -0.83000700 -0.50932600 -0.22732000 -0.55596200 0.72288300 0.41029800
0.06256000 0.02521300 -0.05644700 -0.04543900 0.46689800 -0.88314200 -0.83011800 -0.50945400 -0.22662700 -0.55573200 0.72281500 0.41073000
0.06240600 0.02524200 -0.05632700 -0.04912200 0.46649400 -0.88315800 -0.82753400 -0.51412000 -0.22553600 -0.55926100 0.71976600 0.41129400
0.06230200 0.02521700 -0.05618900 -0.05846300 0.46520800 -0.88326800 -0.81823700 -0.52920400 -0.22456700 -0.57190000 0.70959400 0.41158900
0.06227000 0.02516400 -0.05612200 -0.06155100 0.46481100 -0.88326700 -0.81530200 -0.53389300 -0.22414100 -0.57575400 0.70633400 0.41182300
0.06221600 0.02494800 -0.05595100 -0.06537400 0.46455000 -0.88312900 -0.81284900 -0.53813600 -0.22290300 -0.57879400 0.70327900 0.41278900
0.06219800 0.02470100 -0.05574500 -0.07171900 0.46412900 -0.88285800 -0.81114300 -0.54223000 -0.21916400 -0.58043300 0.70040700 0.41536300
0.06219600 0.02450300 -0.05555600 -0.08563300 0.46220800 -0.88262600 -0.80332100 -0.55605400 -0.21325100 -0.58935500 0.69077200 0.41891800
0.06219100 0.02441700 -0.05547500 -0.09378600 0.46077600 -0.88254600 -0.79757600 -0.56533300 -0.21040300 -0.59588200 0.68416500 0.42052500
0.06219800 0.02430200 -0.05534400 -0.09658700 0.46070800 -0.88227900 -0.79868700 -0.56483400 -0.20750900 -0.59394300 0.68462300 0.42251700
0.06222600 0.02430200 -0.05527700 -0.10186200 0.45939000 -0.88237300 -0.79205900 -0.57410800 -0.20746200 -0.60188400 0.67776000 0.42234400
0.06224000 0.02432500 -0.05526500 -0.10720700 0.45791100 -0.88250900 -0.78522700 -0.58345800 -0.20735100 -0.60985600 0.67074100 0.42211500
0.06230400 0.02438100 -0.05524800 -0.11198000 0.45648000 -0.88265800 -0.77840300 -0.59243200 -0.20763200 -0.61769500 0.66381400 0.42166600
0.06242100 0.02445300 -0.05527000 -0.11709000 0.45482800 -0.88284700 -0.77079900 -0.60216700 -0.20799700 -0.62622500 0.65614400 0.42108900
0.06254300 0.02455100 -0.05527700 -0.13003900 0.45053200 -0.88323800 -0.75229900 -0.62509300 -0.20809400 -0.64586000 0.63739900 0.42022100
0.06260300 0.02461700 -0.05526600 -0.13942200 0.44716900 -0.88351600 -0.73824300 -0.64159000 -0.20822700 -0.65996800 0.62321900 0.41957100
0.06280700 0.02477600 -0.05525300 -0.17248200 0.43348200 -0.88450100 -0.68497800 -0.69807800 -0.20854500 -0.70785200 0.56989400 0.41733100
0.06304000 0.02487500 -0.05525300 -0.20514500 0.41690900 -0.88549400 -0.62562000 -0.75162600 -0.20894200 -0.75267100 0.51112000 0.41501900
0.06317200 0.02484900 -0.05528000 -0.21805400 0.41206600 -0.88467600 -0.60684900 -0.76718100 -0.20776400 -0.76432000 0.49156200 0.41734900
0.06349700 0.02472800 -0.05541200 -0.23926800 0.40511200 -0.88240200 -0.57535000 -0.79121600 -0.20723900 -0.78212700 0.45810400 0.42239400
0.06385900 0.02459400 -0.05559200 -0.26455500 0.41257500 -0.87166000 -0.55498700 -0.80432200 -0.21226000 -0.78866900 0.42760600 0.44176100
0.06408700 0.02454000 -0.05568900 -0.27617400 0.42206800 -0.86347200 -0.55038400 -0.80596900 -0.21792500 -0.78791100 0.41505600 0.45488700
0.06461900 0.02447100 -0.05586200 -0.29604600 0.44632000 -0.84448400 -0.54555300 -0.80472800 -0.23405700 -0.78404600 0.39141900 0.48172800
0.06518400 0.02449800 -0.05600100 -0.32011100 0.46509200 -0.82535900 -0.53989200 -0.80544800 -0.24447800 -0.77848900 0.36734500 0.50893200
0.06577100 0.02461300 -0.05613600 -0.34022400 0.47377800 -0.81226900 -0.53034100 -0.80998800 -0.25031100 -0.77652100 0.34561800 0.52684100
0.06603700 0.02468900 -0.05618700 -0.34489000 0.47548200 -0.80930000 -0.52949900 -0.81047400 -0.25052200 -0.77503600 0.34212100 0.53129200
0.06643200 0.02494800 -0.05625600 -0.35593700 0.47159800 -0.80678500 -0.52542200 -0.81493700 -0.24455800 -0.77281200 0.33685500 0.53785500
0.06667400 0.02519100 -0.05631800 -0.36149600 0.46660500 -0.80721600 -0.51640200 -0.82104500 -0.24333700 -0.77630400 0.32888300 0.53776100
0.06675000 0.02523300 -0.05636000 -0.36179800 0.46629200 -0.80726200 -0.51604300 -0.82132900 -0.24313700 -0.77640200 0.32861600 0.53778300
0.06679400 0.02520500 -0.05644500 -0.36661800 0.46244000 -0.80730300 -0.51015600 -0.82556100 -0.24122200 -0.77802900 0.32341500 0.53858300
0.06673700 0.02505900 -0.05651200 -0.37228900 0.46677800 -0.80219600 -0.51040900 -0.82485700 -0.24309000 -0.77516600 0.31894800 0.54533300
0.06663900 0.02477300 -0.05657500 -0.37859800 0.47213000 -0.79608700 -0.50602700 -0.82576900 -0.24908000 -0.77498300 0.30854100 0.55154600
0.06658400 0.02461100 -0.05660900 -0.38233700 0.47438800 -0.79295200 -0.50110400 -0.82745200 -0.25341100 -0.77634500 0.30046300 0.55408300
0.06650800 0.02431500 -0.05668600 -0.38773400 0.48176500 -0.78585200 -0.50265300 -0.82513900 -0.25784300 -0.77265800 0.29503700 0.56209600
0.06644300 0.02415500 -0.05677900 -0.39325900 0.48187700 -0.78303200 -0.49802800 -0.82753400 -0.25914100 -0.77286100 0.28806200 0.56542400
0.06645500 0.02409300 -0.05684100 -0.39479600 0.48131600 -0.78260400 -0.49242600 -0.82997200 -0.26203600 -0.77566200 0.28192400 0.56468200
0.06656600 0.02396800 -0.05699500 -0.39252900 0.48143700 -0.78367000 -0.47966600 -0.83416300 -0.27219900 -0.78475500 0.26905400 0.55836200
0.06669500 0.02384600 -0.05705500 -0.39167900 0.48415700 -0.78241800 -0.46754100 -0.83712200 -0.28395500 -0.79245900 0.25459400 0.55424600
0.06687400 0.02374800 -0.05708000 -0.38447400 0.49476800 -0.77934700 -0.45970600 -0.83473000 -0.30314200 -0.80053000 0.24172000 0.54838000
0.06696700 0.02370200 -0.05708000 -0.38593500 0.49639400 -0.77759000 -0.45482700 -0.83571300 -0.30775700 -0.80261100 0.23489500 0.54830400
0.06711200 0.02359000 -0.05709100 -0.38729900 0.50053700 -0.77424800 -0.44940300 -0.83576000 -0.31550000 -0.80500600 0.22575700 0.54863200
0.06714900 0.02345500 -0.05708700 -0.38562100 0.50152200 -0.77444800 -0.44251700 -0.83706000 -0.32172600 -0.80961300 0.21864300 0.54472100
0.06714300 0.02336800 -0.05707900 -0.38351200 0.50310700 -0.77446800 -0.44164400 -0.83639700 -0.32463800 -0.81109100 0.21753700 0.54296200
0.06706700 0.02310000 -0.05704400 -0.37686000 0.51122300 -0.77241600 -0.43848300 -0.83300600 -0.33739000 -0.81590900 0.21154200 0.53809000
0.06696700 0.02276300 -0.05700700 -0.37143800 0.51533100 -0.77231200 -0.43709100 -0.83093600 -0.34423300 -0.81913600 0.20971000 0.53388700
0.06683400 0.02242400 -0.05696700 -0.36841300 0.51785200 -0.77207500 -0.43631500 -0.82965700 -0.34827700 -0.82091400 0.20855800 0.53160300
0.06678900 0.02227900 -0.05696900 -0.36705900 0.51893400 -0.77199300 -0.43572400 -0.82916200 -0.35019000 -0.82183400 0.20783600 0.53046400
0.06671300 0.02208600 -0.05698500 -0.36613800 0.52253500 -0.76999900 -0.43433200 -0.82775800 -0.35520500 -0.82298100 0.20438200 0.53002700
0.06670000 0.02199400 -0.05704800 -0.36828400 0.52392900 -0.76802600 -0.43450500 -0.82731700 -0.35602200 -0.82193100 0.20259400 0.53233700
0.06671200 0.02196800 -0.05706900 -0.36847000 0.52358300 -0.76817300 -0.43432800 -0.82754200 -0.35571400 -0.82194100 0.20256900 0.53233100
0.06671300 0.02197300 -0.05707100 -0.37066300 0.52483000 -0.76626400 -0.43433300 -0.82721100 -0.35647600 -0.82095200 0.20068200 0.53456800
0.06670600 0.02199100 -0.05704300 -0.37099000 0.52431500 -0.76645800 -0.43415300 -0.82753200 -0.35595000 -0.82089900 0.20070700 0.53463900
0.06666000 0.02201900 -0.05702900 -0.37189700 0.52352800 -0.76655700 -0.43376400 -0.82809500 -0.35511400 -0.82069500 0.20043900 0.53505400
0.06664600 0.02202600 -0.05702400 -0.37204800 0.52339900 -0.76657200 -0.43370500 -0.82818600 -0.35497300 -0.82065700 0.20039900 0.53512600
0.06660200 0.02202900 -0.05702500 -0.37049900 0.52449400 -0.76657300 -0.43271400 -0.82774300 -0.35720900 -0.82188000 0.19936200 0.53363400
0.06654600 0.02204300 -0.05701600 -0.37060000 0.52742500 -0.76451000 -0.43203800 -0.82654300 -0.36078800 -0.82219000 0.19659000 0.53418500
0.06652000 0.02204600 -0.05700800 -0.36771100 0.52937400 -0.76455900 -0.43650700 -0.82421200 -0.36074200 -0.82112700 0.20108600 0.53414700
0.06646600 0.02204700 -0.05700400 -0.36949200 0.53105400 -0.76253300 -0.43709100 -0.82348100 -0.36170400 -0.82001600 0.19965000 0.53638800
0.06643700 0.02203700 -0.05699300 -0.36912400 0.53398500 -0.76066200 -0.43648000 -0.82218700 -0.36536600 -0.82050700 0.19714800 0.53656300
0.06644400 0.02201200 -0.05698000 -0.36728000 0.53518200 -0.76071300 -0.43565600 -0.82159500 -0.36767500 -0.82177100 0.19637000 0.53491000
0.06645200 0.02199400 -0.05696800 -0.36547300 0.53651400 -0.76064500 -0.43484600 -0.82093200 -0.37010400 -0.82300500 0.19550100 0.53333000
0.06643900 0.02196500 -0.05693300 -0.36577100 0.53633400 -0.76062800 -0.43495700 -0.82102800 -0.36976100 -0.82281400 0.19559300 0.53359100
0.06641800 0.02190700 -0.05689600 -0.36772300 0.53781700 -0.75863700 -0.43534900 -0.82043800 -0.37060900 -0.82173600 0.19399100 0.53583300
0.06641100 0.02186700 -0.05687600 -0.36472200 0.53995900 -0.75856500 -0.44034100 -0.81784700 -0.37043900 -0.82041200 0.19892100 0.53605300
0.06636700 0.02179400 -0.05679200 -0.36503800 0.54283000 -0.75636000 -0.44006100 -0.81654100 -0.37363800 -0.82042200 0.19645300 0.53694700
0.06630500 0.02170900 -0.05669300 -0.36361200 0.54372300 -0.75640600 -0.43944900 -0.81607700 -0.37536900 -0.82138300 0.19591300 0.53567400
0.06623900 0.02162700 -0.05661800 -0.36082600 0.54880400 -0.75406700 -0.44401300 -0.81211100 -0.37858500 -0.82015600 0.19821300 0.53670700
0.06621400 0.02159800 -0.05659000 -0.36099400 0.54850300 -0.75420600 -0.44403900 -0.81227600 -0.37820000 -0.82006800 0.19836900 0.53678300
0.06615600 0.02158200 -0.05654700 -0.35821000 0.55036000 -0.75418000 -0.44890100 -0.80981200 -0.37774400 -0.81864000 0.20324100 0.53714100
0.06611500 0.02158900 -0.05653700 -0.35849500 0.55013200 -0.75421100 -0.44881300 -0.80998300 -0.37748100 -0.81856400 0.20317600 0.53728100
0.06608900 0.02159600 -0.05653200 -0.35858900 0.55005400 -0.75422300 -0.44877600 -0.81004400 -0.37739600 -0.81854200 0.20314800 0.53732400
0.06606300 0.02160000 -0.05653000 -0.35559100 0.55209500 -0.75415200 -0.45352600 -0.80745200 -0.37727200 -0.81723200 0.20787300 0.53751200
0.06607400 0.02161300 -0.05651800 -0.35574000 0.55197500 -0.75416900 -0.45346500 -0.80754600 -0.37714400 -0.81720100 0.20782400 0.53757800
0.06607900 0.02161000 -0.05652100 -0.35585400 0.55188300 -0.75418200 -0.45342000 -0.80761800 -0.37704300 -0.81717600 0.20778900 0.53763000
0.06609600 0.02160100 -0.05653400 -0.35269100 0.55402800 -0.75409600 -0.45819000 -0.80491100 -0.37706600 -0.81588600 0.21253100 0.53773500
0.06611600 0.02160600 -0.05652300 -0.34981700 0.55593400 -0.75403100 -0.46287800 -0.80234400 -0.37681100 -0.81447500 0.21721000 0.53800400
0.06615100 0.02162500 -0.05651100 -0.33896700 0.56017100 -0.75584900 -0.47674200 -0.79489500 -0.37531000 -0.81105900 0.23312700 0.53650100
0.06620900 0.02163000 -0.05650400 -0.33146000 0.56339900 -0.75677900 -0.48614800 -0.78943000 -0.37477900 -0.80857500 0.24368200 0.53556000
0.06645100 0.02164500 -0.05651300 -0.31173700 0.56623600 -0.76301700 -0.50467900 -0.77906800 -0.37195600 -0.80505800 0.26912600 0.52863200
0.06671400 0.02173500 -0.05647900 -0.30809800 0.56087000 -0.76844000 -0.50552700 -0.78077800 -0.36718900 -0.80592600 0.27533700 0.52409100
0.06689800 0.02182600 -0.05645400 -0.30433400 0.55841900 -0.77171700 -0.51169100 -0.77917200 -0.36202400 -0.80346300 0.28470400 0.52286700
0.06747100 0.02210800 -0.05646000 -0.29474800 0.55300400 -0.77930000 -0.53018100 -0.77313200 -0.34810000 -0.79500300 0.31056900 0.52107100
0.06830700 0.02252600 -0.05658100 -0.28829600 0.54375800 -0.78816900 -0.53884200 -0.77254800 -0.33588400 -0.79153900 0.32786400 0.51572300
0.06930600 0.02310900 -0.05681900 -0.28850900 0.53533200 -0.79383900 -0.54322700 -0.77425700 -0.32469800 -0.78845700 0.33755700 0.51418700
0.06985100 0.02349100 -0.05696700 -0.29137900 0.53100600 -0.79569400 -0.54595100 -0.77532900 -0.31749100 -0.78551500 0.34190000 0.51581800
0.07104500 0.02441900 -0.05735700 -0.29930700 0.52360700 -0.79765200 -0.55175500 -0.77701000 -0.30301800 -0.77844700 0.34941400 0.52146800
0.07240600 0.02550600 -0.05787100 -0.30849000 0.51224600 -0.80152200 -0.55804900 -0.77983800 -0.28360700 -0.77033400 0.35979800 0.52643000
0.07308100 0.02606700 -0.05816100 -0.31424200 0.50581700 -0.80336800 -0.56117300 -0.78153300 -0.27256300 -0.76572600 0.36517700 0.52944100
0.07440700 0.02733600 -0.05882300 -0.32967700 0.49334000 -0.80493900 -0.56466100 -0.78633400 -0.25067000 -0.75661700 0.37187800 0.53780600
0.07557500 0.02875100 -0.05954500 -0.35097100 0.48030100 -0.80382100 -0.56691700 -0.79221400 -0.22583300 -0.74526700 0.37643900 0.55033500
0.07662000 0.03009500 -0.06026800 -0.35311600 0.47655900 -0.80510800 -0.58426600 -0.78443600 -0.20806700 -0.73071200 0.39692600 0.55543500
0.07713600 0.03065300 -0.06060000 -0.35477900 0.47005900 -0.80819200 -0.58716500 -0.78471300 -0.19865000 -0.72757600 0.40406500 0.55440200
0.07814800 0.03132900 -0.06115800 -0.35277400 0.45320500 -0.81862900 -0.59463600 -0.78408100 -0.17783000 -0.72246500 0.42405300 0.54609600
0.07903800 0.03111500 -0.06150200 -0.34945800 0.44358400 -0.82529400 -0.60358900 -0.78028500 -0.16381200 -0.71663000 0.44089400 0.54041900
0.07942300 0.03071800 -0.06162100 -0.35043100 0.44470500 -0.82427800 -0.60769100 -0.77764200 -0.16119300 -0.71267700 0.44441900 0.54275400
0.08009600 0.02953100 -0.06179700 -0.35635500 0.44279600 -0.82276400 -0.60801900 -0.77851700 -0.15563800 -0.70945200 0.44479400 0.54665700
0.08054800 0.02804500 -0.06192400 -0.36584300 0.44459500 -0.81761400 -0.61021700 -0.77791000 -0.14996200 -0.70270300 0.44406000 0.55589300
0.08064200 0.02724100 -0.06195800 -0.37120700 0.44824900 -0.81318900 -0.61135500 -0.77714300 -0.14930600 -0.69889100 0.44172400 0.56252000
0.08056700 0.02571300 -0.06191700 -0.38301300 0.45153100 -0.80586500 -0.61265500 -0.77708000 -0.14421800 -0.69134200 0.43848000 0.57426500
0.08023500 0.02421500 -0.06168900 -0.39461400 0.44874400 -0.80181500 -0.61307700 -0.77857300 -0.13401000 -0.68440800 0.43869300 0.58235100
0.07962200 0.02302700 -0.06122700 -0.40494400 0.44421800 -0.79918000 -0.61329900 -0.78022600 -0.12292400 -0.67814600 0.44036000 0.58838700
0.07922600 0.02264300 -0.06092900 -0.41056900 0.44450300 -0.79614600 -0.61347200 -0.78062600 -0.11947300 -0.67459900 0.43936200 0.59319000
0.07834900 0.02239000 -0.06031000 -0.42071900 0.44505300 -0.79052000 -0.61297000 -0.78184600 -0.11394300 -0.66877700 0.43662800 0.60174200
0.07749800 0.02256100 -0.05968000 -0.42862000 0.44611200 -0.78566400 -0.61224400 -0.78290300 -0.11053300 -0.66440900 0.43364200 0.60869800
0.07691200 0.02287200 -0.05910000 -0.42846800 0.44733900 -0.78504900 -0.61670800 -0.77978200 -0.10774700 -0.66036700 0.43798000 0.60999000
0.07671100 0.02303600 -0.05883100 -0.42875800 0.44730600 -0.78490900 -0.61709000 -0.77955900 -0.10717100 -0.65982200 0.43840900 0.61027100
0.07646500 0.02336200 -0.05826500 -0.42115900 0.45666300 -0.78363500 -0.63603300 -0.76465200 -0.10377000 -0.64659600 0.45471400 0.61249200
0.07630700 0.02355900 -0.05768500 -0.42521400 0.45859600 -0.78030800 -0.64732300 -0.75664900 -0.09194500 -0.63258500 0.46601500 0.61859800
0.07627600 0.02356700 -0.05738800 -0.42803100 0.45924700 -0.77838300 -0.65261300 -0.75287100 -0.08532500 -0.62520800 0.47146200 0.62196300
0.07630400 0.02343500 -0.05681100 -0.42943900 0.45913600 -0.77767300 -0.65385100 -0.75206200 -0.08295300 -0.62294500 0.47285900 0.62317100
0.07632600 0.02314100 -0.05631100 -0.42694800 0.46236700 -0.77713000 -0.66023200 -0.74662700 -0.08149300 -0.61790600 0.47829300 0.62404100
0.07631000 0.02294800 -0.05608700 -0.42513000 0.46333800 -0.77754700 -0.66087800 -0.74587500 -0.08312500 -0.61846900 0.47852600 0.62330400
0.07626700 0.02249400 -0.05564200 -0.42208800 0.46982400 -0.77531000 -0.66187800 -0.74411700 -0.09058800 -0.61948200 0.47492500 0.62504900
0.07614500 0.02200500 -0.05512900 -0.42143100 0.47810900 -0.77058800 -0.66269400 -0.74242200 -0.09820900 -0.61905600 0.46927600 0.62972000
0.07596900 0.02154900 -0.05455300 -0.42374300 0.48459200 -0.76525200 -0.66338100 -0.74128600 -0.10208200 -0.61673900 0.46439700 0.63558400
0.07585600 0.02135000 -0.05427200 -0.42435800 0.48819000 -0.76262000 -0.66387600 -0.74048900 -0.10461100 -0.61578200 0.46189300 0.63833000
0.07562700 0.02104700 -0.05381600 -0.42148600 0.49604200 -0.75913800 -0.66466400 -0.73846900 -0.11350400 -0.61690400 0.45673100 0.64095600
0.07541400 0.02087200 -0.05344100 -0.42065100 0.49890000 -0.75772700 -0.66567000 -0.73719900 -0.11583900 -0.61638900 0.45566900 0.64220700
0.07529900 0.02082900 -0.05327200 -0.42071900 0.49891000 -0.75768300 -0.66618500 -0.73682500 -0.11526200 -0.61578500 0.45626500 0.64236200
0.07506300 0.02081200 -0.05300700 -0.42083200 0.49909500 -0.75749800 -0.66691200 -0.73627000 -0.11460200 -0.61492100 0.45695600 0.64269900
0.07488800 0.02081700 -0.05288000 -0.41909000 0.49980800 -0.75799300 -0.66680000 -0.73604700 -0.11666700 -0.61623000 0.45653600 0.64174200
0.07475000 0.02081600 -0.05282000 -0.41954600 0.49963300 -0.75785700 -0.66679400 -0.73613000 -0.11617500 -0.61592700 0.45659400 0.64199300
0.07469600 0.02080700 -0.05280300 -0.41984600 0.49949900 -0.75777900 -0.66674100 -0.73622300 -0.11588400 -0.61577900 0.45658900 0.64213700
0.07463300 0.02081300 -0.05279400 -0.42026900 0.49928200 -0.75768700 -0.66658500 -0.73642100 -0.11553100 -0.61566000 0.45650800 0.64230900
0.07462300 0.02081500 -0.05279200 -0.42031300 0.49925900 -0.75767800 -0.66656700 -0.73644200 -0.11549700 -0.61564900 0.45649800 0.64232600
0.07463300 0.02081200 -0.05279400 -0.41811900 0.50008000 -0.75834900 -0.66626600 -0.73628800 -0.11818400 -0.61746600 0.45584800 0.64104300
0.07468400 0.02080100 -0.05280100 -0.41781000 0.50024900 -0.75840900 -0.66641400 -0.73611800 -0.11841600 -0.61751600 0.45593900 0.64093100
0.07473500 0.02079200 -0.05280600 -0.41331500 0.50195400 -0.75974500 -0.66585500 -0.73572900 -0.12385000 -0.62113300 0.45469100 0.63831600
0.07477000 0.02078500 -0.05281800 -0.41306400 0.50208400 -0.75979500 -0.66595500 -0.73560500 -0.12405100 -0.62119300 0.45474800 0.63821800
0.07478300 0.02077800 -0.05282900 -0.41302100 0.50210100 -0.75980700 -0.66595500 -0.73559700 -0.12409800 -0.62122200 0.45474200 0.63819400
0.07481900 0.02076200 -0.05285300 -0.41289100 0.50215600 -0.75984100 -0.66597100 -0.73556000 -0.12422700 -0.62129100 0.45474100 0.63812800
0.07487200 0.02076200 -0.05286500 -0.41275300 0.50221600 -0.75987700 -0.66599100 -0.73551900 -0.12436200 -0.62136100 0.45474100 0.63805900
0.07489400 0.02076900 -0.05287200 -0.41261500 0.50227600 -0.75991200 -0.66601100 -0.73547800 -0.12449700 -0.62143100 0.45474100 0.63799100
0.07491500 0.02078100 -0.05289400 -0.41246500 0.50232400 -0.75996100 -0.66598300 -0.73547300 -0.12467900 -0.62156100 0.45469500 0.63789700
0.07493300 0.02078400 -0.05292300 -0.41235400 0.50235200 -0.76000300 -0.66593800 -0.73548700 -0.12483100 -0.62168300 0.45464100 0.63781700
0.07493600 0.02079500 -0.05296000 -0.41231200 0.50233200 -0.76004000 -0.66583100 -0.73556400 -0.12495100 -0.62182600 0.45453900 0.63775000
0.07493400 0.02079700 -0.05297700 -0.41230000 0.50232000 -0.76005400 -0.66578200 -0.73560100 -0.12499800 -0.62188600 0.45449400 0.63772400
0.07494200 0.02080000 -0.05300100 -0.41012900 0.50310900 -0.76070600 -0.66539200 -0.73549100 -0.12769200 -0.62373700 0.45379800 0.63641100
0.07494100 0.02079800 -0.05300200 -0.41001600 0.50316900 -0.76072700 -0.66543700 -0.73543400 -0.12778400 -0.62376200 0.45382300 0.63636800
0.07493900 0.02079100 -0.05300200 -0.40496000 0.50646800 -0.76124600 -0.66945600 -0.73131200 -0.13042200 -0.62276400 0.45680500 0.63521000
0.07493100 0.02077700 -0.05300000 -0.40051300 0.50812400 -0.76249500 -0.66883200 -0.73091100 -0.13576200 -0.62630100 0.45560700 0.63258900
0.07493100 0.02078100 -0.05300300 -0.40029300 0.50824100 -0.76253200 -0.66892800 -0.73079200 -0.13593100 -0.62633900 0.45566800 0.63250700
0.07491900 0.02079400 -0.05300000 -0.40045600 0.50815000 -0.76250700 -0.66884600 -0.73088900 -0.13581300 -0.62632200 0.45561300 0.63256300
0.07490600 0.02078700 -0.05299900 -0.40053500 0.50811500 -0.76248900 -0.66883300 -0.73091500 -0.13573700 -0.62628600 0.45561000 0.63260100
0.07489700 0.02077500 -0.05300900 -0.40063300 0.50806400 -0.76247100 -0.66879400 -0.73096500 -0.13565900 -0.62626400 0.45558700 0.63263900
0.07491100 0.02076700 -0.05300800 -0.40071500 0.50802700 -0.76245300 -0.66877900 -0.73099300 -0.13558100 -0.62622700 0.45558400 0.63267800
0.07491700 0.02077200 -0.05301100 -0.39840600 0.50888900 -0.76308800 -0.66845600 -0.73077200 -0.13834000 -0.62804400 0.45497600 0.63131300
0.07491700 0.02077000 -0.05301200 -0.39841500 0.50888500 -0.76308500 -0.66845800 -0.73077200 -0.13832800 -0.62803500 0.45497900 0.63131900
0.07494100 0.02075200 -0.05300600 -0.39835600 0.50893400 -0.76308400 -0.66853400 -0.73070100 -0.13833800 -0.62799200 0.45504000 0.63131800
0.07497200 0.02074200 -0.05300000 -0.39824000 0.50900500 -0.76309700 -0.66861500 -0.73061400 -0.13840700 -0.62798000 0.45509900 0.63128800
0.07504600 0.02074200 -0.05301100 -0.39797600 0.50912800 -0.76315300 -0.66868000 -0.73051000 -0.13864200 -0.62807700 0.45512900 0.63116900
0.07513200 0.02072000 -0.05301900 -0.39831100 0.51153200 -0.76136800 -0.66898400 -0.72989400 -0.14040600 -0.62754100 0.45341800 0.63293200
0.07525000 0.02070000 -0.05303700 -0.39788700 0.51168300 -0.76148800 -0.66911800 -0.72971300 -0.14070900 -0.62766600 0.45354000 0.63272000
0.07531700 0.02069200 -0.05304200 -0.39756600 0.51184700 -0.76154600 -0.66924100 -0.72955000 -0.14096400 -0.62773900 0.45361600 0.63259400
0.07545100 0.02068600 -0.05304800 -0.39689200 0.51218800 -0.76166900 -0.66948200 -0.72922300 -0.14151500 -0.62790900 0.45375700 0.63232300
0.07555700 0.02068200 -0.05305500 -0.39649500 0.51238500 -0.76174300 -0.66961600 -0.72903600 -0.14184400 -0.62801700 0.45383500 0.63216000
0.07565300 0.02065900 -0.05307000 -0.39608100 0.51259700 -0.76181500 -0.66977300 -0.72882700 -0.14217300 -0.62811000 0.45393200 0.63199900
0.07569200 0.02064600 -0.05307900 -0.39592600 0.51267600 -0.76184300 -0.66983200 -0.72874900 -0.14229700 -0.62814500 0.45396800 0.63193800
0.07574000 0.02065400 -0.05309700 -0.39649700 0.51503600 -0.75995100 -0.66997900 -0.72827600 -0.14401500 -0.62762800 0.45205100 0.63382300
0.07576100 0.02066200 -0.05311000 -0.39630800 0.51494600 -0.76011100 -0.66996800 -0.72827500 -0.14406900 -0.62775900 0.45215500 0.63361900
0.07576600 0.02066000 -0.05311100 -0.39628500 0.51495500 -0.76011700 -0.66997700 -0.72826400 -0.14408500 -0.62776400 0.45216300 0.63360800
0.07578200 0.02066000 -0.05311100 -0.39620100 0.51499800 -0.76013200 -0.67000900 -0.72822100 -0.14415200 -0.62778300 0.45218300 0.63357500
0.07584900 0.02066600 -0.05311100 -0.39582800 0.51518400 -0.76020000 -0.67013400 -0.72804600 -0.14446100 -0.62788500 0.45225500 0.63342300
0.07590500 0.02067800 -0.05311300 -0.39600800 0.51632700 -0.75933000 -0.67023600 -0.72777900 -0.14533000 -0.62766200 0.45137900 0.63426800
0.07608600 0.02074400 -0.05312700 -0.39509200 0.51801600 -0.75865700 -0.67059600 -0.72706800 -0.14721600 -0.62785600 0.45058800 0.63463800
0.07641200 0.02086300 -0.05319400 -0.39393700 0.52116200 -0.75710100 -0.67101700 -0.72598600 -0.15059800 -0.62813000 0.44870200 0.63570200
