0.07588600 0.03147200 -0.05968000 -0.44966800 0.03661600 -0.89244400 -0.46758900 -0.86095800 0.20027600 -0.76102400 0.50735500 0.40426700
0.07589800 0.03142600 -0.05963900 -0.44977400 0.03664800 -0.89238900 -0.46780700 -0.86080300 0.20042900 -0.76082700 0.50761400 0.40431100
0.07591100 0.03139300 -0.05963800 -0.45074000 0.04104100 -0.89171000 -0.47275000 -0.85832500 0.19946000 -0.75719200 0.51146100 0.40628400
0.07592200 0.03140400 -0.05968700 -0.45110000 0.04195000 -0.89148600 -0.47254400 -0.85861300 0.19870800 -0.75710600 0.51090400 0.40714400
0.07595500 0.03140700 -0.05971500 -0.45090800 0.04200900 -0.89158000 -0.47252100 -0.85867000 0.19851500 -0.75723500 0.51080300 0.40703100
0.07596500 0.03139800 -0.05970900 -0.45088600 0.04204000 -0.89159000 -0.47257500 -0.85864400 0.19849900 -0.75721400 0.51084400 0.40701800
0.07597100 0.03139100 -0.05969500 -0.45089900 0.04205600 -0.89158300 -0.47263400 -0.85860600 0.19852400 -0.75717000 0.51090700 0.40702200
0.07594700 0.03139100 -0.05967700 -0.45100900 0.04200200 -0.89153000 -0.47264500 -0.85857000 0.19865300 -0.75709800 0.51097100 0.40707500
0.07593700 0.03138600 -0.05966200 -0.45096200 0.04205400 -0.89155100 -0.47273300 -0.85852900 0.19862000 -0.75707000 0.51103600 0.40704400
0.07593700 0.03137700 -0.05965000 -0.45099400 0.04205700 -0.89153400 -0.47278300 -0.85849100 0.19866500 -0.75702000 0.51110000 0.40705800
0.07592600 0.03135900 -0.05962600 -0.45111300 0.04202500 -0.89147600 -0.47285700 -0.85841600 0.19881300 -0.75690300 0.51122800 0.40711400
0.07589400 0.03135100 -0.05958200 -0.45129100 0.04196600 -0.89138900 -0.47294600 -0.85831600 0.19903400 -0.75674100 0.51140200 0.40719700
0.07588000 0.03134800 -0.05956000 -0.45136200 0.04194800 -0.89135400 -0.47299900 -0.85826500 0.19912600 -0.75666600 0.51148800 0.40722900
0.07587100 0.03134400 -0.05954400 -0.45131500 0.04199900 -0.89137500 -0.47308800 -0.85822400 0.19909400 -0.75663800 0.51155300 0.40719900
0.07588700 0.03133200 -0.05955900 -0.45127400 0.04202300 -0.89139400 -0.47308600 -0.85823600 0.19904400 -0.75666300 0.51153000 0.40718000
0.07590600 0.03132800 -0.05956800 -0.45119900 0.04206800 -0.89143000 -0.47310100 -0.85824700 0.19896000 -0.75669800 0.51150800 0.40714300
0.07593600 0.03132500 -0.05957600 -0.45107000 0.04215100 -0.89149100 -0.47314400 -0.85825600 0.19881800 -0.75674900 0.51148500 0.40707700
0.07594100 0.03132000 -0.05957300 -0.45118400 0.04208600 -0.89143700 -0.47311100 -0.85824700 0.19893700 -0.75670200 0.51150600 0.40713900
0.07592200 0.03132800 -0.05956800 -0.45124200 0.04204400 -0.89141000 -0.47308200 -0.85824900 0.19900000 -0.75668500 0.51150800 0.40716800
0.07590800 0.03133200 -0.05956500 -0.45142000 0.04482700 -0.89118400 -0.47790700 -0.85556100 0.19904300 -0.75354100 0.51575600 0.40764000
0.07587900 0.03133800 -0.05955500 -0.45141200 0.04490200 -0.89118400 -0.47806100 -0.85547400 0.19905000 -0.75344800 0.51589400 0.40763700
0.07585900 0.03133900 -0.05954900 -0.45150500 0.04484300 -0.89114000 -0.47803200 -0.85546600 0.19915100 -0.75341100 0.51591200 0.40768300
0.07584900 0.03134100 -0.05954700 -0.45154200 0.04481600 -0.89112300 -0.47801300 -0.85546800 0.19919100 -0.75340100 0.51591200 0.40770300
0.07585400 0.03134000 -0.05954800 -0.45152300 0.04483000 -0.89113200 -0.47802200 -0.85546700 0.19917100 -0.75340600 0.51591200 0.40769300
0.07586300 0.03133800 -0.05955500 -0.45148600 0.04484700 -0.89115000 -0.47801700 -0.85548000 0.19912800 -0.75343100 0.51588900 0.40767500
0.07586700 0.03133400 -0.05955800 -0.45146700 0.04486000 -0.89115900 -0.47802600 -0.85548000 0.19910700 -0.75343700 0.51588700 0.40766600
0.07586300 0.03133800 -0.05955500 -0.45148600 0.04484600 -0.89115000 -0.47801500 -0.85548100 0.19912800 -0.75343200 0.51588700 0.40767500
0.07585800 0.03133900 -0.05955400 -0.45150500 0.04483300 -0.89114100 -0.47800600 -0.85548200 0.19914700 -0.75342700 0.51588700 0.40768500
0.07585800 0.03133900 -0.05955500 -0.45150500 0.04483300 -0.89114100 -0.47800600 -0.85548200 0.19914700 -0.75342700 0.51588700 0.40768500
0.07585700 0.03133500 -0.05955100 -0.45152200 0.04483000 -0.89113200 -0.47802000 -0.85546900 0.19916800 -0.75340800 0.51590800 0.40769300
0.07585300 0.03133600 -0.05955000 -0.45154000 0.04481700 -0.89112400 -0.47801000 -0.85547000 0.19918800 -0.75340300 0.51590800 0.40770200
0.07585100 0.03133300 -0.05955300 -0.45155700 0.04480600 -0.89111600 -0.47800200 -0.85547100 0.19920500 -0.75339800 0.51590800 0.40771200
0.07585100 0.03133300 -0.05955300 -0.45155700 0.04480600 -0.89111600 -0.47800200 -0.85547100 0.19920600 -0.75339800 0.51590800 0.40771100
0.07585300 0.03133600 -0.05955000 -0.45154100 0.04481600 -0.89112400 -0.47800900 -0.85547000 0.19918900 -0.75340300 0.51590800 0.40770200
0.07585300 0.03133600 -0.05955000 -0.45154100 0.04481600 -0.89112300 -0.47800900 -0.85547000 0.19918800 -0.75340400 0.51590700 0.40770200
0.07584600 0.03133400 -0.05955200 -0.45157600 0.04479200 -0.89110700 -0.47799100 -0.85547200 0.19922600 -0.75339400 0.51590700 0.40772100
0.07584600 0.03133400 -0.05955200 -0.45157600 0.04479200 -0.89110700 -0.47799100 -0.85547200 0.19922600 -0.75339400 0.51590700 0.40772100
0.07585300 0.03134000 -0.05955400 -0.45152400 0.04481900 -0.89113200 -0.47799500 -0.85548400 0.19916800 -0.75342300 0.51588600 0.40769500
0.07585700 0.03133600 -0.05955700 -0.45152200 0.04482100 -0.89113300 -0.47799600 -0.85548400 0.19916500 -0.75342300 0.51588500 0.40769400
0.07583700 0.03133600 -0.05955100 -0.45171500 0.04766200 -0.89088700 -0.48294000 -0.85268200 0.19925200 -0.75014700 0.52025100 0.40818700
0.07581700 0.03134100 -0.05954800 -0.45179100 0.04760800 -0.89085200 -0.48290000 -0.85268600 0.19933200 -0.75012700 0.52024900 0.40822500
0.07573200 0.03135500 -0.05953900 -0.45223300 0.05026100 -0.89048100 -0.48767300 -0.84988000 0.19969700 -0.74676600 0.52457400 0.40885500
0.07560200 0.03136400 -0.05953600 -0.45282200 0.05575200 -0.88985600 -0.49729300 -0.84417500 0.20016800 -0.74003400 0.53316000 0.40998600
0.07551300 0.03136600 -0.05953700 -0.45322900 0.05547400 -0.88966500 -0.49708400 -0.84419600 0.20059400 -0.73992500 0.53315400 0.41018900
0.07527700 0.03137200 -0.05953800 -0.45423700 0.05773900 -0.88900700 -0.50149700 -0.84134300 0.20159600 -0.73632000 0.53740800 0.41112600
0.07500500 0.03138200 -0.05953200 -0.45525700 0.05706600 -0.88852900 -0.50100100 -0.84138300 0.20266100 -0.73602800 0.53741700 0.41163600
0.07486800 0.03138200 -0.05952800 -0.45338700 0.05793300 -0.88942800 -0.50141200 -0.84159000 0.20077800 -0.73690200 0.53700000 0.41061400
0.07458600 0.03137000 -0.05952000 -0.45470100 0.06004400 -0.88861700 -0.50575100 -0.83866600 0.20212200 -0.73311800 0.54132400 0.41170900
0.07436300 0.03132000 -0.05951400 -0.45548500 0.06251600 -0.88804400 -0.51040000 -0.83564200 0.20296100 -0.72939900 0.54570400 0.41253100
0.07420600 0.03124300 -0.05951900 -0.45374200 0.06334400 -0.88887800 -0.51092100 -0.83573700 0.20125000 -0.73012100 0.54546200 0.41157400
0.07415200 0.03119600 -0.05951800 -0.45248600 0.06395800 -0.88947400 -0.51130200 -0.83580300 0.20000700 -0.73063400 0.54529100 0.41089100
0.07408900 0.03111100 -0.05952100 -0.45223300 0.06700200 -0.88937900 -0.51633100 -0.83275300 0.19980900 -0.72724600 0.54957400 0.41119400
0.07408700 0.03106800 -0.05953500 -0.45239800 0.06692300 -0.88930100 -0.51630700 -0.83272500 0.19998600 -0.72716000 0.54962600 0.41127700
0.07410900 0.03105900 -0.05954700 -0.45232000 0.06696400 -0.88933800 -0.51632100 -0.83273700 0.19990000 -0.72719900 0.54960300 0.41123900
0.07417000 0.03104600 -0.05958000 -0.45195100 0.06715800 -0.88951000 -0.51640900 -0.83277700 0.19950700 -0.72736500 0.54951900 0.41105500
0.07420600 0.03104200 -0.05958200 -0.45191700 0.06718400 -0.88952500 -0.51642300 -0.83277700 0.19946700 -0.72737600 0.54951500 0.41104200
0.07421700 0.03104000 -0.05957800 -0.45187700 0.06721600 -0.88954300 -0.51646200 -0.83276200 0.19943100 -0.72737300 0.54953400 0.41102100
0.07421100 0.03103700 -0.05957900 -0.45191400 0.06719300 -0.88952600 -0.51644400 -0.83276500 0.19946800 -0.72736300 0.54953300 0.41104000
0.07419700 0.03102900 -0.05958600 -0.45188600 0.06720700 -0.88953900 -0.51645500 -0.83276400 0.19944200 -0.72737300 0.54953300 0.41102400
0.07419000 0.03102300 -0.05958500 -0.45193900 0.06718300 -0.88951500 -0.51645100 -0.83275300 0.19949900 -0.72734300 0.54955200 0.41105000
0.07419100 0.03102200 -0.05957900 -0.45181800 0.06726100 -0.88957000 -0.51653000 -0.83273100 0.19938500 -0.72736200 0.54957500 0.41098600
0.07419700 0.03101700 -0.05957000 -0.45193400 0.06721000 -0.88951500 -0.51651700 -0.83271000 0.19950700 -0.72730000 0.54961400 0.41104500
0.07419700 0.03101700 -0.05957000 -0.45193400 0.06721000 -0.88951500 -0.51651600 -0.83271000 0.19950700 -0.72730000 0.54961300 0.41104500
0.07419800 0.03102300 -0.05957200 -0.45190000 0.06722100 -0.88953100 -0.51651100 -0.83272200 0.19947000 -0.72732500 0.54959300 0.41102800
0.07419800 0.03102500 -0.05957000 -0.45190000 0.06722100 -0.88953100 -0.51651100 -0.83272200 0.19947000 -0.72732400 0.54959300 0.41102900
0.07419800 0.03102400 -0.05957100 -0.45190100 0.06722100 -0.88953100 -0.51651000 -0.83272300 0.19947000 -0.72732500 0.54959300 0.41102900
0.07419200 0.03102200 -0.05957300 -0.45193700 0.06719800 -0.88951400 -0.51649200 -0.83272500 0.19950700 -0.72731500 0.54959200 0.41104700
0.07419300 0.03102600 -0.05957000 -0.45192000 0.06720900 -0.88952200 -0.51650100 -0.83272400 0.19949000 -0.72731900 0.54959300 0.41103800
0.07418800 0.03102700 -0.05956900 -0.45193900 0.06719600 -0.88951300 -0.51649100 -0.83272500 0.19951000 -0.72731400 0.54959200 0.41104800
0.07418400 0.03103200 -0.05957200 -0.45194200 0.06718500 -0.88951200 -0.51646800 -0.83274000 0.19950900 -0.72732900 0.54957200 0.41105000
0.07417800 0.03102900 -0.05956800 -0.45197800 0.06717100 -0.88949500 -0.51647200 -0.83272700 0.19955000 -0.72730400 0.54959200 0.41106700
0.07417200 0.03102700 -0.05957000 -0.45201500 0.06714800 -0.88947800 -0.51645400 -0.83273000 0.19958700 -0.72729400 0.54959100 0.41108600
0.07417700 0.03102600 -0.05957000 -0.45199600 0.06716100 -0.88948700 -0.51646400 -0.83272800 0.19956700 -0.72729900 0.54959200 0.41107600
0.07418300 0.03102400 -0.05956500 -0.45197500 0.06718200 -0.88949600 -0.51649500 -0.83271300 0.19955000 -0.72728900 0.54961200 0.41106500
0.07418400 0.03102300 -0.05956000 -0.45197500 0.06719000 -0.88949600 -0.51651600 -0.83269900 0.19955400 -0.72727500 0.54963300 0.41106400
0.07418100 0.03102600 -0.05955100 -0.45197600 0.06719700 -0.88949400 -0.51653700 -0.83268400 0.19956100 -0.72725900 0.54965400 0.41106300
0.07417000 0.03101400 -0.05952900 -0.45208000 0.06717400 -0.88944300 -0.51659400 -0.83261900 0.19968700 -0.72715400 0.54975600 0.41111200
0.07415600 0.03100000 -0.05949600 -0.45220100 0.06715600 -0.88938300 -0.51668400 -0.83252600 0.19984100 -0.72701500 0.54989900 0.41116800
0.07415200 0.03099100 -0.05947700 -0.45225200 0.06715800 -0.88935700 -0.51674500 -0.83247100 0.19991000 -0.72694000 0.54998100 0.41119000
0.07413000 0.03096300 -0.05943500 -0.45234000 0.06718200 -0.88931100 -0.51691500 -0.83233300 0.20004600 -0.72676400 0.55018700 0.41122500
0.07412600 0.03094500 -0.05943100 -0.45242400 0.06715700 -0.88927000 -0.51693900 -0.83229600 0.20014200 -0.72669500 0.55024700 0.41126700
0.07413000 0.03093900 -0.05943500 -0.45242100 0.06715900 -0.88927100 -0.51694000 -0.83229500 0.20013900 -0.72669600 0.55024700 0.41126600
0.07414400 0.03094000 -0.05944600 -0.45234700 0.06719000 -0.88930600 -0.51693300 -0.83232000 0.20005500 -0.72674700 0.55020600 0.41123100
0.07416500 0.03093900 -0.05944700 -0.45225200 0.06724900 -0.88935100 -0.51698000 -0.83231400 0.19995800 -0.72677300 0.55020800 0.41118300
0.07416500 0.03093900 -0.05944600 -0.45225200 0.06724900 -0.88935100 -0.51698000 -0.83231400 0.19995800 -0.72677300 0.55020800 0.41118300
0.07415600 0.03094100 -0.05943900 -0.45229000 0.06723300 -0.88933200 -0.51698300 -0.83230200 0.20000200 -0.72674700 0.55022800 0.41120100
0.07413700 0.03094500 -0.05943000 -0.45236700 0.06719200 -0.88929600 -0.51696600 -0.83229200 0.20008500 -0.72671100 0.55024900 0.41123800
0.07411800 0.03094500 -0.05941200 -0.45246000 0.06715800 -0.88925200 -0.51698500 -0.83225400 0.20019300 -0.72664000 0.55031000 0.41128200
0.07411400 0.03094100 -0.05940200 -0.45249500 0.06715300 -0.88923400 -0.51701100 -0.83222800 0.20023800 -0.72659900 0.55035100 0.41129800
0.07411700 0.03093800 -0.05937300 -0.45249100 0.06719500 -0.88923300 -0.51712000 -0.83215600 0.20025600 -0.72652500 0.55045400 0.41129100
0.07411500 0.03093700 -0.05935400 -0.45250700 0.06720800 -0.88922400 -0.51717500 -0.83211400 0.20028700 -0.72647500 0.55051600 0.41129600
0.07411000 0.03093500 -0.05935000 -0.45254300 0.06719400 -0.88920700 -0.51717900 -0.83210200 0.20032800 -0.72645000 0.55053600 0.41131300
0.07409700 0.03092200 -0.05934100 -0.45264900 0.06715500 -0.88915600 -0.51719200 -0.83206500 0.20044700 -0.72637500 0.55059600 0.41136500
0.07410100 0.03091200 -0.05933600 -0.45254300 0.06723400 -0.88920400 -0.51728500 -0.83203000 0.20035100 -0.72637500 0.55064000 0.41130800
0.07411500 0.03091000 -0.05934400 -0.45248500 0.06726200 -0.88923100 -0.51729200 -0.83204100 0.20028700 -0.72640600 0.55062000 0.41128000
0.07413000 0.03090600 -0.05934600 -0.45242700 0.06729900 -0.88925800 -0.51732100 -0.83203800 0.20022700 -0.72642200 0.55062000 0.41125100
0.07416500 0.03090200 -0.05935400 -0.45225600 0.06739700 -0.88933700 -0.51738200 -0.83204200 0.20005000 -0.72648400 0.55060100 0.41116700
0.07418500 0.03089600 -0.05935200 -0.45231400 0.06737600 -0.88930900 -0.51737700 -0.83203200 0.20010800 -0.72645200 0.55061900 0.41119900
0.07418000 0.03089800 -0.05935100 -0.45233400 0.06736400 -0.88930000 -0.51736700 -0.83203300 0.20012800 -0.72644700 0.55061900 0.41120900
0.07413200 0.03090700 -0.05933300 -0.45252700 0.06725700 -0.88921000 -0.51731600 -0.83201500 0.20033500 -0.72636300 0.55066000 0.41130200
0.07406200 0.03090300 -0.05930000 -0.45277800 0.06714400 -0.88909000 -0.51732100 -0.83194300 0.20062200 -0.72620200 0.55078300 0.41142100
0.07404300 0.03088500 -0.05928800 -0.45280000 0.06716000 -0.88907800 -0.51739400 -0.83188700 0.20066500 -0.72613600 0.55086500 0.41142700
0.07404800 0.03088000 -0.05928600 -0.45279700 0.06717100 -0.88907900 -0.51741700 -0.83187200 0.20066500 -0.72612100 0.55088600 0.41142500
0.07407800 0.03087400 -0.05928900 -0.45266300 0.06725500 -0.88914100 -0.51748300 -0.83186500 0.20052800 -0.72615900 0.55088700 0.41135800
0.07408600 0.03087900 -0.05927900 -0.45260800 0.06729600 -0.88916600 -0.51753100 -0.83184700 0.20047800 -0.72615900 0.55090900 0.41132900
0.07407800 0.03088500 -0.05926900 -0.45274800 0.06722100 -0.88910000 -0.51748400 -0.83184100 0.20062200 -0.72610400 0.55092700 0.41140100
0.07404100 0.03090000 -0.05922600 -0.45288500 0.06717200 -0.88903400 -0.51752400 -0.83177700 0.20078700 -0.72599100 0.55103000 0.41146200
0.07402100 0.03089800 -0.05917800 -0.45287300 0.06723800 -0.88903500 -0.51769900 -0.83166100 0.20081500 -0.72587400 0.55119600 0.41144500
0.07402100 0.03088800 -0.05916000 -0.45290300 0.06725200 -0.88901800 -0.51776900 -0.83160500 0.20086400 -0.72580400 0.55127900 0.41145800
0.07402800 0.03086100 -0.05914200 -0.45298000 0.06725700 -0.88897900 -0.51786000 -0.83152400 0.20096600 -0.72569100 0.55140100 0.41149400
0.07402500 0.03084400 -0.05913600 -0.45304700 0.06724200 -0.88894600 -0.51789200 -0.83148500 0.20104500 -0.72562700 0.55146100 0.41152600
0.07402500 0.03084800 -0.05914000 -0.45303100 0.06724400 -0.88895400 -0.51787900 -0.83149800 0.20102400 -0.72564700 0.55144100 0.41151900
0.07402900 0.03084400 -0.05914300 -0.45302800 0.06724600 -0.88895500 -0.51788000 -0.83149800 0.20102100 -0.72564700 0.55144100 0.41151800
0.07403400 0.03084200 -0.05914400 -0.45300900 0.06725900 -0.88896400 -0.51789000 -0.83149700 0.20100100 -0.72565200 0.55144100 0.41150900
0.07403600 0.03084900 -0.05913800 -0.45297400 0.06727900 -0.88898000 -0.51790600 -0.83149500 0.20096700 -0.72566200 0.55144200 0.41149000
0.07403100 0.03085100 -0.05913800 -0.45299400 0.06726700 -0.88897100 -0.51789700 -0.83149600 0.20098700 -0.72565700 0.55144200 0.41150000
0.07402700 0.03085200 -0.05913700 -0.45301300 0.06725400 -0.88896200 -0.51788700 -0.83149700 0.20100700 -0.72565200 0.55144100 0.41151000
0.07402700 0.03085100 -0.05913100 -0.45301200 0.06726300 -0.88896200 -0.51790800 -0.83148300 0.20101100 -0.72563700 0.55146200 0.41150800
0.07402900 0.03085500 -0.05912800 -0.45299500 0.06727300 -0.88897000 -0.51791700 -0.83148200 0.20099400 -0.72564200 0.55146200 0.41149900
0.07402900 0.03085500 -0.05912800 -0.45299500 0.06727200 -0.88897000 -0.51791600 -0.83148200 0.20099400 -0.72564200 0.55146200 0.41149900
0.07403100 0.03084600 -0.05913500 -0.45301000 0.06726500 -0.88896300 -0.51790900 -0.83148300 0.20100800 -0.72563800 0.55146100 0.41150800
0.07403100 0.03084600 -0.05913500 -0.45301000 0.06726500 -0.88896300 -0.51791000 -0.83148300 0.20100800 -0.72563800 0.55146200 0.41150800
0.07403100 0.03084600 -0.05913500 -0.45301000 0.06726500 -0.88896300 -0.51791000 -0.83148300 0.20100800 -0.72563700 0.55146200 0.41150800
0.07402600 0.03084600 -0.05913500 -0.45304700 0.06724200 -0.88894600 -0.51789200 -0.83148500 0.20104500 -0.72562700 0.55146200 0.41152600
0.07401200 0.03084100 -0.05914600 -0.45297100 0.07016600 -0.88875900 -0.52272000 -0.82846700 0.20100700 -0.72220500 0.55562300 0.41194900
0.07397600 0.03081800 -0.05917000 -0.45322400 0.07000200 -0.88864300 -0.52257200 -0.82850000 0.20125700 -0.72215300 0.55559500 0.41207700
0.07394900 0.03080200 -0.05918300 -0.45328600 0.06996100 -0.88861400 -0.52254000 -0.82850500 0.20132100 -0.72213700 0.55559300 0.41210800
0.07389700 0.03077200 -0.05920100 -0.45351300 0.06982900 -0.88850900 -0.52244800 -0.82850500 0.20155500 -0.72206100 0.55560800 0.41222100
0.07385200 0.03076800 -0.05920600 -0.45362000 0.06975900 -0.88846000 -0.52239400 -0.82851300 0.20166600 -0.72203300 0.55560600 0.41227200
0.07383700 0.03076800 -0.05920500 -0.45369600 0.06971200 -0.88842500 -0.52235700 -0.82851800 0.20174300 -0.72201200 0.55560500 0.41231000
0.07382300 0.03076200 -0.05921100 -0.45366700 0.06972600 -0.88843800 -0.52236900 -0.82851600 0.20171600 -0.72202100 0.55560500 0.41229400
0.07381300 0.03075400 -0.05923000 -0.45362100 0.06973500 -0.88846100 -0.52234800 -0.82854300 0.20166200 -0.72206600 0.55556500 0.41227100
0.07378800 0.03074700 -0.05928000 -0.45360900 0.07256900 -0.88824000 -0.52699500 -0.82559200 0.20167600 -0.71868900 0.55958000 0.41274000
0.07376900 0.03073900 -0.05932500 -0.45122100 0.07648600 -0.88912700 -0.53226600 -0.82277300 0.19934000 -0.71630400 0.56319900 0.41196300
0.07364100 0.03071900 -0.05946400 -0.44635900 0.08410400 -0.89089200 -0.54248600 -0.81720100 0.19465200 -0.71166800 0.57018100 0.41039000
0.07340900 0.03066500 -0.05963900 -0.44074200 0.08655700 -0.89345000 -0.54380000 -0.81764400 0.18904500 -0.71416200 0.56917900 0.40744000
0.07326700 0.03061100 -0.05971600 -0.44029500 0.08673500 -0.89365300 -0.54389200 -0.81768400 0.18860900 -0.71436700 0.56909500 0.40719700
0.07293000 0.03047600 -0.05981800 -0.43966300 0.08368200 -0.89425500 -0.54389000 -0.81714400 0.19093900 -0.71475800 0.57032500 0.40478200
0.07269600 0.03035800 -0.05993500 -0.43649200 0.08207100 -0.89595600 -0.54449600 -0.81685700 0.19044200 -0.71623800 0.57097100 0.40123900
0.07263500 0.03025900 -0.06013500 -0.43188700 0.07579100 -0.89873700 -0.54539400 -0.81558300 0.19331000 -0.71834400 0.57365400 0.39357600
0.07268500 0.03022900 -0.06031600 -0.42561400 0.07281900 -0.90197000 -0.54667400 -0.81499700 0.19216200 -0.72111000 0.57487000 0.38668300
0.07288400 0.03022400 -0.06081800 -0.41653100 0.06413500 -0.90685500 -0.54788400 -0.81372400 0.19410200 -0.72548200 0.57770100 0.37408000
0.07326000 0.03024000 -0.06156200 -0.40501100 0.05411700 -0.91270800 -0.54900500 -0.81264800 0.19543500 -0.73113500 0.58023500 0.35884200
0.07348600 0.03025100 -0.06202100 -0.39882200 0.04765400 -0.91578900 -0.54929800 -0.81208300 0.19695900 -0.73431100 0.58159300 0.35005200
0.07389200 0.03037300 -0.06306300 -0.39116300 0.04116400 -0.91939900 -0.54792400 -0.81306900 0.19671300 -0.73943800 0.58070900 0.34059800
0.07415500 0.03070900 -0.06415600 -0.38903800 0.04112800 -0.92030200 -0.54429900 -0.81624200 0.19361300 -0.74322700 0.57624300 0.33993500
0.07425700 0.03094000 -0.06469300 -0.38820300 0.04073700 -0.92067200 -0.54224900 -0.81788000 0.19245100 -0.74516000 0.57394400 0.33959400
0.07432500 0.03144400 -0.06567300 -0.38761600 0.04200200 -0.92086300 -0.54274000 -0.81786000 0.19115000 -0.74510800 0.57388200 0.33981200
0.07438200 0.03185600 -0.06654000 -0.38233100 0.03968700 -0.92317200 -0.54026500 -0.82011100 0.18849400 -0.74962300 0.57082500 0.33499600
0.07449900 0.03206000 -0.06733300 -0.37274400 0.04323600 -0.92692500 -0.53972900 -0.82265900 0.17866800 -0.75482000 0.56688600 0.32997700
0.07457400 0.03207400 -0.06774300 -0.37202700 0.04315400 -0.92721700 -0.53860700 -0.82358800 0.17777400 -0.75597400 0.56554300 0.32964000
0.07476100 0.03190600 -0.06852900 -0.37221900 0.01706000 -0.92798700 -0.48708800 -0.85467300 0.17966000 -0.79006100 0.51888600 0.32643500
0.07496200 0.03154000 -0.06928100 -0.37942600 -0.02136600 -0.92497400 -0.41129400 -0.89162700 0.18930900 -0.82877800 0.45226500 0.32951900
0.07490300 0.03107300 -0.06986400 -0.38882400 -0.05366700 -0.91974600 -0.34314900 -0.91803700 0.19863400 -0.85502200 0.39284400 0.33853900
0.07477600 0.03083500 -0.07006000 -0.39110200 -0.06650200 -0.91794100 -0.31465100 -0.92762400 0.20126400 -0.86488900 0.36754600 0.34187000
0.07439200 0.03040400 -0.07030100 -0.39505400 -0.07452300 -0.91562900 -0.29133200 -0.93509300 0.20180500 -0.87123800 0.34647600 0.34770100
0.07396000 0.03014200 -0.07038800 -0.39475600 -0.07893500 -0.91538800 -0.28028200 -0.93846600 0.20179600 -0.87499000 0.33622700 0.34834100
0.07379500 0.03010700 -0.07042000 -0.38887800 -0.07428200 -0.91828900 -0.28172100 -0.93941000 0.19529400 -0.87715800 0.33464700 0.34438900
0.07365100 0.03014200 -0.07045700 -0.37459000 -0.08550000 -0.92323900 -0.25089200 -0.94924400 0.18970300 -0.89260000 0.30269400 0.33412600
0.07379300 0.03015600 -0.07047000 -0.35904300 -0.10135200 -0.92780000 -0.21462800 -0.95847700 0.18776000 -0.90830600 0.26654700 0.32238200
0.07410700 0.03016000 -0.07045100 -0.35093700 -0.10937600 -0.92998900 -0.19431400 -0.96302900 0.18658800 -0.91601600 0.24619000 0.31671000
0.07431500 0.03017900 -0.07043100 -0.34933500 -0.11117600 -0.93037800 -0.18844300 -0.96431200 0.18598700 -0.91785200 0.24029400 0.31591700
0.07477100 0.03024000 -0.07038200 -0.35087200 -0.11200100 -0.92970000 -0.18255700 -0.96559000 0.18522200 -0.91845600 0.23471200 0.31835200
0.07527100 0.03036600 -0.07034400 -0.35379600 -0.10458900 -0.92945600 -0.18226200 -0.96696900 0.17818800 -0.91739200 0.23244700 0.32304800
0.07552800 0.03043500 -0.07032500 -0.35484700 -0.10111200 -0.92944000 -0.18220100 -0.96759400 0.17482400 -0.91699800 0.23138100 0.32492500
0.07604700 0.03057100 -0.07030500 -0.35950500 -0.07719100 -0.92994400 -0.22180900 -0.96094000 0.16551300 -0.90639700 0.26577300 0.32834100
0.07659100 0.03069300 -0.07027700 -0.35543200 -0.03077800 -0.93419500 -0.29763700 -0.94370500 0.14433300 -0.88604700 0.32935100 0.32626200
0.07683000 0.03075900 -0.07025600 -0.35031500 -0.00783300 -0.93659800 -0.33799200 -0.93153000 0.13420900 -0.87352100 0.36357800 0.32368200
0.07721500 0.03087400 -0.07022200 -0.33003400 0.03494000 -0.94332100 -0.39683500 -0.91185600 0.10506400 -0.85650300 0.40901800 0.31480900
0.07760100 0.03088900 -0.07029300 -0.29812100 0.07235100 -0.95178100 -0.44543400 -0.89244000 0.07168100 -0.84422200 0.44532500 0.29828300
0.07789400 0.03075600 -0.07044000 -0.25293000 0.11766800 -0.96030100 -0.50949900 -0.85998700 0.02881800 -0.82245700 0.49656300 0.27746900
0.07804100 0.03066600 -0.07052300 -0.22959300 0.13434000 -0.96397000 -0.52830000 -0.84902400 0.00750600 -0.81742600 0.51098900 0.26590100
0.07841900 0.03049800 -0.07071000 -0.18407500 0.16718400 -0.96858900 -0.57809700 -0.81538300 -0.03087500 -0.79493300 0.55425500 0.24674000
0.07868000 0.03041000 -0.07082200 -0.14995300 0.19514700 -0.96924200 -0.63321800 -0.77183800 -0.05743600 -0.75930700 0.60512900 0.23931000
0.07870800 0.03042400 -0.07083500 -0.13690900 0.20708700 -0.96869400 -0.66421600 -0.74468000 -0.06532200 -0.73489600 0.63447900 0.23950400
0.07852900 0.03058800 -0.07082900 -0.11970800 0.22947200 -0.96592500 -0.72454700 -0.68534500 -0.07302200 -0.67874900 0.69111700 0.24830500
0.07808400 0.03085300 -0.07088100 -0.10871000 0.24820200 -0.96258800 -0.77705900 -0.62512900 -0.07343200 -0.61996800 0.74000500 0.26082500
0.07761700 0.03106500 -0.07105200 -0.09249700 0.26146800 -0.96076900 -0.81597100 -0.57289300 -0.07735300 -0.57064300 0.77680600 0.26634100
0.07744000 0.03115600 -0.07115500 -0.07842600 0.26999700 -0.95966100 -0.84057800 -0.53545300 -0.08195400 -0.53598100 0.80024300 0.26894700
0.07721600 0.03140600 -0.07137700 -0.05564700 0.28385500 -0.95725000 -0.88096800 -0.46516000 -0.08672200 -0.46989100 0.83848100 0.27595200
0.07720600 0.03200300 -0.07161100 -0.04719600 0.30480200 -0.95124500 -0.91863700 -0.38722400 -0.07849800 -0.39227100 0.87014500 0.29827800
0.07725600 0.03248000 -0.07169900 -0.04916700 0.32488500 -0.94447400 -0.93961500 -0.33569600 -0.06656000 -0.33868100 0.88417000 0.32177200
0.07740000 0.03358500 -0.07190600 -0.03646600 0.37999000 -0.92427000 -0.97325200 -0.22342900 -0.05345800 -0.22682200 0.89760000 0.37797400
0.07748000 0.03480900 -0.07223400 -0.01703200 0.44563400 -0.89505200 -0.98560400 -0.15808200 -0.05995200 -0.16820800 0.88114600 0.44191100
0.07741000 0.03600700 -0.07272600 0.00949900 0.52326500 -0.85211600 -0.99373100 -0.08998400 -0.06633500 -0.11138700 0.84740500 0.51913000
0.07735400 0.03655100 -0.07303200 0.02293200 0.56223100 -0.82666100 -0.99578200 -0.06062700 -0.06885700 -0.08883100 0.82475400 0.55847000
0.07721800 0.03759700 -0.07372900 0.05739000 0.63377500 -0.77138400 -0.99725300 0.00016100 -0.07406300 -0.04681500 0.77351600 0.63204400
0.07693300 0.03860000 -0.07438100 0.09641900 0.69020000 -0.71716500 -0.99525800 0.05761800 -0.07835600 -0.01276000 0.72132000 0.69248300
0.07674300 0.03906700 -0.07464300 0.11132900 0.71494700 -0.69025700 -0.99375000 0.08574300 -0.07146900 0.00808800 0.69390100 0.72002400
0.07623200 0.03979900 -0.07497000 0.11766500 0.76164300 -0.63722300 -0.99228700 0.11537100 -0.04533100 0.03899100 0.63764300 0.76934400
0.07548400 0.04004900 -0.07498200 0.13541500 0.80170700 -0.58217500 -0.98601500 0.16665000 0.00014400 0.09713500 0.57401500 0.81306200
0.07456500 0.03981400 -0.07474500 0.18983400 0.81036700 -0.55431700 -0.97166300 0.23604800 0.01232200 0.14083000 0.53627000 0.83221300
0.07412100 0.03966500 -0.07458500 0.21899200 0.79859900 -0.56060700 -0.96447600 0.26416800 -0.00044300 0.14774100 0.54079000 0.82808100
0.07333900 0.03926400 -0.07409700 0.27984600 0.74864700 -0.60101000 -0.94829100 0.31321100 -0.05139900 0.14976300 0.58431600 0.79758600
0.07283100 0.03861800 -0.07368500 0.31998100 0.70494600 -0.63297900 -0.93599800 0.33866200 -0.09599500 0.14669500 0.62318400 0.76819300
0.07265000 0.03827100 -0.07355400 0.33920300 0.68440300 -0.64539200 -0.92792300 0.35617200 -0.10999500 0.15459000 0.63618600 0.75588900
0.07240000 0.03779200 -0.07330200 0.36028100 0.66609600 -0.65307900 -0.91411500 0.39167200 -0.10480700 0.18598200 0.63475000 0.75000100
0.07226400 0.03757600 -0.07301200 0.36281500 0.67280800 -0.64474300 -0.90752800 0.41219100 -0.08055900 0.21155700 0.61435100 0.76014200
0.07221600 0.03749900 -0.07272400 0.36501500 0.67406700 -0.64218100 -0.90501200 0.41874200 -0.07487400 0.21843800 0.60851200 0.76288700
0.07224800 0.03743900 -0.07255700 0.37302700 0.67076500 -0.64103300 -0.89929700 0.43138200 -0.07192600 0.22828500 0.60331000 0.76413400
0.07234400 0.03714100 -0.07219300 0.39044100 0.64792400 -0.65402500 -0.89603800 0.43054100 -0.10839400 0.21135400 0.62835300 0.74866500
0.07237800 0.03661000 -0.07171300 0.41214400 0.62427600 -0.66363800 -0.88583900 0.44494200 -0.13158700 0.21313300 0.64211000 0.73638800
0.07237500 0.03632800 -0.07139200 0.42002000 0.61522100 -0.66714700 -0.88136400 0.45173600 -0.13831000 0.21628400 0.64609300 0.73197200
0.07227200 0.03591600 -0.07064900 0.43004400 0.60165600 -0.67310500 -0.87419400 0.46372800 -0.14401500 0.22549000 0.65035800 0.72538800
0.07197900 0.03583500 -0.06986900 0.44067200 0.59265100 -0.67421900 -0.86569800 0.47923400 -0.14456800 0.23743000 0.64737800 0.72424200
0.07155200 0.03594400 -0.06902600 0.45543400 0.58158000 -0.67404900 -0.85519000 0.49623400 -0.14966700 0.24744300 0.64460400 0.72336400
0.07134300 0.03601900 -0.06857900 0.46493700 0.57604700 -0.67231100 -0.85029400 0.50208500 -0.15782600 0.24664300 0.64504200 0.72324700
0.07094700 0.03620600 -0.06778000 0.48843500 0.56035500 -0.66890400 -0.83795900 0.51505000 -0.18041000 0.24342600 0.64863300 0.72112300
0.07068200 0.03637500 -0.06714800 0.50658500 0.54605500 -0.66722900 -0.82709000 0.52633600 -0.19720800 0.24350000 0.65176200 0.71827100
0.07064400 0.03647300 -0.06691100 0.51180100 0.54109200 -0.66729100 -0.82355100 0.53014400 -0.20176700 0.24458600 0.65281300 0.71694600
0.07058400 0.03672300 -0.06659300 0.51604900 0.53067600 -0.67236500 -0.81955500 0.53412900 -0.20744900 0.24904100 0.65809400 0.71055500
0.07054400 0.03694700 -0.06644300 0.51518200 0.52436700 -0.67795600 -0.81886700 0.53469600 -0.20869900 0.25306600 0.66267400 0.70485300
0.07050600 0.03704000 -0.06636500 0.51616000 0.52048600 -0.68019900 -0.81627000 0.53944900 -0.20663100 0.25938400 0.66188200 0.70330000
0.07037500 0.03718700 -0.06620400 0.52525500 0.51040300 -0.68087700 -0.80663000 0.55349000 -0.20735500 0.27102400 0.65813100 0.70243000
0.07018400 0.03727800 -0.06612100 0.53478800 0.49829100 -0.68242700 -0.79881900 0.56143300 -0.21605500 0.27547900 0.66068000 0.69829200
0.06990200 0.03721300 -0.06605000 0.54400300 0.48954000 -0.68147600 -0.79100900 0.57015600 -0.22186800 0.27993500 0.65975100 0.69739800
0.06975200 0.03712800 -0.06598800 0.55183900 0.48495600 -0.67844600 -0.78354300 0.58005400 -0.22269900 0.28553600 0.65448700 0.70008100
0.06943300 0.03700100 -0.06579000 0.56590600 0.47617300 -0.67305900 -0.76907600 0.59906000 -0.22281700 0.29710400 0.64372800 0.70522500
0.06902700 0.03687900 -0.06553900 0.57632200 0.47153600 -0.66746200 -0.76053400 0.60836000 -0.22690300 0.29906400 0.63839700 0.70923000
0.06862800 0.03670300 -0.06535000 0.58691400 0.46605300 -0.66206100 -0.75154300 0.61778300 -0.23135700 0.30118600 0.63335500 0.71284400
0.06840100 0.03662900 -0.06524600 0.59451000 0.45889100 -0.66028300 -0.74346200 0.62650800 -0.23398600 0.30629900 0.63000400 0.71363500
0.06800000 0.03645700 -0.06503400 0.60549000 0.45234000 -0.65480400 -0.73643100 0.63039900 -0.24549000 0.30174300 0.63086100 0.71481800
0.06765200 0.03620700 -0.06479300 0.61449700 0.45312900 -0.64580700 -0.73174500 0.63331900 -0.25190200 0.29485800 0.62736000 0.72074800
0.06751400 0.03609200 -0.06466500 0.61873300 0.45357300 -0.64143500 -0.72957400 0.63456800 -0.25503500 0.29135800 0.62577400 0.72354400
0.06733900 0.03586000 -0.06444000 0.63040900 0.44785100 -0.63404400 -0.72068300 0.64116400 -0.26367300 0.28844000 0.62316700 0.72695500
0.06727000 0.03562000 -0.06426700 0.63860400 0.44384700 -0.62863600 -0.71343500 0.64766800 -0.26746300 0.28843500 0.61929400 0.73026000
0.06722900 0.03543300 -0.06408400 0.64265300 0.44597600 -0.62297800 -0.71169300 0.64858900 -0.26985800 0.28370600 0.61679400 0.73421700
0.06722000 0.03534700 -0.06399800 0.64432700 0.44692200 -0.62056600 -0.71096900 0.64899100 -0.27079900 0.28171600 0.61568700 0.73591000
0.06719900 0.03516400 -0.06385500 0.64945700 0.44677400 -0.61530200 -0.70604700 0.65474500 -0.26982500 0.28231500 0.60967300 0.74067300
0.06718700 0.03497500 -0.06381200 0.65625700 0.44884700 -0.60651600 -0.70293700 0.65583700 -0.27523900 0.27423600 0.60697000 0.74590900
0.06716900 0.03491000 -0.06381300 0.66165100 0.44630200 -0.60252000 -0.69789600 0.66036100 -0.27724200 0.27414700 0.60393500 0.74840100
0.06712900 0.03484100 -0.06384300 0.66536400 0.44791600 -0.59721000 -0.69640800 0.66058300 -0.28043700 0.26889500 0.60249600 0.75146000
0.06712100 0.03478400 -0.06389500 0.66479800 0.44833900 -0.59752300 -0.69688600 0.66030600 -0.27990100 0.26905800 0.60248400 0.75141200
0.06710200 0.03476800 -0.06391500 0.66442000 0.44901600 -0.59743500 -0.69734500 0.65999000 -0.27950100 0.26880100 0.60232500 0.75163100
0.06704800 0.03474800 -0.06394600 0.66364700 0.45042000 -0.59723800 -0.69829000 0.65933800 -0.27868100 0.26825800 0.60199100 0.75209200
0.06696700 0.03472600 -0.06397400 0.66320600 0.45120300 -0.59713600 -0.69882000 0.65897400 -0.27821300 0.26796700 0.60180300 0.75234600
0.06685000 0.03469100 -0.06403800 0.66508700 0.44832600 -0.59721100 -0.69567900 0.66268300 -0.27727100 0.27145400 0.59987700 0.75263400
0.06679600 0.03466200 -0.06408300 0.66653400 0.44606400 -0.59729200 -0.69330400 0.66538000 -0.27676300 0.27397200 0.59857700 0.75275700
0.06667700 0.03461000 -0.06416300 0.66893900 0.44234400 -0.59736900 -0.68917900 0.67017500 -0.27549300 0.27847900 0.59598300 0.75316200
0.06659100 0.03455800 -0.06420700 0.67101700 0.43904500 -0.59747300 -0.68566300 0.67408800 -0.27471900 0.28213600 0.59400700 0.75336200
0.06657600 0.03453700 -0.06422500 0.67093500 0.43920400 -0.59744800 -0.68576900 0.67401600 -0.27463000 0.28207100 0.59397100 0.75341400
0.06657500 0.03452300 -0.06424300 0.67076100 0.43953300 -0.59740100 -0.68599900 0.67385200 -0.27445700 0.28192700 0.59391300 0.75351400
0.06660200 0.03448500 -0.06421400 0.67075400 0.43965500 -0.59732000 -0.68598100 0.67395300 -0.27425600 0.28198800 0.59370900 0.75365200
0.06660200 0.03441300 -0.06412900 0.66996900 0.44227800 -0.59626300 -0.68656800 0.67467000 -0.27100200 0.28242300 0.59093900 0.75566300
0.06659000 0.03438500 -0.06408800 0.67125200 0.44238600 -0.59473800 -0.68336000 0.68014900 -0.26535800 0.28712100 0.58454300 0.75886000
0.06659000 0.03431500 -0.06404000 0.67313700 0.44139300 -0.59334400 -0.67932700 0.68613100 -0.26026500 0.29223400 0.57826900 0.76171100
0.06659200 0.03431800 -0.06399900 0.67270200 0.44317900 -0.59250400 -0.67954200 0.68686100 -0.25776500 0.29273300 0.57603100 0.76321300
0.06659200 0.03430700 -0.06398200 0.67437400 0.44156900 -0.59180700 -0.67621200 0.69124200 -0.25479500 0.29657300 0.57201400 0.76475000
0.06664700 0.03427700 -0.06399000 0.67550400 0.44625200 -0.58698600 -0.67533500 0.69400200 -0.24956600 0.29600000 0.56499500 0.77017100
0.06671400 0.03428500 -0.06402000 0.67918900 0.44656400 -0.58247900 -0.67359800 0.69443100 -0.25304300 0.29149100 0.56422100 0.77245500
0.06673600 0.03428200 -0.06401400 0.68197400 0.44900100 -0.57732800 -0.67241700 0.69542600 -0.25345100 0.28769000 0.56105200 0.77617900
0.06683600 0.03422100 -0.06402600 0.68767400 0.44925300 -0.57032800 -0.66942400 0.69642500 -0.25857700 0.28102500 0.55960900 0.77965500
0.06690300 0.03411100 -0.06405900 0.68792300 0.45451000 -0.56584500 -0.66933200 0.69874900 -0.25247400 0.28063200 0.55242200 0.78490400
0.06697200 0.03398100 -0.06410800 0.68772900 0.45563400 -0.56517600 -0.66918400 0.69970900 -0.25019900 0.28146000 0.55027700 0.78611300
0.06700800 0.03389200 -0.06413800 0.68731500 0.45739300 -0.56425900 -0.66939800 0.70042300 -0.24761400 0.28196300 0.54790300 0.78758900
0.06717900 0.03362700 -0.06423200 0.68627200 0.46225300 -0.56156100 -0.66979000 0.70264300 -0.24015200 0.28356600 0.54093900 0.79181700
0.06733100 0.03333500 -0.06433600 0.68737000 0.46681600 -0.55642000 -0.66893600 0.70531500 -0.23463300 0.28292200 0.53349000 0.79708300
0.06739900 0.03316800 -0.06437600 0.68950300 0.46780900 -0.55293600 -0.66744300 0.70685100 -0.23426300 0.28125300 0.53057900 0.79961300
0.06746400 0.03281300 -0.06438700 0.69874300 0.46795700 -0.54108400 -0.66220400 0.70925200 -0.24175700 0.27063400 0.52723400 0.80546800
0.06743100 0.03245800 -0.06420600 0.71002900 0.46915500 -0.52512000 -0.65578100 0.71222000 -0.25038500 0.25653200 0.52214500 0.81336000
0.06735800 0.03209800 -0.06387000 0.72068900 0.46839100 -0.51109200 -0.64846800 0.71616000 -0.25807600 0.24514400 0.51742000 0.81986600
0.06734800 0.03192500 -0.06368500 0.72416500 0.46733100 -0.50713400 -0.64557700 0.71799600 -0.26021200 0.24251500 0.51583100 0.82164600
0.06737800 0.03152600 -0.06331600 0.72795500 0.47179100 -0.49748700 -0.64192700 0.72388800 -0.25281200 0.24085100 0.50338600 0.82981400
0.06753200 0.03099800 -0.06304500 0.71332100 0.50378100 -0.48721200 -0.66060900 0.71546200 -0.22739700 0.23402400 0.48406400 0.84315700
0.06765000 0.03065300 -0.06292700 0.69734900 0.53336100 -0.47877900 -0.68053000 0.70234000 -0.20879400 0.22490400 0.47142700 0.85274500
0.06800900 0.02973000 -0.06273600 0.66699600 0.59166200 -0.45282600 -0.71155400 0.68606200 -0.15168600 0.22092000 0.42338400 0.87860000
0.06836600 0.02866800 -0.06255500 0.63696800 0.64920500 -0.41569600 -0.73762400 0.66997300 -0.08393900 0.22401200 0.36009500 0.90562100
0.06864400 0.02762600 -0.06234200 0.60795500 0.69231700 -0.38869800 -0.76587000 0.64044900 -0.05716700 0.20936400 0.33244700 0.91958900
0.06880000 0.02710600 -0.06224100 0.59469800 0.70831400 -0.38029400 -0.77778400 0.62660000 -0.04921600 0.20343200 0.32505600 0.92355400
0.06901800 0.02622900 -0.06208100 0.57666200 0.72560200 -0.37544800 -0.79341900 0.60696400 -0.04559900 0.19479700 0.32418300 0.92572000
0.06909700 0.02566600 -0.06196100 0.56882100 0.73110600 -0.37673000 -0.80046400 0.59734300 -0.04937200 0.18894100 0.32964300 0.92500600
0.06907500 0.02552100 -0.06189700 0.56060300 0.74049500 -0.37065900 -0.80551200 0.59143700 -0.03673600 0.19201900 0.31916500 0.92804100
0.06901500 0.02562200 -0.06188300 0.55322800 0.75132900 -0.35977900 -0.80900800 0.58754900 -0.01702000 0.19860000 0.30048000 0.93288100
0.06893900 0.02592400 -0.06194800 0.53274500 0.78041400 -0.32731600 -0.81798900 0.57402400 0.03726500 0.21697000 0.24788800 0.94417900
0.06887100 0.02617200 -0.06211700 0.49829800 0.82151400 -0.27715000 -0.83364300 0.54180700 0.10715800 0.23819400 0.17764800 0.95483200
0.06880400 0.02624900 -0.06220900 0.47287100 0.84741600 -0.24140700 -0.84431600 0.51414300 0.15095100 0.25203700 0.13244400 0.95861000
0.06867600 0.02633700 -0.06236100 0.41511800 0.89372500 -0.17009600 -0.86828700 0.44501600 0.21917300 0.27157600 0.05671000 0.96074400
0.06865800 0.02640500 -0.06240500 0.37531100 0.91842200 -0.12506700 -0.88532200 0.39515700 0.24506200 0.27449200 0.01875000 0.96140600
0.06870800 0.02638100 -0.06240200 0.34070900 0.93520300 -0.09649700 -0.89979800 0.35411100 0.25488700 0.27254200 -0.00001400 0.96214300
0.06870300 0.02638900 -0.06237600 0.33023500 0.93971800 -0.08873600 -0.90353000 0.34191000 0.25831800 0.27308600 -0.00513000 0.96197500
0.06863800 0.02648400 -0.06231400 0.31492500 0.94741500 -0.05680200 -0.90484300 0.31776200 0.28334500 0.28649500 -0.03783600 0.95733400
0.06842700 0.02684500 -0.06222400 0.29424200 0.95572200 0.00392300 -0.90305400 0.27667800 0.32854400 0.31291200 -0.10021400 0.94447900
0.06825300 0.02713200 -0.06216200 0.27469400 0.96087000 0.03564400 -0.90511900 0.24589000 0.34683700 0.32450000 -0.12753600 0.93724700
0.06797600 0.02780500 -0.06207200 0.15136800 0.98415000 0.09238700 -0.92158900 0.10671100 0.37320900 0.35743500 -0.14163500 0.92313500
0.06800400 0.02826200 -0.06216300 0.04536400 0.98884900 0.14184100 -0.91763200 -0.01487100 0.39715100 0.39483100 -0.14817400 0.90672600
0.06800800 0.02835900 -0.06219000 -0.00027000 0.98681700 0.16183700 -0.91232300 -0.06651000 0.40403100 0.40946800 -0.14753900 0.90031400
0.06801200 0.02844900 -0.06220900 -0.09530800 0.97924000 0.17890000 -0.90020700 -0.16149800 0.40440800 0.42490400 -0.12250400 0.89691000
0.06799900 0.02826100 -0.06222400 -0.14430100 0.97174800 0.18676800 -0.88868400 -0.21027900 0.40745900 0.43522100 -0.10718200 0.89392000
0.06796500 0.02807400 -0.06223400 -0.15038500 0.96888500 0.19658200 -0.88380800 -0.22086000 0.41243400 0.44301800 -0.11171700 0.88952400
