0.08767300 0.03883700 -0.02118000 0.79259800 -0.18633600 -0.58057400 0.38860600 0.88809900 0.24548800 0.46986500 -0.42018800 0.77631700
0.08767300 0.03883700 -0.02118000 0.79259800 -0.18633600 -0.58057400 0.38860600 0.88809900 0.24548800 0.46986500 -0.42018800 0.77631700
0.08767300 0.03883700 -0.02118000 0.79259800 -0.18633600 -0.58057400 0.38860600 0.88809900 0.24548800 0.46986500 -0.42018800 0.77631700
0.08767300 0.03883700 -0.02118000 0.79259800 -0.18633600 -0.58057400 0.38860600 0.88809900 0.24548800 0.46986500 -0.42018800 0.77631700
0.08767300 0.03883700 -0.02118000 0.79259800 -0.18633600 -0.58057400 0.38860600 0.88809900 0.24548800 0.46986500 -0.42018800 0.77631700
0.08767300 0.03883700 -0.02118000 0.79259800 -0.18633600 -0.58057400 0.38860600 0.88809900 0.24548800 0.46986500 -0.42018800 0.77631700
0.08767300 0.03883700 -0.02118000 0.79259800 -0.18633600 -0.58057400 0.38860600 0.88809900 0.24548800 0.46986500 -0.42018800 0.77631700
0.08767300 0.03883700 -0.02118000 0.79259800 -0.18633600 -0.58057400 0.38860600 0.88809900 0.24548800 0.46986500 -0.42018800 0.77631700
0.08767300 0.03883700 -0.02118000 0.79259800 -0.18633600 -0.58057400 0.38860600 0.88809900 0.24548800 0.46986500 -0.42018800 0.77631700
0.08767300 0.03883700 -0.02118000 0.79259800 -0.18633600 -0.58057400 0.38860600 0.88809900 0.24548800 0.46986500 -0.42018800 0.77631700
0.08767300 0.03883700 -0.02118000 0.79259800 -0.18633600 -0.58057400 0.38860600 0.88809900 0.24548800 0.46986500 -0.42018800 0.77631700
0.08767300 0.03883700 -0.02118000 0.79259800 -0.18633600 -0.58057400 0.38860600 0.88809900 0.24548800 0.46986500 -0.42018800 0.77631700
0.08767300 0.03883700 -0.02118000 0.79259800 -0.18633600 -0.58057400 0.38860600 0.88809900 0.24548800 0.46986500 -0.42018800 0.77631700
0.08767300 0.03883700 -0.02118000 0.79259800 -0.18633600 -0.58057400 0.38860600 0.88809900 0.24548800 0.46986500 -0.42018800 0.77631700
0.08767300 0.03883700 -0.02118000 0.79259800 -0.18633600 -0.58057400 0.38860600 0.88809900 0.24548800 0.46986500 -0.42018800 0.77631700
0.08767300 0.03883700 -0.02118000 0.79259800 -0.18633600 -0.58057400 0.38860600 0.88809900 0.24548800 0.46986500 -0.42018800 0.77631700
0.08767300 0.03883700 -0.02118000 0.79259800 -0.18633600 -0.58057400 0.38860600 0.88809900 0.24548800 0.46986500 -0.42018800 0.77631700
0.08767300 0.03883700 -0.02118000 0.79259800 -0.18633600 -0.58057400 0.38860600 0.88809900 0.24548800 0.46986500 -0.42018800 0.77631700
0.08767300 0.03883700 -0.02118000 0.79259800 -0.18633600 -0.58057400 0.38860600 0.88809900 0.24548800 0.46986500 -0.42018800 0.77631700
0.08767300 0.03883700 -0.02118000 0.79259800 -0.18633600 -0.58057400 0.38860600 0.88809900 0.24548800 0.46986500 -0.42018800 0.77631700
0.08767300 0.03883700 -0.02118000 0.79259800 -0.18633600 -0.58057400 0.38860600 0.88809900 0.24548800 0.46986500 -0.42018800 0.77631700
0.08767300 0.03883700 -0.02118000 0.79259800 -0.18633600 -0.58057400 0.38860600 0.88809900 0.24548800 0.46986500 -0.42018800 0.77631700
0.08767300 0.03883700 -0.02118000 0.79259800 -0.18633600 -0.58057400 0.38860600 0.88809900 0.24548800 0.46986500 -0.42018800 0.77631700
0.08767300 0.03883700 -0.02118000 0.79259800 -0.18633600 -0.58057400 0.38860600 0.88809900 0.24548800 0.46986500 -0.42018800 0.77631700
0.08767300 0.03883700 -0.02118000 0.79259800 -0.18633600 -0.58057400 0.38860600 0.88809900 0.24548800 0.46986500 -0.42018800 0.77631700
0.08767300 0.03883700 -0.02118000 0.79259800 -0.18633600 -0.58057400 0.38860600 0.88809900 0.24548800 0.46986500 -0.42018800 0.77631700
0.08767300 0.03883700 -0.02118000 0.79259800 -0.18633600 -0.58057400 0.38860600 0.88809900 0.24548800 0.46986500 -0.42018800 0.77631700
0.08767300 0.03883700 -0.02118000 0.79259800 -0.18633600 -0.58057400 0.38860600 0.88809900 0.24548800 0.46986500 -0.42018800 0.77631700
0.08767300 0.03883700 -0.02118000 0.79259800 -0.18633600 -0.58057400 0.38860600 0.88809900 0.24548800 0.46986500 -0.42018800 0.77631700
0.08767300 0.03883700 -0.02118000 0.79259800 -0.18633600 -0.58057400 0.38860600 0.88809900 0.24548800 0.46986500 -0.42018800 0.77631700
0.08767300 0.03883700 -0.02118000 0.79259800 -0.18633600 -0.58057400 0.38860600 0.88809900 0.24548800 0.46986500 -0.42018800 0.77631700
0.08767300 0.03883700 -0.02118000 0.79259800 -0.18633600 -0.58057400 0.38860600 0.88809900 0.24548800 0.46986500 -0.42018800 0.77631700
0.08767300 0.03883700 -0.02118000 0.79259800 -0.18633600 -0.58057400 0.38860600 0.88809900 0.24548800 0.46986500 -0.42018800 0.77631700
0.08767300 0.03883700 -0.02118000 0.79259800 -0.18633600 -0.58057400 0.38860600 0.88809900 0.24548800 0.46986500 -0.42018800 0.77631700
0.08767300 0.03883700 -0.02118000 0.79259800 -0.18633600 -0.58057400 0.38860600 0.88809900 0.24548800 0.46986500 -0.42018800 0.77631700
0.08767300 0.03883700 -0.02118000 0.79259800 -0.18633600 -0.58057400 0.38860600 0.88809900 0.24548800 0.46986500 -0.42018800 0.77631700
0.08767300 0.03883700 -0.02118000 0.79259800 -0.18633600 -0.58057400 0.38860600 0.88809900 0.24548800 0.46986500 -0.42018800 0.77631700
0.08767300 0.03883700 -0.02118000 0.79259800 -0.18633600 -0.58057400 0.38860600 0.88809900 0.24548800 0.46986500 -0.42018800 0.77631700
0.08767300 0.03883700 -0.02118000 0.79259800 -0.18633600 -0.58057400 0.38860600 0.88809900 0.24548800 0.46986500 -0.42018800 0.77631700
0.08767300 0.03883700 -0.02118000 0.79259800 -0.18633600 -0.58057400 0.38860600 0.88809900 0.24548800 0.46986500 -0.42018800 0.77631700
0.08767300 0.03883700 -0.02118000 0.79259800 -0.18633600 -0.58057400 0.38860600 0.88809900 0.24548800 0.46986500 -0.42018800 0.77631700
0.08767300 0.03883700 -0.02118000 0.79259800 -0.18633600 -0.58057400 0.38860600 0.88809900 0.24548800 0.46986500 -0.42018800 0.77631700
0.08767300 0.03883700 -0.02118000 0.79259800 -0.18633600 -0.58057400 0.38860600 0.88809900 0.24548800 0.46986500 -0.42018800 0.77631700
0.08767300 0.03883700 -0.02118000 0.79259800 -0.18633600 -0.58057400 0.38860600 0.88809900 0.24548800 0.46986500 -0.42018800 0.77631700
0.08767300 0.03883700 -0.02118000 0.79259800 -0.18633600 -0.58057400 0.38860600 0.88809900 0.24548800 0.46986500 -0.42018800 0.77631700
0.08767800 0.03885400 -0.02118200 0.79253900 -0.18634500 -0.58065100 0.38856200 0.88816500 0.24531900 0.47000000 -0.42004400 0.77631300
0.08767500 0.03901700 -0.02133600 0.79428000 -0.16949800 -0.58342800 0.36863000 0.89778400 0.24102700 0.48293900 -0.40651200 0.77557500
0.08767200 0.03914800 -0.02145600 0.79588400 -0.16042700 -0.58380600 0.35786800 0.90243300 0.23988500 0.48836200 -0.39984600 0.77564400
0.08775800 0.03936700 -0.02167200 0.79544800 -0.15281600 -0.58643700 0.34797100 0.90743700 0.23552700 0.49616300 -0.39141300 0.77499500
0.08786800 0.03944700 -0.02184100 0.79670200 -0.14406100 -0.58695000 0.33743100 0.91174100 0.23423700 0.50140200 -0.38467300 0.77499700
0.08793100 0.03940300 -0.02195000 0.80261300 -0.11471600 -0.58536400 0.30392400 0.92304600 0.23582900 0.51326500 -0.36718600 0.77571400
0.08793600 0.03936600 -0.02195300 0.80551700 -0.10394500 -0.58338400 0.29209400 0.92623000 0.23828100 0.51558100 -0.36234300 0.77645500
0.08791200 0.03931200 -0.02186500 0.81192100 -0.09498500 -0.57598600 0.28417800 0.92618200 0.24784700 0.50992700 -0.36491500 0.77898000
0.08792500 0.03925800 -0.02180300 0.81492800 -0.09271300 -0.57209700 0.28280300 0.92523700 0.25289900 0.50587900 -0.36788500 0.78022100
0.08792500 0.03925300 -0.02178800 0.81492600 -0.09272800 -0.57209700 0.28285700 0.92520400 0.25295700 0.50585100 -0.36796300 0.78020300
0.08787000 0.03930300 -0.02174600 0.81625300 -0.09187500 -0.57034000 0.28236100 0.92475700 0.25513900 0.50398600 -0.36930000 0.78077800
0.08780900 0.03936000 -0.02171200 0.81748000 -0.09111600 -0.56870200 0.28191600 0.92433700 0.25714400 0.50224300 -0.37053700 0.78131500
0.08780300 0.03934400 -0.02171800 0.81739700 -0.09124100 -0.56880200 0.28206100 0.92431400 0.25706700 0.50229700 -0.37056300 0.78126800
0.08780400 0.03927100 -0.02177600 0.81738700 -0.09126200 -0.56881300 0.28208300 0.92431000 0.25705600 0.50230100 -0.37056700 0.78126300
0.08777100 0.03915400 -0.02188200 0.81737400 -0.09128700 -0.56882800 0.28208300 0.92432600 0.25700000 0.50232200 -0.37052200 0.78127100
0.08767100 0.03897700 -0.02201500 0.81748000 -0.09114900 -0.56869800 0.28194500 0.92433000 0.25713600 0.50222700 -0.37054600 0.78132100
0.08762700 0.03885000 -0.02210900 0.81745600 -0.09119100 -0.56872500 0.28200200 0.92431600 0.25712600 0.50223500 -0.37057100 0.78130400
0.08759100 0.03851200 -0.02240800 0.81732400 -0.09138300 -0.56888500 0.28215300 0.92433400 0.25689300 0.50236500 -0.37047800 0.78126400
0.08761000 0.03804600 -0.02282800 0.81683100 -0.09613400 -0.56880900 0.28748300 0.92269100 0.25689400 0.50013900 -0.37336200 0.78131900
0.08762500 0.03777200 -0.02307900 0.81682000 -0.09613900 -0.56882400 0.28743900 0.92272900 0.25680300 0.50018200 -0.37326400 0.78133800
0.08759500 0.03722500 -0.02363100 0.81629400 -0.10487700 -0.56803400 0.29721500 0.91947400 0.25735000 0.49530300 -0.37890100 0.78173300
0.08750100 0.03678000 -0.02419600 0.82245300 -0.10423100 -0.55920100 0.29775700 0.91651400 0.26709800 0.48467600 -0.38618200 0.78482600
0.08743300 0.03653000 -0.02478200 0.82663900 -0.11130800 -0.55161300 0.30825300 0.90965900 0.27838600 0.47079400 -0.40016200 0.78627100
0.08742300 0.03647800 -0.02509600 0.82569400 -0.12041800 -0.55111400 0.31781700 0.90644900 0.27810300 0.46606900 -0.40478200 0.78672100
0.08740200 0.03650000 -0.02583500 0.81925200 -0.14803700 -0.55399500 0.35115600 0.89328300 0.28059300 0.45333700 -0.42441600 0.78380800
0.08736400 0.03672100 -0.02667600 0.81344500 -0.16292700 -0.55835600 0.37129900 0.88437500 0.28287200 0.44770900 -0.43741800 0.77988500
0.08735800 0.03690400 -0.02713600 0.81127000 -0.16461500 -0.56101800 0.37528300 0.88240400 0.28376800 0.44833200 -0.44075400 0.77764500
0.08739000 0.03735600 -0.02810100 0.80474900 -0.17756000 -0.56643600 0.39350500 0.87399900 0.28509100 0.44444400 -0.45232200 0.77322200
0.08745300 0.03783600 -0.02911700 0.80030600 -0.18073700 -0.57170100 0.40105600 0.87015200 0.28633700 0.44571600 -0.45844200 0.76887400
0.08748500 0.03834300 -0.03012300 0.79613800 -0.18205700 -0.57707800 0.40764700 0.86615400 0.28913500 0.44720000 -0.46543500 0.76379300
0.08748000 0.03862400 -0.03061600 0.79290700 -0.18709100 -0.57990800 0.41598100 0.86162600 0.29079100 0.44526000 -0.47180200 0.76101600
0.08742200 0.03929400 -0.03151800 0.78631600 -0.20346600 -0.58335800 0.43967300 0.84763100 0.29700000 0.43404300 -0.49002300 0.75596400
0.08738400 0.04017500 -0.03231900 0.77429900 -0.22824200 -0.59022400 0.47460200 0.82638400 0.30305100 0.41858400 -0.51477500 0.74819300
0.08737700 0.04067100 -0.03270900 0.76749300 -0.24078200 -0.59411900 0.49269600 0.81448000 0.30638400 0.41012700 -0.52786800 0.74374100
0.08739600 0.04162400 -0.03346000 0.75930100 -0.24254800 -0.60384700 0.50724800 0.80187500 0.31574400 0.40762700 -0.54604500 0.73189700
0.08740300 0.04246100 -0.03419600 0.75234000 -0.24296200 -0.61233400 0.52030600 0.78926100 0.32610800 0.40406000 -0.56394600 0.72020800
0.08740900 0.04322400 -0.03489400 0.74557700 -0.24250600 -0.62072900 0.53318600 0.77583900 0.33732100 0.39978400 -0.58246300 0.70774900
0.08741400 0.04357400 -0.03521200 0.74246100 -0.24339900 -0.62410500 0.53973500 0.76918500 0.34211100 0.39678300 -0.59085600 0.70246100
0.08739100 0.04416800 -0.03575800 0.73639500 -0.24653200 -0.63003300 0.55322200 0.75547700 0.35099800 0.38944300 -0.60702100 0.69271700
0.08737700 0.04456200 -0.03614500 0.73238200 -0.24594600 -0.63492100 0.55991900 0.74813500 0.35606500 0.38743500 -0.61628100 0.68563200
0.08737400 0.04467100 -0.03626700 0.73169600 -0.24234800 -0.63709300 0.55939400 0.74756200 0.35808800 0.38948500 -0.61839800 0.68255700
0.08734700 0.04471400 -0.03631600 0.73108900 -0.24224900 -0.63782600 0.55965700 0.74762900 0.35753800 0.39024400 -0.61835700 0.68216100
0.08735000 0.04463900 -0.03621200 0.73003400 -0.24287700 -0.63879600 0.56092800 0.74690400 0.35706200 0.39039700 -0.61898600 0.68150200
0.08735900 0.04459200 -0.03611100 0.72876600 -0.24356700 -0.63997900 0.56233500 0.74617900 0.35636400 0.39074000 -0.61958900 0.68075700
0.08735900 0.04458700 -0.03608800 0.72805300 -0.24394300 -0.64064800 0.56303800 0.74590200 0.35583300 0.39105800 -0.61977500 0.68040500
0.08737000 0.04458900 -0.03608600 0.72698100 -0.24450100 -0.64165200 0.56402800 0.74558500 0.35492900 0.39162600 -0.61993600 0.67993200
0.08737500 0.04458900 -0.03609400 0.72625000 -0.24487900 -0.64233500 0.56468900 0.74538600 0.35429500 0.39202800 -0.62002700 0.67961700
0.08737500 0.04459200 -0.03609100 0.72603000 -0.24499300 -0.64254000 0.56489200 0.74532000 0.35411000 0.39214400 -0.62006000 0.67952000
0.08738100 0.04459500 -0.03607500 0.72526000 -0.24538900 -0.64325800 0.56561600 0.74506300 0.35349500 0.39252400 -0.62021300 0.67916100
0.08737700 0.04459900 -0.03605700 0.72443600 -0.24580800 -0.64402600 0.56638600 0.74479100 0.35283400 0.39293600 -0.62037300 0.67877600
0.08737800 0.04458800 -0.03602600 0.72393300 -0.24606900 -0.64449200 0.56690600 0.74454700 0.35251400 0.39311200 -0.62056300 0.67850100
0.08737900 0.04458400 -0.03600900 0.72361600 -0.24623200 -0.64478600 0.56722600 0.74440600 0.35229800 0.39323600 -0.62066800 0.67833300
0.08738000 0.04458000 -0.03597100 0.72308300 -0.24650600 -0.64527800 0.56777100 0.74415300 0.35195200 0.39342800 -0.62086200 0.67804400
0.08738700 0.04458700 -0.03593800 0.72270000 -0.24670300 -0.64563200 0.56816000 0.74397700 0.35169800 0.39357100 -0.62099400 0.67784000
0.08738800 0.04458600 -0.03592500 0.72248800 -0.24681200 -0.64582700 0.56837200 0.74388300 0.35155400 0.39365300 -0.62106400 0.67772800
0.08738800 0.04457300 -0.03591000 0.72221200 -0.24695400 -0.64608200 0.56866300 0.74373800 0.35138900 0.39373900 -0.62118100 0.67757000
0.08738800 0.04456500 -0.03591000 0.72203300 -0.24704400 -0.64624700 0.56883500 0.74367000 0.35125500 0.39382000 -0.62122600 0.67748200
0.08738800 0.04456100 -0.03590700 0.72173600 -0.24719300 -0.64652200 0.56911200 0.74356800 0.35102200 0.39396300 -0.62128900 0.67734100
0.08739300 0.04456100 -0.03590700 0.72151400 -0.24730600 -0.64672700 0.56931200 0.74350400 0.35083300 0.39408200 -0.62132100 0.67724300
0.08739900 0.04456000 -0.03590700 0.72118800 -0.24747000 -0.64702800 0.56960400 0.74341100 0.35055800 0.39425500 -0.62136800 0.67709900
0.08739900 0.04456000 -0.03590700 0.72088000 -0.24762400 -0.64731200 0.56988100 0.74332200 0.35029600 0.39442000 -0.62141300 0.67696200
0.08739900 0.04456000 -0.03590700 0.72077700 -0.24767500 -0.64740800 0.56997300 0.74329200 0.35020900 0.39447500 -0.62142800 0.67691600
0.08739900 0.04456000 -0.03590700 0.72046800 -0.24782900 -0.64769200 0.57024900 0.74320300 0.34994800 0.39464000 -0.62147300 0.67677900
0.08739300 0.04455600 -0.03590400 0.72029000 -0.24791700 -0.64785600 0.57041800 0.74313600 0.34981600 0.39472000 -0.62151800 0.67669000
0.08739300 0.04455200 -0.03590100 0.72152400 -0.24377600 -0.64805500 0.56619600 0.74646300 0.34959000 0.39852800 -0.61916400 0.67661600
0.08739900 0.04454400 -0.03589400 0.72261200 -0.23972400 -0.64835400 0.56210300 0.74969000 0.34929000 0.40233200 -0.61684300 0.67648500
0.08739900 0.04453300 -0.03589100 0.72235200 -0.23983700 -0.64860200 0.56234000 0.74960300 0.34909500 0.40246900 -0.61690500 0.67634800
0.08740400 0.04452800 -0.03588800 0.72331400 -0.23580900 -0.64900600 0.55828700 0.75281800 0.34868000 0.40636300 -0.61453800 0.67617400
0.08741000 0.04452900 -0.03588800 0.72317900 -0.23588400 -0.64913000 0.55841400 0.75277800 0.34856500 0.40643000 -0.61455800 0.67611500
0.08742600 0.04452700 -0.03588300 0.72418700 -0.23182100 -0.64947000 0.55428400 0.75598900 0.34820800 0.41027100 -0.61215800 0.67597200
0.08744200 0.04452700 -0.03588400 0.72392900 -0.23196700 -0.64970500 0.55452500 0.75591300 0.34798800 0.41039900 -0.61219700 0.67586000
0.08745800 0.04452700 -0.03588400 0.72490400 -0.22790600 -0.65005600 0.55037500 0.75911700 0.34760300 0.41424800 -0.60975300 0.67572100
0.08746300 0.04452900 -0.03588200 0.72487100 -0.22792800 -0.65008400 0.55040800 0.75910500 0.34757500 0.41426100 -0.60975900 0.67570700
0.08746900 0.04453300 -0.03587900 0.72594200 -0.22379600 -0.65032500 0.54612900 0.76231800 0.34729400 0.41803200 -0.60727700 0.67562000
0.08746900 0.04454000 -0.03587300 0.72570700 -0.22393000 -0.65054100 0.54635000 0.76225000 0.34709400 0.41815000 -0.60731200 0.67551500
0.08746900 0.04454400 -0.03586900 0.72557500 -0.22400400 -0.65066200 0.54647300 0.76221300 0.34698100 0.41821900 -0.60733100 0.67545600
0.08746500 0.04455600 -0.03585800 0.72662800 -0.21986300 -0.65090000 0.54216900 0.76540700 0.34670400 0.42197600 -0.60482300 0.67536900
0.08746600 0.04457700 -0.03584000 0.72632000 -0.22003900 -0.65118400 0.54245700 0.76532200 0.34644100 0.42213600 -0.60486700 0.67523100
0.08746700 0.04458900 -0.03582900 0.72607200 -0.22017600 -0.65141400 0.54268500 0.76525600 0.34622800 0.42226800 -0.60490000 0.67511800
0.08746800 0.04460600 -0.03580700 0.72579100 -0.22033500 -0.65167300 0.54295700 0.76516500 0.34600400 0.42240100 -0.60495800 0.67498300
0.08747400 0.04461100 -0.03579600 0.72543700 -0.22053300 -0.65200100 0.54329600 0.76505500 0.34571500 0.42257600 -0.60502400 0.67481400
0.08746800 0.04460100 -0.03579800 0.72518900 -0.22067000 -0.65223000 0.54353400 0.76497400 0.34551900 0.42269400 -0.60507700 0.67469300
0.08746800 0.04460000 -0.03579900 0.72508700 -0.22072600 -0.65232400 0.54362700 0.76494800 0.34543200 0.42274900 -0.60509000 0.67464700
0.08746900 0.04460700 -0.03579300 0.72485400 -0.22085400 -0.65253900 0.54384000 0.76488700 0.34523100 0.42287400 -0.60512000 0.67454100
0.08746400 0.04461300 -0.03578700 0.72453600 -0.22102600 -0.65283400 0.54412900 0.76480500 0.34495700 0.42304700 -0.60516100 0.67439600
0.08746400 0.04461300 -0.03578700 0.72443500 -0.22108100 -0.65292800 0.54422200 0.76477800 0.34486900 0.42310200 -0.60517400 0.67435000
0.08745800 0.04461300 -0.03578700 0.72414700 -0.22123700 -0.65319500 0.54448300 0.76470400 0.34462100 0.42325900 -0.60521000 0.67421900
0.08745800 0.04461000 -0.03579000 0.72385600 -0.22139500 -0.65346300 0.54474700 0.76462900 0.34437000 0.42341600 -0.60524700 0.67408700
0.08745800 0.04461400 -0.03579300 0.72353900 -0.22156600 -0.65375600 0.54502300 0.76456300 0.34407900 0.42360200 -0.60526800 0.67395100
0.08745300 0.04461100 -0.03579600 0.72346900 -0.22160300 -0.65382100 0.54508600 0.76454500 0.34401900 0.42364100 -0.60527700 0.67391800
0.08745300 0.04461000 -0.03579000 0.72316000 -0.22177200 -0.65410600 0.54537800 0.76445000 0.34377000 0.42379300 -0.60533600 0.67377000
0.08744700 0.04461400 -0.03579200 0.72286000 -0.22193300 -0.65438300 0.54563800 0.76438800 0.34349400 0.42397100 -0.60535500 0.67364100
0.08744700 0.04461000 -0.03578900 0.72277000 -0.22198300 -0.65446600 0.54573100 0.76434900 0.34343300 0.42400500 -0.60538600 0.67359200
0.08744200 0.04461800 -0.03578900 0.72245400 -0.22215200 -0.65475700 0.54600500 0.76428400 0.34314400 0.42419000 -0.60540700 0.67345600
0.08744800 0.04462300 -0.03577800 0.72220100 -0.22229100 -0.65498900 0.54624600 0.76420200 0.34294200 0.42431100 -0.60545800 0.67333300
0.08745000 0.04464900 -0.03575500 0.72198000 -0.22241100 -0.65519100 0.54644500 0.76414500 0.34275200 0.42443000 -0.60548700 0.67323300
0.08745100 0.04466500 -0.03574100 0.72180400 -0.22250600 -0.65535300 0.54660400 0.76409900 0.34260000 0.42452500 -0.60550900 0.67315300
0.08745300 0.04470700 -0.03570400 0.72161200 -0.22261000 -0.65552900 0.54677700 0.76405000 0.34243400 0.42462800 -0.60553300 0.67306600
0.08745600 0.04475200 -0.03566400 0.72131800 -0.22276900 -0.65579900 0.54704200 0.76397400 0.34218000 0.42478700 -0.60557100 0.67293300
0.08745700 0.04477900 -0.03564000 0.72118500 -0.22284100 -0.65592200 0.54716200 0.76393900 0.34206500 0.42485900 -0.60558800 0.67287200
0.08746100 0.04484200 -0.03558400 0.72090300 -0.22299300 -0.65617900 0.54741500 0.76386700 0.34182200 0.42501000 -0.60562400 0.67274400
0.08746400 0.04488300 -0.03554100 0.72072200 -0.22309200 -0.65634400 0.54759000 0.76380400 0.34168300 0.42509200 -0.60566700 0.67265300
0.08746400 0.04488500 -0.03553200 0.72071900 -0.22309400 -0.65634700 0.54760400 0.76378700 0.34169800 0.42507900 -0.60568700 0.67264300
0.08746800 0.04485800 -0.03555600 0.72264700 -0.22260400 -0.65439000 0.54657500 0.76356000 0.34384500 0.42312600 -0.60615300 0.67345500
0.08747400 0.04478600 -0.03562000 0.72681600 -0.22142900 -0.65015800 0.54417100 0.76321200 0.34840100 0.41906300 -0.60702100 0.67521100
0.08746200 0.04467700 -0.03572300 0.73043000 -0.21638600 -0.64780200 0.53815200 0.76637300 0.35080300 0.42055000 -0.60485300 0.67623100
0.08745800 0.04460100 -0.03579100 0.73056200 -0.21631200 -0.64767800 0.53802900 0.76640700 0.35091600 0.42047800 -0.60483600 0.67629100
0.08745100 0.04441300 -0.03597100 0.73191400 -0.21195400 -0.64759100 0.53336300 0.76966800 0.35090300 0.42405600 -0.60223300 0.67638000
0.08744800 0.04417700 -0.03619700 0.73384900 -0.21143300 -0.64557000 0.53226000 0.76945600 0.35303600 0.42209500 -0.60268700 0.67720200
0.08744400 0.04404300 -0.03633700 0.73521900 -0.20701800 -0.64544200 0.52750700 0.77272200 0.35303800 0.42566200 -0.60003600 0.67732300
0.08742500 0.04373700 -0.03664700 0.73915800 -0.19372900 -0.64506800 0.51320000 0.78225800 0.35312400 0.43620000 -0.59206400 0.67763500
0.08739900 0.04343100 -0.03696600 0.74667800 -0.17914400 -0.64060800 0.49651300 0.79097800 0.35753000 0.44265800 -0.58503000 0.67955300
0.08738000 0.04313000 -0.03726800 0.75416600 -0.15603000 -0.63787700 0.47106200 0.80531500 0.35995300 0.45752900 -0.57194400 0.68084100
0.08737200 0.04299400 -0.03740600 0.75687700 -0.14367200 -0.63756900 0.45761800 0.81298700 0.36005100 0.46660600 -0.56427700 0.68107800
0.08736100 0.04274600 -0.03766200 0.76171300 -0.11544500 -0.63754500 0.42680700 0.82973600 0.35968500 0.48747100 -0.54608600 0.68129400
0.08733500 0.04248600 -0.03790200 0.76526700 -0.08441400 -0.63815300 0.39262200 0.84681700 0.35881400 0.51011000 -0.52514200 0.68118400
0.08731300 0.04223100 -0.03815300 0.76741200 -0.05747300 -0.63857200 0.36245000 0.86044600 0.35813500 0.52887400 -0.50628800 0.68114800
0.08729900 0.04210300 -0.03828600 0.76821600 -0.04394600 -0.63867900 0.34711900 0.86685100 0.35787700 0.53791300 -0.49662500 0.68118400
0.08725000 0.04184400 -0.03854900 0.76901300 -0.01699100 -0.63900600 0.31630400 0.87880300 0.35729000 0.55549000 -0.47688100 0.68118500
0.08718000 0.04160300 -0.03879600 0.76435200 -0.00167900 -0.64479500 0.29797700 0.88773100 0.35091500 0.57181600 -0.46035700 0.67904000
0.08713600 0.04149000 -0.03890200 0.76315300 0.00229500 -0.64621200 0.29307800 0.89000600 0.34927500 0.57593500 -0.45594100 0.67853800
0.08705200 0.04127200 -0.03910000 0.75738100 0.01265000 -0.65284900 0.27967600 0.89717600 0.34184000 0.59004600 -0.44149000 0.67596700
0.08696900 0.04108800 -0.03928000 0.75143800 0.01821400 -0.65955100 0.27150800 0.90252600 0.33425800 0.60135100 -0.43024800 0.67324700
0.08693200 0.04101600 -0.03934800 0.74998500 0.02190600 -0.66109000 0.26664000 0.90463500 0.33247000 0.60533000 -0.42562100 0.67262200
0.08687800 0.04091800 -0.03941900 0.75005500 0.02653200 -0.66084200 0.26111000 0.90614800 0.33274100 0.60764900 -0.42212600 0.67273300
0.08685600 0.04089800 -0.03941600 0.74962000 0.02601600 -0.66135500 0.26172700 0.90613100 0.33230100 0.60792000 -0.42219400 0.67244500
0.08684800 0.04092700 -0.03936000 0.74897400 0.02527500 -0.66211500 0.26260100 0.90612100 0.33163800 0.60833900 -0.42226100 0.67202400
0.08684500 0.04094700 -0.03932000 0.74867700 0.02493300 -0.66246500 0.26302100 0.90610400 0.33135300 0.60852500 -0.42231800 0.67182100
0.08683300 0.04099300 -0.03924700 0.74814200 0.02432800 -0.66309200 0.26374500 0.90608900 0.33081800 0.60886900 -0.42238600 0.67146700
0.08679800 0.04103600 -0.03918300 0.74774800 0.02389300 -0.66355100 0.26427100 0.90607700 0.33043000 0.60912400 -0.42243600 0.67120400
0.08677300 0.04105000 -0.03915500 0.74759200 0.02372300 -0.66373300 0.26449100 0.90606300 0.33029200 0.60922000 -0.42247500 0.67109100
0.08669400 0.04106400 -0.03909800 0.74731700 0.02342900 -0.66405300 0.26491400 0.90601100 0.33009600 0.60937400 -0.42260400 0.67087000
0.08661400 0.04105100 -0.03904400 0.74703600 0.02312600 -0.66438000 0.26539400 0.90592600 0.32994400 0.60951000 -0.42280300 0.67062200
0.08654500 0.04102800 -0.03900800 0.74669800 0.02276100 -0.66477200 0.26592300 0.90585600 0.32971000 0.60969300 -0.42297200 0.67034900
0.08652300 0.04101100 -0.03899500 0.74654900 0.02259700 -0.66494500 0.26616500 0.90582000 0.32961200 0.60977000 -0.42305700 0.67022500
0.08650700 0.04098600 -0.03896900 0.74624500 0.02225700 -0.66529800 0.26664500 0.90576000 0.32938900 0.60993200 -0.42320400 0.66998500
0.08651800 0.04097900 -0.03895400 0.74598800 0.02196600 -0.66559600 0.26700700 0.90574200 0.32914700 0.61008900 -0.42325800 0.66980700
0.08651900 0.04098900 -0.03894500 0.74587400 0.02184000 -0.66572800 0.26714300 0.90574800 0.32901800 0.61016800 -0.42325100 0.66974000
0.08652600 0.04100600 -0.03891400 0.74655800 0.01959100 -0.66503000 0.26751500 0.90636500 0.32701100 0.60916700 -0.42203900 0.67141400
0.08653400 0.04100500 -0.03887300 0.74658900 0.01931000 -0.66500400 0.26779100 0.90630200 0.32696100 0.60900900 -0.42218800 0.67146400
0.08655100 0.04098900 -0.03883900 0.74648200 0.01920600 -0.66512700 0.26802800 0.90622500 0.32698000 0.60903500 -0.42235800 0.67133300
0.08655200 0.04097900 -0.03882000 0.74641700 0.01913100 -0.66520200 0.26817100 0.90618500 0.32697400 0.60905200 -0.42244800 0.67126200
0.08655800 0.04097100 -0.03879900 0.74624900 0.01894100 -0.66539700 0.26843800 0.90615000 0.32685100 0.60914100 -0.42253000 0.67112900
0.08655800 0.04096800 -0.03879600 0.74602000 0.01868900 -0.66566000 0.26872700 0.90615100 0.32661000 0.60929400 -0.42253800 0.67098500
0.08656300 0.04096700 -0.03879700 0.74592800 0.01858700 -0.66576600 0.26883700 0.90615700 0.32650500 0.60935800 -0.42253200 0.67093100
0.08655800 0.04096800 -0.03880200 0.74570500 0.01834500 -0.66602300 0.26908400 0.90618000 0.32623700 0.60952200 -0.42249300 0.67080700
0.08655800 0.04097100 -0.03880000 0.74545500 0.01807100 -0.66631000 0.26938100 0.90619300 0.32595600 0.60969600 -0.42247700 0.67065800
0.08655800 0.04097100 -0.03880000 0.74537500 0.01798400 -0.66640100 0.26947500 0.90619700 0.32586600 0.60975200 -0.42247200 0.67061100
0.08655200 0.04097100 -0.03879900 0.74515000 0.01773800 -0.66666000 0.26974200 0.90620900 0.32561300 0.60991000 -0.42245700 0.67047700
0.08654700 0.04097100 -0.03879900 0.74492400 0.01749200 -0.66691900 0.27000900 0.90622000 0.32535900 0.61006700 -0.42244300 0.67034300
0.08654200 0.04097200 -0.03879900 0.74469800 0.01724600 -0.66717800 0.27027600 0.90623200 0.32510500 0.61022500 -0.42242800 0.67020800
0.08654200 0.04097200 -0.03879900 0.74461800 0.01715900 -0.66726900 0.27037100 0.90623600 0.32501600 0.61028000 -0.42242300 0.67016100
0.08654100 0.04096800 -0.03880200 0.74439100 0.01691100 -0.66752900 0.27063900 0.90624700 0.32476000 0.61043900 -0.42240800 0.67002600
0.08654700 0.04096500 -0.03880600 0.74415100 0.01664700 -0.66780300 0.27092300 0.90625900 0.32448800 0.61060500 -0.42239200 0.66988400
0.08655200 0.04096300 -0.03880700 0.74407000 0.01655700 -0.66789500 0.27102000 0.90626400 0.32439600 0.61066100 -0.42238700 0.66983700
0.08656800 0.04095800 -0.03881300 0.74388400 0.01635000 -0.66810800 0.27124200 0.90627300 0.32418400 0.61079000 -0.42237400 0.66972800
0.08658400 0.04095400 -0.03881600 0.74377700 0.01623000 -0.66822900 0.27137000 0.90627900 0.32406100 0.61086200 -0.42236700 0.66966600
0.08659000 0.04095000 -0.03881300 0.74369400 0.01613600 -0.66832400 0.27148600 0.90627200 0.32398300 0.61091200 -0.42238500 0.66960900
0.08659500 0.04095000 -0.03881400 0.74360100 0.01603300 -0.66843000 0.27159600 0.90627600 0.32387800 0.61097500 -0.42238000 0.66955400
0.08659500 0.04095700 -0.03880700 0.74357800 0.01600700 -0.66845600 0.27162400 0.90627700 0.32385200 0.61099100 -0.42237900 0.66954100
0.08659000 0.04095700 -0.03880700 0.74351100 0.01593600 -0.66853200 0.27170200 0.90628100 0.32377800 0.61103800 -0.42237400 0.66950000
0.08659000 0.04095700 -0.03880700 0.74343100 0.01584900 -0.66862300 0.27179600 0.90628500 0.32368800 0.61109300 -0.42236900 0.66945300
0.08659000 0.04096000 -0.03880400 0.74342000 0.01583600 -0.66863700 0.27181000 0.90628500 0.32367500 0.61110100 -0.42236900 0.66944600
0.08659500 0.04096000 -0.03880400 0.74332700 0.01573300 -0.66874200 0.27192000 0.90629000 0.32356900 0.61116500 -0.42236300 0.66939200
0.08659500 0.04095700 -0.03880700 0.74325900 0.01565900 -0.66882000 0.27200000 0.90629300 0.32349300 0.61121300 -0.42235800 0.66935100
0.08659500 0.04095600 -0.03880700 0.74317900 0.01557200 -0.66891100 0.27209400 0.90629700 0.32340300 0.61126800 -0.42235300 0.66930400
0.08660100 0.04095200 -0.03880400 0.74317600 0.01556500 -0.66891400 0.27211700 0.90628600 0.32341500 0.61126200 -0.42237700 0.66929400
0.08660100 0.04095200 -0.03880400 0.74309600 0.01547800 -0.66900500 0.27221100 0.90629000 0.32332500 0.61131700 -0.42237200 0.66924700
0.08660100 0.04095200 -0.03880400 0.74309600 0.01547800 -0.66900500 0.27221100 0.90629000 0.32332500 0.61131700 -0.42237200 0.66924700
0.08660100 0.04095200 -0.03879800 0.74287500 0.01975600 -0.66913800 0.26695300 0.90790600 0.32317500 0.61390000 -0.41870700 0.66918600
0.08660700 0.04094700 -0.03879500 0.74287200 0.01974700 -0.66914100 0.26697800 0.90789400 0.32318800 0.61389200 -0.41873300 0.66917700
0.08660100 0.04094300 -0.03879200 0.74281500 0.01968300 -0.66920700 0.26706200 0.90788600 0.32314000 0.61392500 -0.41875300 0.66913400
0.08660100 0.04094300 -0.03879200 0.74281500 0.01968300 -0.66920700 0.26706200 0.90788600 0.32314000 0.61392500 -0.41875300 0.66913400
0.08660100 0.04094300 -0.03879200 0.74273500 0.01959600 -0.66929800 0.26715600 0.90789000 0.32305100 0.61398000 -0.41874800 0.66908700
0.08660100 0.04094300 -0.03879200 0.74273500 0.01959600 -0.66929800 0.26715600 0.90789000 0.32305100 0.61398000 -0.41874800 0.66908700
0.08660100 0.04094300 -0.03879200 0.74265600 0.01950800 -0.66938800 0.26725100 0.90789400 0.32296100 0.61403500 -0.41874300 0.66904000
0.08659600 0.04094400 -0.03879100 0.74258900 0.01943600 -0.66946500 0.26732900 0.90789800 0.32288600 0.61408200 -0.41873900 0.66900000
0.08659600 0.04094000 -0.03879500 0.74244100 0.01927100 -0.66963300 0.26750500 0.90790500 0.32271900 0.61418300 -0.41873000 0.66891200
0.08659600 0.04094000 -0.03879500 0.74236200 0.01918300 -0.66972400 0.26759900 0.90790900 0.32262900 0.61423800 -0.41872500 0.66886400
0.08659600 0.04094000 -0.03879400 0.74228200 0.01909500 -0.66981400 0.26769400 0.90791400 0.32253900 0.61429300 -0.41872000 0.66881700
0.08659600 0.04094000 -0.03879500 0.74220300 0.01900800 -0.66990500 0.26778800 0.90791800 0.32244900 0.61434800 -0.41871500 0.66877000
0.08659600 0.04094000 -0.03879500 0.74204300 0.01883200 -0.67008600 0.26797600 0.90792600 0.32226900 0.61445800 -0.41870500 0.66867500
0.08659600 0.04093600 -0.03879100 0.74197300 0.01875300 -0.67016600 0.26807600 0.90791900 0.32220600 0.61449900 -0.41872400 0.66862500
0.08659600 0.04094000 -0.03878800 0.74188200 0.01865200 -0.67027000 0.26818500 0.90792400 0.32210300 0.61456200 -0.41871900 0.66857100
0.08659600 0.04093600 -0.03878500 0.74181200 0.01857300 -0.67035000 0.26828500 0.90791600 0.32204000 0.61460300 -0.41873800 0.66852100
0.08659600 0.04093100 -0.03878200 0.74174200 0.01849400 -0.67043000 0.26838500 0.90790900 0.32197700 0.61464400 -0.41875800 0.66847100
0.08659600 0.04092700 -0.03877800 0.74175100 0.01850300 -0.67041900 0.26839100 0.90789800 0.32200500 0.61463000 -0.41878200 0.66846800
0.08659600 0.04092400 -0.03877500 0.74168100 0.01842300 -0.67049900 0.26849300 0.90789000 0.32194200 0.61467100 -0.41880200 0.66841800
0.08659600 0.04092300 -0.03877500 0.74144500 0.02269100 -0.67062900 0.26321100 0.90949300 0.32177800 0.61723500 -0.41509800 0.66836700
0.08659600 0.04091900 -0.03877200 0.74145400 0.02269600 -0.67061800 0.26322200 0.90948000 0.32180500 0.61721900 -0.41512500 0.66836400
0.08659600 0.04091900 -0.03877200 0.74137500 0.02260800 -0.67070900 0.26331600 0.90948500 0.32171500 0.61727300 -0.41512000 0.66831700
0.08659600 0.04091500 -0.03876900 0.74130600 0.02252900 -0.67078800 0.26341600 0.90947800 0.32165300 0.61731400 -0.41514000 0.66826700
0.08659600 0.04091500 -0.03876900 0.74122600 0.02244000 -0.67087900 0.26351000 0.90948300 0.32156300 0.61736900 -0.41513400 0.66822000
0.08659600 0.04091100 -0.03876600 0.74123600 0.02244900 -0.67086800 0.26351600 0.90947100 0.32159000 0.61735500 -0.41515900 0.66821700
0.08659600 0.04091000 -0.03876700 0.74116800 0.02237400 -0.67094600 0.26359700 0.90947500 0.32151300 0.61740200 -0.41515400 0.66817600
0.08659600 0.04090400 -0.03876600 0.74101900 0.02220400 -0.67111600 0.26379300 0.90947200 0.32136000 0.61749800 -0.41516900 0.66807900
0.08659600 0.04090400 -0.03876600 0.74101900 0.02220400 -0.67111600 0.26379300 0.90947200 0.32136000 0.61749700 -0.41516900 0.66807900
0.08659600 0.04090000 -0.03876200 0.74087000 0.02203700 -0.67128600 0.26398700 0.90947000 0.32120700 0.61759300 -0.41518300 0.66798200
0.08659600 0.04089600 -0.03875900 0.74079900 0.02195700 -0.67136600 0.26408700 0.90946300 0.32114400 0.61763500 -0.41520300 0.66793200
0.08659600 0.04089600 -0.03875900 0.74079900 0.02195700 -0.67136600 0.26408700 0.90946300 0.32114400 0.61763500 -0.41520300 0.66793200
0.08659600 0.04089200 -0.03875600 0.74047300 0.02614500 -0.67157600 0.25889000 0.91103600 0.32091600 0.62022100 -0.41149500 0.66782900
0.08659600 0.04089200 -0.03875600 0.74039400 0.02604700 -0.67166600 0.25899500 0.91103800 0.32082600 0.62027100 -0.41149600 0.66778200
0.08659600 0.04088700 -0.03875300 0.74024700 0.02587600 -0.67183600 0.25919200 0.91103600 0.32067300 0.62036500 -0.41151200 0.66768500
0.08659600 0.04088700 -0.03875300 0.74024700 0.02587600 -0.67183600 0.25919200 0.91103600 0.32067300 0.62036500 -0.41151200 0.66768500
0.08659700 0.04089100 -0.03874900 0.74015600 0.02577300 -0.67193900 0.25930100 0.91104100 0.32057000 0.62042700 -0.41150600 0.66763000
0.08659600 0.04088700 -0.03874600 0.73989100 0.02992800 -0.67205900 0.25414600 0.91254000 0.32043500 0.62287200 -0.40788900 0.66757500
0.08659600 0.04088700 -0.03874600 0.73988700 0.03004200 -0.67205900 0.25400400 0.91258100 0.32043300 0.62293500 -0.40779000 0.66757500
0.08659600 0.04088300 -0.03874300 0.73981800 0.02995400 -0.67213900 0.25411500 0.91257200 0.32037000 0.62297200 -0.40781600 0.66752500
0.08659700 0.04087400 -0.03873700 0.73968000 0.02979100 -0.67229800 0.25431700 0.91256000 0.32024400 0.62305300 -0.40785500 0.66742600
0.08659700 0.04087600 -0.03872800 0.73966600 0.02977300 -0.67231400 0.25435300 0.91254900 0.32024500 0.62305400 -0.40788000 0.66741000
0.08659700 0.04088000 -0.03872500 0.73957700 0.02966900 -0.67241700 0.25446200 0.91255500 0.32014200 0.62311600 -0.40787400 0.66735500
0.08659800 0.04088300 -0.03872100 0.73948700 0.02956600 -0.67252000 0.25457100 0.91256100 0.32003800 0.62317900 -0.40786900 0.66730100
0.08659700 0.04087900 -0.03871800 0.73949600 0.02957500 -0.67251000 0.25457700 0.91255000 0.32006600 0.62316500 -0.40789300 0.66729800
0.08659700 0.04087900 -0.03871800 0.73941800 0.02948600 -0.67260000 0.25467100 0.91255500 0.31997600 0.62322000 -0.40788700 0.66725100
0.08659200 0.04087900 -0.03871800 0.73935200 0.02941200 -0.67267500 0.25474900 0.91256000 0.31990100 0.62326600 -0.40788200 0.66721000
0.08659200 0.04088300 -0.03871500 0.73934000 0.02939800 -0.67268900 0.25476300 0.91256000 0.31988700 0.62327400 -0.40788200 0.66720300
0.08659200 0.04088200 -0.03871500 0.73926200 0.02930900 -0.67277800 0.25485700 0.91256600 0.31979700 0.62332900 -0.40787600 0.66715600
0.08659800 0.04087800 -0.03871200 0.73925900 0.02930300 -0.67278200 0.25487900 0.91255500 0.31980900 0.62332300 -0.40790000 0.66714600
0.08659800 0.04087400 -0.03870800 0.73918900 0.02922200 -0.67286200 0.25497900 0.91254900 0.31974600 0.62336400 -0.40791900 0.66709600
0.08659300 0.04087300 -0.03870300 0.73890000 0.03348800 -0.67298100 0.24967100 0.91406300 0.31961100 0.62585100 -0.40418400 0.66704100
0.08659300 0.04087200 -0.03869600 0.73889900 0.03348400 -0.67298300 0.24969100 0.91405300 0.31962500 0.62584500 -0.40420900 0.66703200
0.08659400 0.04088300 -0.03867900 0.73877400 0.03333300 -0.67312700 0.24986600 0.91405000 0.31949700 0.62592300 -0.40422700 0.66694800
0.08658500 0.04088200 -0.03863700 0.73877500 0.03332600 -0.67312600 0.24997100 0.91398500 0.31960000 0.62587900 -0.40437500 0.66689900
0.08658200 0.04087000 -0.03857000 0.73869800 0.03322000 -0.67321600 0.25025700 0.91387400 0.31969400 0.62585600 -0.40463500 0.66676300
0.08657800 0.04086100 -0.03853700 0.73863100 0.03313600 -0.67329400 0.25044200 0.91381500 0.31971700 0.62586100 -0.40477400 0.66667400
0.08658600 0.04083700 -0.03847500 0.73857200 0.03304800 -0.67336300 0.25072400 0.91369200 0.31984800 0.62581700 -0.40505900 0.66654200
0.08659200 0.04081300 -0.03844000 0.73844400 0.03288600 -0.67351200 0.25102100 0.91361700 0.31983000 0.62585100 -0.40524200 0.66640000
0.08659200 0.04079800 -0.03843400 0.73823900 0.03726800 -0.67350800 0.24561100 0.91507800 0.31985200 0.62823300 -0.40154800 0.66639400
0.08659700 0.04077700 -0.03842600 0.73812000 0.03711600 -0.67364700 0.24583300 0.91504500 0.31977800 0.62828600 -0.40163900 0.66628900
0.08659800 0.04077800 -0.03841700 0.73810700 0.03709800 -0.67366200 0.24586800 0.91503500 0.31977900 0.62828800 -0.40166300 0.66627300
0.08659200 0.04078000 -0.03841600 0.73811900 0.03711300 -0.67364700 0.24585400 0.91503300 0.31979400 0.62827900 -0.40166500 0.66628000
0.08659300 0.04078200 -0.03840600 0.73802900 0.03700400 -0.67375300 0.24598300 0.91503000 0.31970500 0.62833500 -0.40168300 0.66621600
0.08659300 0.04078800 -0.03840000 0.73792800 0.03688600 -0.67386900 0.24610500 0.91503800 0.31958800 0.62840400 -0.40167600 0.66615500
0.08659900 0.04078400 -0.03839700 0.73784800 0.03679000 -0.67396200 0.24622100 0.91503400 0.31950900 0.62845400 -0.40169300 0.66609800
0.08659900 0.04078100 -0.03840100 0.73785900 0.03680200 -0.67394900 0.24620800 0.91503300 0.31952200 0.62844600 -0.40169400 0.66610500
0.08659300 0.04078100 -0.03840000 0.73779400 0.03672800 -0.67402500 0.24628500 0.91503800 0.31944700 0.62849200 -0.40168900 0.66606400
0.08659300 0.04078100 -0.03840000 0.73771600 0.03663800 -0.67411500 0.24637900 0.91504500 0.31935700 0.62854700 -0.40168300 0.66601700
0.08659300 0.04078500 -0.03840400 0.73755100 0.03644900 -0.67430500 0.24656000 0.91506900 0.31914800 0.62866900 -0.40164500 0.66592400
0.08659300 0.04078300 -0.03840600 0.73756300 0.03646100 -0.67429200 0.24654600 0.91506800 0.31916100 0.62866100 -0.40164600 0.66593100
0.08659300 0.04078200 -0.03840700 0.73740700 0.03628100 -0.67447200 0.24673300 0.91508100 0.31898000 0.62877000 -0.40163300 0.66583600
0.08659300 0.04078200 -0.03840700 0.73733000 0.03619100 -0.67456200 0.24682700 0.91508700 0.31888900 0.62882500 -0.40162700 0.66578900
0.08659300 0.04077900 -0.03841000 0.73726300 0.03611300 -0.67463900 0.24690700 0.91509300 0.31881100 0.62887100 -0.40162100 0.66574800
0.08659300 0.04077800 -0.03841000 0.73710800 0.03593300 -0.67481800 0.24709400 0.91510600 0.31863000 0.62898000 -0.40160800 0.66565300
0.08659300 0.04078200 -0.03840700 0.73701800 0.03582900 -0.67492200 0.24720200 0.91511300 0.31852600 0.62904200 -0.40160100 0.66559800
0.08659300 0.04078200 -0.03840700 0.73694100 0.03573900 -0.67501100 0.24729500 0.91511900 0.31843500 0.62909700 -0.40159500 0.66555100
0.08659300 0.04078500 -0.03840300 0.73685100 0.03563500 -0.67511400 0.24740300 0.91512600 0.31833100 0.62915900 -0.40158800 0.66549600
0.08659300 0.04078800 -0.03840000 0.73642600 0.03977300 -0.67534700 0.24217900 0.91661600 0.31806300 0.63168400 -0.39778500 0.66538800
