0.06833400 0.02806100 -0.05056100 -0.27516200 -0.00185700 -0.96139600 -0.23307400 -0.97003700 0.06858200 -0.93271700 0.24294700 0.26648500
0.06829600 0.02813300 -0.05062200 -0.24656300 -0.02107000 -0.96889700 -0.22447600 -0.97133200 0.07824700 -0.94277000 0.23678700 0.23476500
0.06820000 0.02823200 -0.05062900 -0.18355100 -0.06138700 -0.98109100 -0.20867700 -0.97286700 0.09991300 -0.96060500 0.22307100 0.16576100
0.06806100 0.02828800 -0.05056800 -0.13317000 -0.11817400 -0.98402200 -0.18537300 -0.97237400 0.14186200 -0.97360200 0.20130200 0.10758400
0.06794000 0.02836300 -0.05053100 -0.09314200 -0.18164100 -0.97894300 -0.16009800 -0.96769100 0.19478500 -0.98269600 0.17486900 0.06105200
0.06789800 0.02840700 -0.05053800 -0.07023800 -0.21038400 -0.97509100 -0.14563000 -0.96487000 0.21866900 -0.98684200 0.15736100 0.03713200
0.06783900 0.02849800 -0.05056200 -0.02151000 -0.25767300 -0.96599200 -0.11297000 -0.95940100 0.25843000 -0.99336400 0.11468700 -0.00847300
0.06770700 0.02870700 -0.05061700 0.02305100 -0.31094900 -0.95014600 -0.07490600 -0.94826400 0.30851500 -0.99692300 0.06406000 -0.04515100
0.06760800 0.02884700 -0.05065100 0.04618800 -0.33687500 -0.94041500 -0.05699300 -0.94077500 0.33420400 -0.99730400 0.03816100 -0.06265200
0.06733700 0.02918400 -0.05073700 0.08983300 -0.38761600 -0.91743200 -0.03541600 -0.92181700 0.38600100 -0.99532600 -0.00218400 -0.09653800
0.06697800 0.02963700 -0.05090900 0.13418600 -0.43477900 -0.89048300 -0.02453800 -0.89979200 0.43562700 -0.99065100 -0.03660400 -0.13140900
0.06659700 0.03015800 -0.05114500 0.16434300 -0.47353500 -0.86530600 -0.03721500 -0.87958600 0.47428100 -0.98570000 -0.04574300 -0.16217700
0.06641300 0.03044300 -0.05127000 0.17095900 -0.48905100 -0.85533600 -0.04351400 -0.87101800 0.48931900 -0.98431600 -0.04643500 -0.17019000
0.06595900 0.03109300 -0.05148000 0.16695000 -0.51061500 -0.84344500 -0.04804100 -0.85864700 0.51030900 -0.98479300 -0.04467700 -0.16788200
0.06553100 0.03166900 -0.05158200 0.15430600 -0.52703300 -0.83571800 -0.05438000 -0.84909700 0.52542900 -0.98652400 -0.03563100 -0.15968100
0.06533200 0.03190000 -0.05159200 0.14675600 -0.53558400 -0.83163100 -0.05906200 -0.84397900 0.53311300 -0.98740700 -0.02912000 -0.15549200
0.06501700 0.03225700 -0.05154300 0.13274500 -0.54587700 -0.82728200 -0.05387100 -0.83740800 0.54391500 -0.98968400 -0.02763600 -0.14056900
0.06482700 0.03242800 -0.05141200 0.11821700 -0.55642000 -0.82244700 -0.04818900 -0.83049400 0.55493800 -0.99181700 -0.02597000 -0.12499200
0.06481700 0.03247500 -0.05127700 0.10917300 -0.55779400 -0.82276700 -0.04626900 -0.82966900 0.55633400 -0.99294400 -0.02266800 -0.11638700
0.06486300 0.03248700 -0.05121900 0.10390400 -0.55995200 -0.82198300 -0.04427600 -0.82824100 0.55861900 -0.99360100 -0.02164900 -0.11085000
0.06494200 0.03252500 -0.05108300 0.10027800 -0.56104300 -0.82168900 -0.04406400 -0.82754600 0.55966500 -0.99398200 -0.01991500 -0.10770700
0.06497200 0.03255000 -0.05095600 0.09658500 -0.56192000 -0.82153200 -0.04938700 -0.82708000 0.55990800 -0.99409800 -0.01350600 -0.10763500
0.06499200 0.03255300 -0.05091100 0.09478700 -0.56601600 -0.81892600 -0.04794600 -0.82427000 0.56416100 -0.99434100 -0.01421100 -0.10526900
0.06499500 0.03253200 -0.05082800 0.08945000 -0.57693200 -0.81187800 -0.05129000 -0.81673300 0.57473100 -0.99466900 -0.00976900 -0.10264700
0.06493000 0.03246600 -0.05075900 0.08022900 -0.58091600 -0.80999900 -0.06036400 -0.81395900 0.57777600 -0.99494600 0.00254000 -0.10037000
0.06487900 0.03237700 -0.05066300 0.07638800 -0.58202300 -0.80957600 -0.05884600 -0.81316400 0.57905000 -0.99533900 0.00340800 -0.09636600
0.06484700 0.03232300 -0.05060300 0.07204800 -0.58495200 -0.80786100 -0.05672900 -0.81105800 0.58220700 -0.99578600 0.00388200 -0.09161900
0.06479400 0.03219300 -0.05050400 0.05786000 -0.59127300 -0.80439200 -0.04960900 -0.80644900 0.58921700 -0.99709000 0.00581300 -0.07599400
0.06478500 0.03210900 -0.05042100 0.03107200 -0.60455900 -0.79595300 -0.03617700 -0.79649600 0.60355900 -0.99886100 0.01004200 -0.04662000
0.06476100 0.03210300 -0.05039500 0.01426100 -0.61156800 -0.79106200 -0.02882600 -0.79106500 0.61105000 -0.99948200 0.01408900 -0.02891000
0.06484200 0.03207000 -0.05041600 -0.01580700 -0.62747800 -0.77847300 -0.01738800 -0.77828000 0.62767500 -0.99972300 0.02345800 0.00139200
0.06515300 0.03200500 -0.05049100 -0.03066200 -0.64659000 -0.76222000 -0.01373400 -0.76223400 0.64715500 -0.99943400 0.03031200 0.01449100
0.06535800 0.03197700 -0.05054200 -0.03535400 -0.65440200 -0.75531900 -0.01274100 -0.75543500 0.65509900 -0.99929300 0.03278300 0.01837000
0.06572400 0.03192400 -0.05065600 -0.03998800 -0.66962200 -0.74162400 -0.00528200 -0.74206500 0.67030500 -0.99918500 0.03072100 0.02613600
0.06600000 0.03186800 -0.05073200 -0.03222400 -0.67796600 -0.73438600 0.00846800 -0.73492600 0.67809300 -0.99944400 0.01563200 0.02942300
0.06613500 0.03184900 -0.05077300 -0.01410600 -0.68748100 -0.72606400 0.02414600 -0.72615900 0.68710100 -0.99960800 -0.00784000 0.02684300
0.06613000 0.03185800 -0.05078500 -0.01400100 -0.69365300 -0.72017200 0.02462300 -0.72026300 0.69326200 -0.99959800 -0.00802700 0.02716400
0.06600800 0.03195100 -0.05079100 -0.00364000 -0.70823800 -0.70596300 0.03334500 -0.70566100 0.70776300 -0.99943600 -0.02096400 0.02618400
0.06572000 0.03209900 -0.05075700 0.00365200 -0.71910200 -0.69489500 0.04218500 -0.69417000 0.71857300 -0.99910300 -0.03193800 0.02780000
0.06555200 0.03215900 -0.05073200 0.00333100 -0.72355800 -0.69025400 0.04202400 -0.68954700 0.72302000 -0.99911000 -0.03141600 0.02811000
0.06511900 0.03225800 -0.05066100 0.01308600 -0.72624300 -0.68731200 0.04837100 -0.68610700 0.72589000 -0.99874300 -0.04274500 0.02615100
0.06466900 0.03233900 -0.05059000 0.01255900 -0.72687000 -0.68665900 0.04822400 -0.68547400 0.72649800 -0.99875700 -0.04223800 0.02644400
0.06425000 0.03249700 -0.05053300 0.01198200 -0.72783100 -0.68565100 0.04830500 -0.68447800 0.72743000 -0.99876000 -0.04183700 0.02695600
0.06401800 0.03259200 -0.05051000 0.01618400 -0.72824800 -0.68512100 0.05227400 -0.68365800 0.72792700 -0.99850100 -0.04759500 0.02700400
0.06351000 0.03279200 -0.05046300 0.02363000 -0.73144800 -0.68148600 0.06097600 -0.67935300 0.73127300 -0.99785900 -0.05883500 0.02854800
0.06295300 0.03293900 -0.05039300 0.02811200 -0.73281100 -0.67985000 0.06424100 -0.67738900 0.73281400 -0.99753700 -0.06427500 0.02803400
0.06270400 0.03298500 -0.05034900 0.02961100 -0.73369000 -0.67883800 0.06306900 -0.67641100 0.73381800 -0.99756900 -0.06454300 0.02624300
0.06233500 0.03307400 -0.05028400 0.03136100 -0.73538400 -0.67692300 0.06148400 -0.67455500 0.73565900 -0.99761400 -0.06469100 0.02406000
0.06205200 0.03321300 -0.05023800 0.03068300 -0.74468800 -0.66670600 0.06326200 -0.66423600 0.74484000 -0.99752400 -0.06503200 0.02672900
0.06175600 0.03331900 -0.05017900 0.03731800 -0.75929400 -0.64967500 0.06722900 -0.64674800 0.75973400 -0.99703900 -0.07202900 0.02691100
0.06161500 0.03335900 -0.05014900 0.04363700 -0.76939100 -0.63728500 0.07060200 -0.63392200 0.77016600 -0.99654900 -0.07860100 0.02665700
0.06127100 0.03347300 -0.05007400 0.06118500 -0.78257200 -0.61954500 0.07087300 -0.61573500 0.78475900 -0.99560600 -0.09192500 0.01778900
0.06091300 0.03361800 -0.04998900 0.07003700 -0.79123600 -0.60748600 0.06186600 -0.60436400 0.79430200 -0.99562300 -0.09321300 0.00662300
0.06077000 0.03367100 -0.04995700 0.07491600 -0.79441500 -0.60273700 0.05747100 -0.59999100 0.79793900 -0.99553200 -0.09441800 0.00070700
0.06057900 0.03369700 -0.04991300 0.08338800 -0.80060800 -0.59335600 0.05067800 -0.59125300 0.80489100 -0.99522700 -0.09718900 -0.00873000
0.06053100 0.03368300 -0.04991700 0.09273700 -0.80655600 -0.58383700 0.04482900 -0.58238700 0.81167400 -0.99468000 -0.10144500 -0.01785200
0.06069500 0.03365600 -0.04996200 0.10110600 -0.81538500 -0.57002100 0.04088900 -0.56906700 0.82127300 -0.99403400 -0.10634400 -0.02419600
0.06081600 0.03363000 -0.04998300 0.10536000 -0.81938500 -0.56347600 0.03842600 -0.56285200 0.82566300 -0.99369000 -0.10864500 -0.02781700
0.06115400 0.03357300 -0.05001400 0.11085200 -0.82513700 -0.55394900 0.03512100 -0.55378300 0.83191900 -0.99321500 -0.11167500 -0.03240800
0.06158400 0.03353000 -0.05003400 0.10789400 -0.82930200 -0.54828300 0.03173900 -0.54834800 0.83564700 -0.99365500 -0.10756300 -0.03284200
0.06183600 0.03351400 -0.05005100 0.10780100 -0.83011900 -0.54706600 0.03299900 -0.54698100 0.83649300 -0.99362400 -0.10822700 -0.03157200
0.06242800 0.03347000 -0.05007500 0.10427200 -0.83680200 -0.53748300 0.03296600 -0.53722400 0.84279400 -0.99400100 -0.10559800 -0.02843200
0.06311700 0.03344100 -0.05011100 0.09969500 -0.84545700 -0.52465500 0.03408400 -0.52407100 0.85099200 -0.99443300 -0.10272200 -0.02343100
0.06382300 0.03347800 -0.05012900 0.09533500 -0.85184800 -0.51503900 0.03351200 -0.51435600 0.85692100 -0.99488000 -0.09895400 -0.02048900
0.06416100 0.03352700 -0.05012100 0.09491900 -0.85321400 -0.51285000 0.03455700 -0.51204100 0.85826500 -0.99488400 -0.09918800 -0.01911900
0.06477700 0.03367400 -0.05005000 0.08428800 -0.85635700 -0.50945600 0.03105300 -0.50877000 0.86034100 -0.99595600 -0.08833700 -0.01629000
0.06532000 0.03381300 -0.04995000 0.08564400 -0.86092600 -0.50146900 0.03349400 -0.50054600 0.86506100 -0.99576200 -0.09088400 -0.01403300
0.06552300 0.03386800 -0.04990500 0.08593300 -0.86194200 -0.49967100 0.03437700 -0.49866200 0.86611400 -0.99570700 -0.09160500 -0.01322000
0.06589700 0.03395900 -0.04986400 0.08565500 -0.86386800 -0.49638100 0.03663500 -0.49514400 0.86803700 -0.99565000 -0.09253700 -0.01076400
0.06616000 0.03404500 -0.04991300 0.08708700 -0.86894600 -0.48718300 0.03934800 -0.48565900 0.87326100 -0.99542200 -0.09522000 -0.00810300
0.06620300 0.03421500 -0.05001000 0.08640900 -0.87163800 -0.48247200 0.04216500 -0.48065000 0.87589800 -0.99536600 -0.09602900 -0.00478100
0.06616500 0.03434400 -0.05008100 0.08671000 -0.87153500 -0.48260500 0.04281000 -0.48072300 0.87582600 -0.99531300 -0.09660300 -0.00437300
0.06601000 0.03460600 -0.05024000 0.08752300 -0.87114300 -0.48316500 0.04424300 -0.48114900 0.87552100 -0.99517900 -0.09800500 -0.00356900
0.06582200 0.03486800 -0.05044100 0.09175700 -0.86755300 -0.48880600 0.04117400 -0.48715100 0.87234600 -0.99492900 -0.10017000 -0.00897900
0.06569500 0.03504200 -0.05056100 0.09546900 -0.86416600 -0.49406700 0.03754900 -0.49285400 0.86930000 -0.99472300 -0.10154300 -0.01460300
0.06538400 0.03545600 -0.05082500 0.09989400 -0.85787500 -0.50405500 0.03236300 -0.50351900 0.86337700 -0.99447100 -0.10255900 -0.02253500
0.06498000 0.03590000 -0.05111100 0.10904000 -0.85050200 -0.51454300 0.02889500 -0.51469900 0.85688300 -0.99361700 -0.10830300 -0.03154800
0.06475900 0.03610800 -0.05126400 0.11744500 -0.84643900 -0.51937100 0.02742800 -0.52002600 0.85370900 -0.99270000 -0.11450900 -0.03785900
0.06428200 0.03645900 -0.05157000 0.12930600 -0.83613700 -0.53306000 0.02748700 -0.53434400 0.84481900 -0.99122300 -0.12389200 -0.04611100
0.06383100 0.03666300 -0.05185400 0.13067900 -0.82774400 -0.54567500 0.02140100 -0.54791100 0.83626200 -0.99119300 -0.12096000 -0.05388600
0.06341600 0.03669300 -0.05205000 0.13085200 -0.82322200 -0.55243200 0.01723000 -0.55525100 0.83150300 -0.99125100 -0.11832200 -0.05847200
0.06321900 0.03665900 -0.05212400 0.13069800 -0.82257700 -0.55342800 0.01636900 -0.55635000 0.83078600 -0.99128600 -0.11764100 -0.05925000
0.06286400 0.03652700 -0.05223000 0.12847700 -0.82108500 -0.55615700 0.01725800 -0.55886900 0.82907500 -0.99156100 -0.11611600 -0.05763200
0.06263200 0.03641100 -0.05231700 0.12641400 -0.82040900 -0.55762700 0.01915000 -0.56001400 0.82826100 -0.99179200 -0.11538300 -0.05508200
0.06255600 0.03640200 -0.05237300 0.12463500 -0.81986000 -0.55883300 0.02092500 -0.56092700 0.82759900 -0.99198100 -0.11484200 -0.05275600
0.06254300 0.03642200 -0.05247300 0.12515500 -0.81927600 -0.55957200 0.02138900 -0.56164800 0.82709900 -0.99190600 -0.11548400 -0.05277000
0.06277800 0.03643100 -0.05263700 0.12609800 -0.81940500 -0.55917200 0.02331300 -0.56106800 0.82744000 -0.99174300 -0.11737500 -0.05164700
0.06310300 0.03643400 -0.05281500 0.11943500 -0.82149100 -0.55757200 0.02491700 -0.55893500 0.82883600 -0.99252800 -0.11288500 -0.04628800
0.06327500 0.03640800 -0.05289500 0.11409100 -0.82351200 -0.55570700 0.02284800 -0.55703600 0.83017300 -0.99320700 -0.10741200 -0.04473700
0.06356700 0.03633400 -0.05301100 0.10917500 -0.82496400 -0.55454000 0.02101100 -0.55583500 0.83102600 -0.99380000 -0.10237900 -0.04335000
0.06376800 0.03625600 -0.05307200 0.10474600 -0.82491500 -0.55546500 0.01814400 -0.55685900 0.83040800 -0.99433300 -0.09706000 -0.04336200
0.06383800 0.03623800 -0.05308900 0.10492800 -0.82470500 -0.55574200 0.01822200 -0.55713900 0.83021800 -0.99431200 -0.09724000 -0.04343200
0.06391700 0.03623300 -0.05310900 0.09027000 -0.82605700 -0.55630900 0.00912700 -0.55788000 0.82987000 -0.99587400 -0.07999000 -0.04282100
0.06392100 0.03627100 -0.05314900 0.08567700 -0.82623900 -0.55676500 0.00638200 -0.55835300 0.82957800 -0.99630100 -0.07462900 -0.04256500
0.06390100 0.03627700 -0.05318200 0.08630100 -0.82560300 -0.55761100 0.00665800 -0.55920900 0.82899900 -0.99624600 -0.07525700 -0.04276400
0.06388400 0.03626400 -0.05319700 0.08651600 -0.82537400 -0.55791700 0.00672900 -0.55952000 0.82878900 -0.99622700 -0.07545800 -0.04285400
0.06378200 0.03623900 -0.05319800 0.08166300 -0.82572900 -0.55812300 0.00361000 -0.55974500 0.82865600 -0.99665200 -0.06968600 -0.04273000
0.06364500 0.03622600 -0.05317300 0.07414600 -0.82579800 -0.55906900 0.00194900 -0.56049100 0.82815700 -0.99724400 -0.06249500 -0.03994900
0.06358500 0.03620700 -0.05315700 0.07422100 -0.82573600 -0.55915200 0.00178700 -0.56058700 0.82809200 -0.99724000 -0.06246100 -0.04013200
0.06344500 0.03615500 -0.05311600 0.06186800 -0.82578800 -0.56057600 -0.00288600 -0.56179700 0.82726900 -0.99807900 -0.04956300 -0.03714100
0.06330800 0.03613300 -0.05308000 0.05249800 -0.82384800 -0.56437200 -0.00412600 -0.56532600 0.82485600 -0.99861200 -0.04097500 -0.03307800
0.06317200 0.03613300 -0.05304600 0.03978600 -0.81802400 -0.57380500 -0.00433400 -0.57439600 0.81856500 -0.99919800 -0.03008100 -0.02639800
0.06310600 0.03613300 -0.05303500 0.03082000 -0.81591100 -0.57735400 -0.00591200 -0.57776700 0.81618000 -0.99950700 -0.02174100 -0.02263000
0.06297000 0.03616500 -0.05302900 0.02158900 -0.81302400 -0.58182900 -0.00096300 -0.58198100 0.81320100 -0.99976500 -0.01699600 -0.01334700
0.06284400 0.03615800 -0.05301200 0.00868300 -0.81167900 -0.58403800 0.00059300 -0.58405600 0.81171200 -0.99996100 -0.00739500 -0.00459000
0.06280400 0.03613000 -0.05300800 0.00169300 -0.80952000 -0.58708900 -0.00221300 -0.58709200 0.80951600 -0.99999500 -0.00007100 -0.00278500
0.06269100 0.03610100 -0.05303000 -0.01950300 -0.80094200 -0.59842300 -0.01053600 -0.59833900 0.80117300 -0.99975300 0.02193000 0.00323100
0.06253900 0.03607900 -0.05304200 -0.02708500 -0.79465200 -0.60645900 -0.00810600 -0.60648700 0.79505100 -0.99959900 0.02644900 0.00998500
0.06235200 0.03604900 -0.05306000 -0.04546700 -0.78756000 -0.61455700 -0.01183700 -0.61472500 0.78865200 -0.99889500 0.04313200 0.01862700
0.06225600 0.03603800 -0.05307500 -0.05459800 -0.78471300 -0.61744900 -0.01339000 -0.61774000 0.78626700 -0.99841800 0.05119700 0.02322000
0.06201600 0.03601600 -0.05307800 -0.05948900 -0.77695900 -0.62673300 -0.01346000 -0.62716400 0.77877100 -0.99813800 0.05476400 0.02685200
0.06172200 0.03599600 -0.05306100 -0.05897500 -0.76905500 -0.63645400 -0.01774400 -0.63665600 0.77094300 -0.99810100 0.05675900 0.02390000
0.06155900 0.03597600 -0.05304900 -0.06026600 -0.76533900 -0.64079900 -0.01836300 -0.64100700 0.76731400 -0.99801300 0.05800900 0.02457700
0.06120800 0.03589400 -0.05302800 -0.05810900 -0.75989700 -0.64744000 -0.02314100 -0.64733600 0.76185200 -0.99804100 0.05925200 0.02003100
0.06086300 0.03579100 -0.05302800 -0.05793600 -0.75884400 -0.64868900 -0.02446400 -0.64850700 0.76081500 -0.99802000 0.05994800 0.01900700
0.06051900 0.03572400 -0.05301600 -0.06058500 -0.75814700 -0.64926300 -0.02304300 -0.64922200 0.76024900 -0.99789700 0.06102100 0.02186300
0.06035800 0.03568800 -0.05299000 -0.06056300 -0.75824400 -0.64915000 -0.02341200 -0.64908600 0.76035400 -0.99788900 0.06124700 0.02155800
0.06004800 0.03555300 -0.05287800 -0.05978200 -0.75621200 -0.65158900 -0.02539000 -0.65139300 0.75831500 -0.99788800 0.06187800 0.01974200
0.05979900 0.03533500 -0.05270000 -0.05951900 -0.75445600 -0.65364500 -0.02781000 -0.65329800 0.75658900 -0.99783900 0.06321000 0.01790200
0.05969500 0.03520900 -0.05258900 -0.06008600 -0.75470400 -0.65330700 -0.02860500 -0.65291900 0.75688600 -0.99778200 0.06416600 0.01764300
0.05954300 0.03501900 -0.05236500 -0.06449100 -0.75345500 -0.65432800 -0.02751000 -0.65410200 0.75590500 -0.99753800 0.06675000 0.02145600
0.05945000 0.03492300 -0.05213400 -0.06804300 -0.75248000 -0.65509000 -0.02675400 -0.65500000 0.75515400 -0.99732300 0.06890900 0.02443500
0.05942600 0.03492000 -0.05203400 -0.06938000 -0.75416900 -0.65300400 -0.02601600 -0.65299100 0.75691800 -0.99725000 0.06950400 0.02568400
0.05942500 0.03495800 -0.05185000 -0.07175100 -0.75322400 -0.65383800 -0.02526100 -0.65394500 0.75611900 -0.99710200 0.07076900 0.02789400
0.05946900 0.03504300 -0.05171800 -0.07152300 -0.75289000 -0.65424700 -0.02560900 -0.65432500 0.75577900 -0.99710900 0.07081100 0.02751800
0.05950800 0.03512000 -0.05159100 -0.07130600 -0.75250400 -0.65471500 -0.02592300 -0.65476700 0.75538500 -0.99711700 0.07083600 0.02718200
0.05952500 0.03513400 -0.05152700 -0.07129300 -0.75237800 -0.65486100 -0.02614900 -0.65489600 0.75526600 -0.99711200 0.07096900 0.02701500
0.05954200 0.03513300 -0.05138100 -0.07063300 -0.75245700 -0.65484200 -0.02728200 -0.65477900 0.75532700 -0.99712800 0.07121600 0.02572000
0.05956900 0.03513700 -0.05122700 -0.06695200 -0.75390100 -0.65356600 -0.03056600 -0.65317900 0.75658500 -0.99728700 0.07063200 0.02068800
0.05957700 0.03515900 -0.05113900 -0.06605400 -0.75425600 -0.65324900 -0.03147000 -0.65277800 0.75689500 -0.99731900 0.07055400 0.01938200
0.05955600 0.03522800 -0.05095400 -0.06075400 -0.75641800 -0.65126000 -0.03580100 -0.65039400 0.75875200 -0.99751000 0.06941300 0.01243400
0.05949900 0.03525200 -0.05071600 -0.05425800 -0.75921100 -0.64857800 -0.04146200 -0.64726200 0.76113800 -0.99766500 0.06818900 0.00364000
0.05946400 0.03515400 -0.05045600 -0.04615200 -0.76291700 -0.64484600 -0.04889200 -0.64303500 0.76427400 -0.99773600 0.06680100 -0.00762400
0.05947000 0.03506000 -0.05032600 -0.04204300 -0.76481900 -0.64287000 -0.05275400 -0.64084200 0.76585700 -0.99772100 0.06611300 -0.01340500
0.05948800 0.03487100 -0.05013200 -0.03430400 -0.76839100 -0.63906000 -0.05995700 -0.63670200 0.76877400 -0.99761000 0.06468900 -0.02422900
0.05947800 0.03477300 -0.05004800 -0.03497300 -0.76837000 -0.63904800 -0.06016200 -0.63666100 0.76879200 -0.99757500 0.06533400 -0.02396100
0.05946900 0.03476900 -0.05003200 -0.03498900 -0.76830200 -0.63912900 -0.06023800 -0.63673700 0.76872400 -0.99757000 0.06539700 -0.02400200
0.05944400 0.03480400 -0.05002700 -0.03471900 -0.76800800 -0.63949800 -0.06019200 -0.63711500 0.76841400 -0.99758200 0.06517100 -0.02410800
0.05945000 0.03484700 -0.05001600 -0.03454500 -0.76783100 -0.63972000 -0.06013900 -0.63734500 0.76822800 -0.99759100 0.06501000 -0.02415900
0.05948400 0.03487500 -0.04999700 -0.03181100 -0.76836400 -0.63922100 -0.06190200 -0.63680200 0.76853800 -0.99757500 0.06401700 -0.02730600
0.05950800 0.03488100 -0.04999300 -0.02956800 -0.76921400 -0.63830600 -0.06346700 -0.63585200 0.76919700 -0.99754500 0.06325500 -0.03001900
0.05957300 0.03490200 -0.05002500 -0.02725800 -0.76985400 -0.63763700 -0.06476100 -0.63517400 0.76964900 -0.99752800 0.06227300 -0.03254300
0.05959300 0.03496900 -0.05005800 -0.02478000 -0.77062000 -0.63681100 -0.06594900 -0.63435900 0.77021900 -0.99751400 0.06108300 -0.03510300
0.05959600 0.03499800 -0.05006300 -0.02048700 -0.77232500 -0.63489600 -0.06904600 -0.63242000 0.77154100 -0.99740200 0.05964300 -0.04036900
0.05960900 0.03503000 -0.05007800 -0.01673400 -0.77574900 -0.63081800 -0.07080600 -0.62840300 0.77465800 -0.99734900 0.05762900 -0.04441300
0.05962000 0.03501500 -0.05010600 -0.01478700 -0.77654400 -0.62988700 -0.07206200 -0.62749100 0.77528100 -0.99728900 0.05685500 -0.04668100
0.05967500 0.03493400 -0.05015200 -0.01467900 -0.77631400 -0.63017400 -0.07204700 -0.62778200 0.77504600 -0.99729200 0.05677900 -0.04671600
0.05971200 0.03489800 -0.05017500 -0.01220200 -0.77706600 -0.62929900 -0.07384300 -0.62692700 0.77556900 -0.99719400 0.05593200 -0.04973100
0.05977900 0.03486100 -0.05020500 -0.00976300 -0.77764000 -0.62863300 -0.07534200 -0.62630400 0.77592800 -0.99710900 0.05493800 -0.05247500
0.05984200 0.03484500 -0.05021400 -0.00749300 -0.77821900 -0.62794600 -0.07675900 -0.62566300 0.77630600 -0.99702000 0.05401700 -0.05504800
0.05987200 0.03484000 -0.05021700 -0.00522200 -0.77906800 -0.62691600 -0.07845900 -0.62467200 0.77693400 -0.99690300 0.05324400 -0.05786300
0.05990500 0.03483400 -0.05022600 -0.00378900 -0.78138900 -0.62403200 -0.07874400 -0.62186500 0.77915400 -0.99688700 0.05209100 -0.05917300
0.05991400 0.03483200 -0.05023400 -0.00156600 -0.78216800 -0.62306500 -0.08031400 -0.62095400 0.77972000 -0.99676800 0.05126200 -0.06184700
0.05992500 0.03484000 -0.05024600 0.00070900 -0.78294100 -0.62209400 -0.08185800 -0.62005200 0.78027700 -0.99664200 0.05037000 -0.06453000
0.05993400 0.03484000 -0.05025200 0.00060000 -0.78284900 -0.62221000 -0.08164900 -0.62017200 0.78020400 -0.99666000 0.05033400 -0.06429100
0.05998600 0.03482800 -0.05029500 0.00302500 -0.78352000 -0.62135900 -0.08311500 -0.61940900 0.78065600 -0.99653400 0.04928300 -0.06699700
0.06003300 0.03485300 -0.05033800 0.00063500 -0.78417600 -0.62053600 -0.08784300 -0.61818100 0.78111000 -0.99613300 0.05401400 -0.06927700
0.06006100 0.03486800 -0.05035700 0.00176000 -0.78444700 -0.62019200 -0.08848400 -0.61788300 0.78127400 -0.99607500 0.05350100 -0.07049900
0.06008300 0.03490500 -0.05038600 0.00312800 -0.78473900 -0.61981700 -0.08900100 -0.61757900 0.78145600 -0.99602600 0.05272000 -0.07177500
0.06009900 0.03495700 -0.05041800 0.00470000 -0.78714200 -0.61675200 -0.08919200 -0.61463100 0.78375500 -0.99600200 0.05132600 -0.07309600
0.06011500 0.03498100 -0.05043100 0.00402400 -0.78867900 -0.61479100 -0.08789400 -0.61269500 0.78541500 -0.99612100 0.05087500 -0.07178600
0.06018600 0.03508100 -0.05045300 0.00094500 -0.79099700 -0.61181800 -0.09142900 -0.60932400 0.78763200 -0.99581000 0.05519400 -0.07289500
0.06032200 0.03525000 -0.05047000 0.00511200 -0.79394000 -0.60797300 -0.09305700 -0.60572100 0.79021600 -0.99564700 0.05253600 -0.07697800
0.06053100 0.03551200 -0.05051300 0.00855000 -0.79861200 -0.60178500 -0.09301500 -0.59983300 0.79469900 -0.99562700 0.04918100 -0.07941200
0.06066100 0.03567000 -0.05054300 0.01209700 -0.79962800 -0.60037200 -0.09475300 -0.59863100 0.79539900 -0.99542600 0.04726600 -0.08300900
0.06098600 0.03601100 -0.05063400 0.01806300 -0.80505500 -0.59292300 -0.09605800 -0.59167400 0.80043300 -0.99521100 0.04249700 -0.08801900
0.06140100 0.03645000 -0.05077300 0.02400400 -0.81019000 -0.58567400 -0.09659300 -0.58498200 0.80527300 -0.99503400 0.03724200 -0.09230000
0.06163600 0.03671500 -0.05086900 0.02763700 -0.81109700 -0.58425700 -0.09765000 -0.58387500 0.80594800 -0.99483600 0.03477900 -0.09534000
0.06221800 0.03729000 -0.05114300 0.03329800 -0.81314500 -0.58110700 -0.09671100 -0.58132200 0.80790500 -0.99475500 0.02929800 -0.09799700
0.06289400 0.03780000 -0.05151300 0.03779100 -0.81345400 -0.58039900 -0.09372900 -0.58113900 0.80838800 -0.99487900 0.02385100 -0.09820600
0.06368000 0.03822700 -0.05200600 0.03973800 -0.80977600 -0.58539100 -0.08822500 -0.58640900 0.80519500 -0.99530700 0.01964900 -0.09474600
0.06404800 0.03846500 -0.05229600 0.03800700 -0.80501900 -0.59202900 -0.08377100 -0.59293800 0.80087800 -0.99575900 0.01915600 -0.08997300
0.06481900 0.03900100 -0.05291300 0.03054200 -0.78683900 -0.61640100 -0.07614100 -0.61672800 0.78348400 -0.99662800 0.02300400 -0.07874700
0.06555200 0.03960500 -0.05360400 0.01447300 -0.75944100 -0.65041500 -0.06861100 -0.64970400 0.75708400 -0.99753800 0.03366800 -0.06150900
0.06593800 0.03989200 -0.05396800 0.00238800 -0.74487800 -0.66719600 -0.06319100 -0.66597700 0.74329100 -0.99799800 0.04038500 -0.04866000
0.06664700 0.04041100 -0.05468200 -0.02297800 -0.70232500 -0.71148400 -0.04730500 -0.71011100 0.70249800 -0.99861600 0.04979900 -0.01690700
0.06735000 0.04088700 -0.05532300 -0.05321900 -0.64971200 -0.75831400 -0.02102700 -0.75849300 0.65134100 -0.99836100 0.05060900 0.02670400
0.06805500 0.04122600 -0.05585300 -0.09019900 -0.59531100 -0.79841500 0.00959000 -0.80216500 0.59702400 -0.99587700 0.04619300 0.07806300
0.06831900 0.04133800 -0.05604300 -0.10813700 -0.56910700 -0.81512000 0.02376900 -0.82117400 0.57018100 -0.99385100 0.04228300 0.10232600
0.06886800 0.04146200 -0.05636800 -0.14318500 -0.52232000 -0.84064200 0.04980800 -0.85212000 0.52096900 -0.98844100 0.03272500 0.14802700
0.06924900 0.04144500 -0.05646300 -0.17568900 -0.48294700 -0.85784300 0.06929100 -0.87530200 0.47858500 -0.98200300 0.02464100 0.18724400
0.06936300 0.04139000 -0.05645100 -0.19336900 -0.46059700 -0.86628900 0.07778000 -0.88737200 0.45444400 -0.97803700 0.02049500 0.20741500
0.06955900 0.04131200 -0.05639500 -0.21823600 -0.42577800 -0.87811400 0.10735300 -0.90481600 0.41204500 -0.96997200 -0.00434500 0.24317200
0.06970200 0.04125700 -0.05630100 -0.23987400 -0.40051800 -0.88433300 0.13301100 -0.91589700 0.37873400 -0.96164800 -0.02677800 0.27297300
0.06976100 0.04118100 -0.05618600 -0.26010600 -0.37933700 -0.88794500 0.15754200 -0.92394800 0.34856900 -0.95264000 -0.04922400 0.30008600
0.06980600 0.04113400 -0.05611700 -0.26322400 -0.37376100 -0.88939000 0.18188400 -0.92459500 0.33472500 -0.94743300 -0.07365800 0.31135700
0.06988300 0.04089100 -0.05595100 -0.27020400 -0.36498400 -0.89094000 0.23083400 -0.92293000 0.30808200 -0.93472100 -0.12241500 0.33363000
0.06994400 0.04058300 -0.05571600 -0.28543500 -0.35626900 -0.88971800 0.26230000 -0.92193400 0.28501900 -0.92180500 -0.15201800 0.35660200
0.06997600 0.04041300 -0.05558000 -0.29633000 -0.35096200 -0.88826400 0.26960700 -0.92295000 0.27472400 -0.91624200 -0.15807300 0.36811900
0.07001000 0.04003200 -0.05526900 -0.32725100 -0.33603600 -0.88316800 0.27382000 -0.92825300 0.25172900 -0.90439400 -0.15945100 0.39578500
0.07006400 0.03969200 -0.05493700 -0.35837800 -0.32186200 -0.87633800 0.27744700 -0.93299700 0.22921000 -0.89139600 -0.16099400 0.42366600
0.07018500 0.03938500 -0.05459400 -0.38504700 -0.30986500 -0.86932200 0.27966300 -0.93683600 0.21005900 -0.87950300 -0.16223500 0.44738400
0.07026300 0.03925600 -0.05443600 -0.39779500 -0.30456800 -0.86544500 0.28073400 -0.93845400 0.20122300 -0.87346700 -0.16291500 0.45881500
0.07043800 0.03907200 -0.05416000 -0.41943500 -0.29604000 -0.85815600 0.28248800 -0.94095900 0.18653400 -0.86271200 -0.16418000 0.47829900
0.07062300 0.03895300 -0.05395400 -0.44026900 -0.28820700 -0.85035200 0.28441800 -0.94307500 0.17237600 -0.85162700 -0.16596400 0.49717800
0.07071500 0.03891100 -0.05388700 -0.45067000 -0.28431000 -0.84620500 0.28546100 -0.94405200 0.16515500 -0.84581800 -0.16712800 0.50661500
0.07092300 0.03885900 -0.05383100 -0.46781200 -0.27756600 -0.83911100 0.28713100 -0.94563700 0.15272500 -0.83588700 -0.16948800 0.52207800
0.07109300 0.03885500 -0.05384400 -0.47942700 -0.27291300 -0.83406600 0.28838200 -0.94662800 0.14398000 -0.82884500 -0.17150200 0.53254300
0.07115300 0.03885200 -0.05384600 -0.48590500 -0.26831600 -0.83180600 0.28328300 -0.94868300 0.14053500 -0.82682900 -0.16735000 0.53697900
0.07120700 0.03886100 -0.05384000 -0.49765600 -0.26057300 -0.82730800 0.26752800 -0.95341700 0.13936500 -0.82508600 -0.15197300 0.54418400
0.07119500 0.03886900 -0.05383500 -0.50045000 -0.25778900 -0.82649500 0.26224800 -0.95492900 0.13905400 -0.82509100 -0.14715800 0.54549800
0.07112500 0.03887400 -0.05383300 -0.50391200 -0.25235000 -0.82606900 0.25117600 -0.95785200 0.13938800 -0.82642700 -0.13724900 0.54605800
0.07109300 0.03886900 -0.05383600 -0.50391500 -0.25244000 -0.82604000 0.25123200 -0.95782800 0.13945400 -0.82640900 -0.13725400 0.54608500
0.07106900 0.03881600 -0.05386400 -0.50397200 -0.25276600 -0.82590600 0.25138600 -0.95774900 0.13971900 -0.82632700 -0.13720700 0.54622000
0.07106600 0.03877200 -0.05389800 -0.50399100 -0.25293100 -0.82584400 0.25150100 -0.95770200 0.13983100 -0.82628000 -0.13722700 0.54628500
0.07107700 0.03873400 -0.05392300 -0.50400300 -0.25300100 -0.82581400 0.25154500 -0.95768300 0.13988100 -0.82626000 -0.13722900 0.54631600
0.07108700 0.03871900 -0.05393200 -0.50400200 -0.25299500 -0.82581700 0.25154600 -0.95768400 0.13987300 -0.82626000 -0.13723500 0.54631400
0.07110800 0.03870900 -0.05393900 -0.50571400 -0.25010000 -0.82565200 0.24592300 -0.95913800 0.13990600 -0.82690600 -0.13229400 0.54655600
0.07110900 0.03870900 -0.05393300 -0.50571700 -0.25009900 -0.82565000 0.24590900 -0.95914100 0.13991400 -0.82690800 -0.13227800 0.54655600
0.07110600 0.03871400 -0.05392900 -0.50571600 -0.25010400 -0.82564900 0.24591400 -0.95913900 0.13991700 -0.82690700 -0.13228100 0.54655700
0.07106400 0.03872200 -0.05391900 -0.50575700 -0.25032400 -0.82555800 0.24600000 -0.95908900 0.14010800 -0.82685600 -0.13222700 0.54664700
0.07102700 0.03872800 -0.05390900 -0.50579600 -0.25052100 -0.82547500 0.24607300 -0.95904500 0.14028100 -0.82681100 -0.13217400 0.54672800
0.07100800 0.03873300 -0.05390600 -0.50750200 -0.24766100 -0.82529000 0.24045600 -0.96045800 0.14035800 -0.82741800 -0.12721400 0.54698600
0.07097000 0.03875400 -0.05389900 -0.50868500 -0.24577000 -0.82512800 0.23660900 -0.96139300 0.14049000 -0.82780100 -0.12376700 0.54719800
0.07096300 0.03874900 -0.05390200 -0.51008400 -0.24738200 -0.82378100 0.23521900 -0.96135700 0.14305000 -0.82733600 -0.12080200 0.54856200
0.07097500 0.03874300 -0.05390600 -0.51007100 -0.24733200 -0.82380400 0.23520500 -0.96136800 0.14300200 -0.82734800 -0.12082100 0.54854000
0.07097900 0.03873800 -0.05390900 -0.51007000 -0.24733000 -0.82380500 0.23520600 -0.96136800 0.14299900 -0.82734800 -0.12082500 0.54853900
0.07099600 0.03871700 -0.05392300 -0.51173400 -0.24432800 -0.82366900 0.22953400 -0.96274100 0.14297500 -0.82791300 -0.11589500 0.54875000
0.07100300 0.03868200 -0.05394500 -0.51175300 -0.24441000 -0.82363200 0.22957100 -0.96272200 0.14304400 -0.82789100 -0.11587900 0.54878600
0.07099300 0.03867000 -0.05395300 -0.51176900 -0.24449300 -0.82359800 0.22961300 -0.96270200 0.14311000 -0.82787000 -0.11587000 0.54882000
0.07098500 0.03866400 -0.05396200 -0.51177400 -0.24456500 -0.82357400 0.22967300 -0.96268200 0.14315300 -0.82785000 -0.11589100 0.54884600
0.07098500 0.03866100 -0.05395800 -0.51178300 -0.24457900 -0.82356400 0.22966100 -0.96268100 0.14317600 -0.82784800 -0.11586600 0.54885500
0.07098500 0.03866300 -0.05396300 -0.51177700 -0.24458800 -0.82356500 0.22968900 -0.96267600 0.14316900 -0.82784400 -0.11589300 0.54885400
0.07098300 0.03866000 -0.05396500 -0.51178000 -0.24460800 -0.82355700 0.22969900 -0.96267100 0.14318500 -0.82783900 -0.11589100 0.54886200
0.07097800 0.03865300 -0.05398200 -0.51177700 -0.24466100 -0.82354300 0.22976800 -0.96265200 0.14320200 -0.82782200 -0.11593700 0.54887800
0.07096900 0.03863900 -0.05401400 -0.51174500 -0.24465300 -0.82356600 0.22985000 -0.96264100 0.14314400 -0.82781900 -0.11604400 0.54886000
0.07096300 0.03862800 -0.05403200 -0.51174600 -0.24472600 -0.82354400 0.22992800 -0.96261700 0.14317700 -0.82779700 -0.11608600 0.54888500
0.07095200 0.03861200 -0.05407300 -0.51173700 -0.24485900 -0.82351000 0.23010000 -0.96257000 0.14322000 -0.82775500 -0.11619800 0.54892500
0.07093600 0.03857700 -0.05410700 -0.51176600 -0.24506800 -0.82342900 0.23024300 -0.96251400 0.14336500 -0.82769700 -0.11622000 0.54900800
0.07091900 0.03854800 -0.05413100 -0.51180100 -0.24527300 -0.82334600 0.23036300 -0.96246200 0.14351900 -0.82764200 -0.11621500 0.54909200
0.07090900 0.03853400 -0.05414100 -0.51182200 -0.24537400 -0.82330300 0.23041100 -0.96243800 0.14360100 -0.82761500 -0.11620000 0.54913400
0.07089300 0.03850600 -0.05415900 -0.51351700 -0.24256600 -0.82308000 0.22482000 -0.96373700 0.14375400 -0.82810300 -0.11122500 0.54942900
0.07089000 0.03847300 -0.05418100 -0.51354500 -0.24269900 -0.82302300 0.22488900 -0.96370500 0.14386000 -0.82806700 -0.11121000 0.54948600
0.07088600 0.03845000 -0.05419500 -0.51354100 -0.24268000 -0.82303100 0.22488100 -0.96371000 0.14384300 -0.82807200 -0.11121500 0.54947800
0.07087900 0.03838900 -0.05426400 -0.51356600 -0.24295700 -0.82293400 0.22512500 -0.96362900 0.14400200 -0.82799000 -0.11130800 0.54958400
0.07084400 0.03830900 -0.05436900 -0.51360700 -0.24344700 -0.82276400 0.22555500 -0.96348600 0.14428300 -0.82784800 -0.11147400 0.54976400
0.07081400 0.03825600 -0.05442700 -0.51362600 -0.24367500 -0.82268400 0.22575100 -0.96342000 0.14441700 -0.82778200 -0.11154600 0.54984800
0.07074500 0.03813500 -0.05457700 -0.51534300 -0.24139300 -0.82228300 0.22067000 -0.96453100 0.14485400 -0.82808500 -0.10680400 0.55033300
0.07064700 0.03805900 -0.05476400 -0.51859200 -0.23612900 -0.82176900 0.21014600 -0.96682800 0.14519400 -0.82879400 -0.09739500 0.55101000
0.07056600 0.03801900 -0.05496200 -0.52484500 -0.22467200 -0.82101100 0.18826800 -0.97128800 0.14544200 -0.83011500 -0.07823500 0.55207500
0.07052700 0.03801100 -0.05505700 -0.52772300 -0.21913800 -0.82066100 0.17781300 -0.97324100 0.14553900 -0.83059600 -0.06912000 0.55256700
0.07045000 0.03796900 -0.05523300 -0.53075900 -0.21315100 -0.82028100 0.16659600 -0.97521300 0.14561500 -0.83098700 -0.05937000 0.55311300
0.07037200 0.03789200 -0.05538600 -0.53106600 -0.20793600 -0.82141900 0.16102000 -0.97652200 0.14309500 -0.83188900 -0.05627200 0.55208000
0.07034000 0.03782300 -0.05552100 -0.53236600 -0.20480000 -0.82136600 0.15558200 -0.97743500 0.14287400 -0.83209300 -0.05172800 0.55221600
0.07032500 0.03778800 -0.05558600 -0.53371900 -0.20167800 -0.82126000 0.14996700 -0.97832500 0.14278800 -0.83225800 -0.04695300 0.55239600
0.07027500 0.03769200 -0.05569200 -0.53882000 -0.18447700 -0.82197300 0.12254600 -0.98251300 0.14017500 -0.83345900 -0.02520000 0.55200500
0.07024700 0.03758800 -0.05577900 -0.53894700 -0.16609900 -0.82580000 0.10187700 -0.98602100 0.13183700 -0.83615500 -0.01307700 0.54833500
0.07026900 0.03752400 -0.05582100 -0.53595400 -0.15998700 -0.82894800 0.10044400 -0.98698900 0.12554700 -0.83825000 -0.01597500 0.54505100
0.07039200 0.03736200 -0.05592300 -0.53178200 -0.14575400 -0.83424400 0.08543800 -0.98928500 0.11838000 -0.84256000 -0.00832400 0.53853700
0.07047400 0.03721700 -0.05599500 -0.52817600 -0.13814700 -0.83782100 0.07710900 -0.99040300 0.11469500 -0.84562600 -0.00402500 0.53375900
0.07049300 0.03716600 -0.05601600 -0.52895600 -0.12623200 -0.83920700 0.06035900 -0.99196600 0.11116500 -0.84649900 0.00814800 0.53232600
0.07047600 0.03711700 -0.05600800 -0.52110300 -0.11979400 -0.84504400 0.05659600 -0.99277100 0.10583500 -0.85161400 0.00732500 0.52411600
0.07036100 0.03713500 -0.05592500 -0.51734600 -0.11996700 -0.84732500 0.05511300 -0.99274000 0.10690600 -0.85399900 0.00860900 0.52020200
0.07018800 0.03716100 -0.05577300 -0.51438700 -0.12138600 -0.84892300 0.05410000 -0.99255200 0.10914200 -0.85584900 0.01021500 0.51712300
0.07008100 0.03717200 -0.05568900 -0.51359800 -0.12208600 -0.84930000 0.05378400 -0.99245900 0.11014000 -0.85634300 0.01088900 0.51629100
0.06990200 0.03715500 -0.05553600 -0.51196400 -0.12405200 -0.85000100 0.05327700 -0.99219700 0.11271600 -0.85735200 0.01242100 0.51457900
0.06985300 0.03707300 -0.05547800 -0.51224400 -0.12405500 -0.84983200 0.05292100 -0.99219100 0.11293700 -0.85720700 0.01287700 0.51480900
0.06991800 0.03702900 -0.05550600 -0.51080100 -0.12147700 -0.85107200 0.05248600 -0.99252600 0.11016600 -0.85809500 0.01160300 0.51335900
0.07026600 0.03686900 -0.05565700 -0.49764800 -0.11116500 -0.86022500 0.06678400 -0.99371900 0.08978100 -0.86480400 -0.01277000 0.50194700
0.07087200 0.03646900 -0.05588100 -0.46997400 -0.09473500 -0.87758100 0.11158300 -0.99262300 0.04739700 -0.87559800 -0.07564800 0.47707800
0.07157800 0.03601600 -0.05611200 -0.44325100 -0.04791200 -0.89511500 0.12260900 -0.99242500 -0.00759400 -0.88797200 -0.11311500 0.44576800
0.07196700 0.03582200 -0.05622600 -0.43864900 -0.03329200 -0.89804000 0.11571700 -0.99308600 -0.01970600 -0.89117600 -0.11256300 0.43946900
0.07273400 0.03551700 -0.05640500 -0.43373900 -0.01413100 -0.90092700 0.10255500 -0.99415300 -0.03378100 -0.89518200 -0.10704700 0.43265200
0.07341600 0.03526900 -0.05643900 -0.42824800 0.01741700 -0.90349200 0.06329900 -0.99677900 -0.04921900 -0.90144000 -0.07826800 0.42576700
0.07377300 0.03516000 -0.05644200 -0.42513100 0.03992500 -0.90425000 0.02580300 -0.99808600 -0.05619900 -0.90476300 -0.04722400 0.42328700
0.07445000 0.03489300 -0.05635200 -0.42022000 0.06543600 -0.90505900 -0.01652400 -0.99778200 -0.06446700 -0.90727100 -0.01213500 0.42037000
0.07510800 0.03458200 -0.05618400 -0.39852300 0.11920800 -0.90937700 -0.07820300 -0.99232200 -0.09581000 -0.91381700 0.03293300 0.40478600
0.07567200 0.03432200 -0.05587500 -0.37277100 0.17594400 -0.91108900 -0.17063300 -0.97811300 -0.11907300 -0.91209900 0.11107500 0.39463400
0.07587800 0.03425000 -0.05565800 -0.36459100 0.19549700 -0.91041400 -0.22034100 -0.96805700 -0.11963600 -0.90472200 0.15698300 0.39602100
0.07611300 0.03424200 -0.05514700 -0.34265400 0.23644100 -0.90922000 -0.32605500 -0.93758200 -0.12093800 -0.88106400 0.25501600 0.39835900
0.07619400 0.03435400 -0.05457000 -0.32028600 0.26980300 -0.90808600 -0.41913600 -0.90001400 -0.11957400 -0.84955300 0.34231400 0.40134700
0.07619300 0.03444000 -0.05428800 -0.31164400 0.27887300 -0.90835400 -0.43705600 -0.89090500 -0.12356800 -0.84371800 0.35849200 0.39952800
0.07609100 0.03462400 -0.05359700 -0.28242300 0.30204500 -0.91049600 -0.45807200 -0.87639700 -0.14864600 -0.84285500 0.37509300 0.38587300
0.07600600 0.03479300 -0.05274200 -0.21985500 0.34498100 -0.91249700 -0.48169000 -0.85179100 -0.20597400 -0.84831500 0.39425600 0.35344500
0.07596300 0.03500000 -0.05172500 -0.18505900 0.36894000 -0.91084300 -0.48586000 -0.84000100 -0.24153100 -0.85422000 0.39784500 0.33470300
0.07592900 0.03510100 -0.05116200 -0.16956900 0.37883800 -0.90979500 -0.48905200 -0.83382500 -0.25605400 -0.85561300 0.40151900 0.32666200
0.07586500 0.03532200 -0.05002300 -0.14458200 0.39114300 -0.90890100 -0.49536200 -0.82377200 -0.27571000 -0.85657000 0.41037300 0.31286000
0.07576100 0.03551500 -0.04897900 -0.12894100 0.39006500 -0.91171400 -0.50035000 -0.81936800 -0.27979300 -0.85616700 0.42010000 0.30081900
0.07569500 0.03560300 -0.04851800 -0.11671500 0.38582000 -0.91516100 -0.50118400 -0.81840700 -0.28111100 -0.85743300 0.42585400 0.28888600
0.07561300 0.03572400 -0.04786500 -0.07933200 0.37005700 -0.92561500 -0.50161100 -0.81723800 -0.28373700 -0.86144700 0.44178900 0.25045800
0.07554700 0.03576400 -0.04749400 -0.02386800 0.33949000 -0.94030600 -0.49887500 -0.81913800 -0.28308100 -0.86634400 0.46233900 0.18891400
0.07550800 0.03570600 -0.04742500 0.03089800 0.29815600 -0.95401600 -0.46354500 -0.84134700 -0.27795700 -0.88553400 0.45081800 0.11221200
0.07545700 0.03565700 -0.04747700 0.06447700 0.27495800 -0.95929100 -0.44546100 -0.85227100 -0.27422300 -0.89297600 0.44500800 0.06753100
0.07528200 0.03553100 -0.04767400 0.11396700 0.23133400 -0.96617500 -0.40297000 -0.87815600 -0.25779200 -0.90808900 0.41872000 -0.00686100
0.07489800 0.03540700 -0.04796100 0.13595000 0.18742700 -0.97282400 -0.38120600 -0.89644400 -0.22598400 -0.91443800 0.40156900 -0.05042300
